0
0
0
0.0004329
0.0034632
0.00454545
0.00649351
0.0103896
0.0025974
0.0255411
0.000865801
0.0348485
0.0116883
0.00151515
0.0480519
0.0004329
0.00670996
0.0225108
0.0158009
0.00411255
0.00021645
0.0798701
0
0.00108225
0.011039
0.0004329
0.0287879
0.0025974
0.0478355
0.00108225
0.00606061
0.0004329
0.0348485
0.0012987
0.019697
0.0121212
0.00735931
0.00108225
0.00238095
0.00151515
0.000865801
0
0
0.140476
0.00021645
0.0004329
0.00021645
0.00021645
0.000649351
0.000865801
0.0017316
0.00584416
0
0.0112554
0
0.000865801
0
0.0147186
0.00021645
0
0.0047619
0.00021645
0
0
0.0168831
0
0
0
0.00108225
0
0
0.00692641
0
0
0.00324675
0
0
0.000649351
0.00021645
0
0
0
0
0
0
0.0233766
0
0
0
0
0
0
0.0004329
0
0.0004329
0
0.0034632
0
0
0.00497836
0
0
0.0030303
0.00021645
0
0
0.00974026
0
0
0.000649351
0
0.0021645
0
0.004329
0
0.00108225
0
0.00367965
0.0004329
0.00194805
0.00108225
0.000649351
0.00108225
0.0004329
0.00021645
0
0
0
0.0192641
0
0
0.0004329
0.0004329
0.00021645
0.0004329
0
0.0004329
0
0.00108225
0
0
0
0.00151515
0
0
0.000865801
0.00021645
0
0
0.00367965
0
0
0
0.0004329
0
0
0.0025974
0.00021645
0.00021645
0.0004329
0
0
0.0004329
0
0.000865801
0.00021645
0
0.0004329
0
0
0.0155844
0
0
0.00108225
0.00108225
0.000649351
0.0004329
0.0012987
0.0004329
0.0012987
0.00021645
0.0025974
0.000649351
0
0.0012987
0
0
0.00021645
0.0004329
0.00021645
0
0.00519481
0
0
0.00021645
0
0.000649351
0.00021645
0.0012987
0
0
0
0.00151515
0
0.000649351
0
0
0
0
0
0
0
0
0.0145022
0
0
0
0
0
0
0
0.0004329
0.00021645
0.000649351
0
0
0
0.0021645
0
0
0.0004329
0.0004329
0
0
0.0125541
0
0
0.00021645
0.00151515
0
0
0.00735931
0
0.00021645
0.00519481
0
0.00021645
0.0038961
0.0012987
0.0012987
0.00021645
0.000649351
0.000865801
0
0
0.138312