0
0
0
0
0
0
0
0.000392157
0
0.000392157
0
0.000392157
0
0
0.00117647
0
0
0.000784314
0
0
0
0.00313725
0
0
0
0
0.000392157
0
0.000784314
0
0
0
0.000392157
0
0.000392157
0
0
0
0
0
0
0
0
0.00784314
0
0
0
0
0
0
0
0.000392157
0
0
0
0
0
0
0
0
0
0
0.000392157
0
0.00117647
0
0
0
0.000392157
0
0
0.000392157
0
0
0
0
0
0
0
0
0
0
0
0
0
0.000784314
0
0
0
0
0
0
0
0
0
0
0.000392157
0
0
0.000392157
0
0
0
0
0
0
0.000392157
0
0
0
0
0.000784314
0
0
0
0
0
0
0
0
0
0
0
0
0
0
0
0
0.00509804
0
0
0
0
0
0.000784314
0.000392157
0.00196078
0.000392157
0.00313725
0.000392157
0.00156863
0
0.0054902
0.00235294
0.000392157
0.00705882
0.0054902
0.00705882
0.0105882
0.0439216
0.0305882
0.0447059
0.0345098
0.0552941
0.0513726
0.0317647
0.0533333
0.0321569
0.0321569
0.0333333
0.00509804
0.0207843
0.0278431
0.0113725
0.0133333
0.0129412
0.00392157
0.00235294
0.000784314
0.000392157
0.131765
0
0
0.000392157
0.00117647
0.0027451
0.00196078
0.00392157
0.000784314
0.00823529
0
0.0172549
0.0027451
0.000784314
0.027451
0
0.00117647
0.00117647
0.000784314
0.00117647
0
0.0321569
0
0
0.000784314
0
0.00313725
0.000784314
0.0109804
0
0.000392157
0
0.00352941
0
0.000784314
0.000784314
0.000392157
0
0
0
0
0
0
0.0337255
0
0
0
0
0
0.000392157
0
0.00156863
0
0.00117647
0
0.000392157
0
0.00666667
0.000392157
0
0.000784314
0
0.000392157
0
0.0196078
0
0.000392157
0.000392157
0.00196078
0.00156863
0.000392157
0.00941176
0.000392157
0.000784314
0.0054902
0.000392157
0.000784314
0.00196078
0
0.000392157
0.000392157
0
0
0
0
0.0372549