0
0
0
0
0
0.00356718
0.00475624
0.00475624
0
0.020214
0
0.0535077
0.0118906
0.00118906
0.059453
0
0.00356718
0.020214
0.00832342
0.00118906
0
0.0808561
0
0.00118906
0.00713436
0
0.0297265
0.00237812
0.0321046
0.00118906
0.00118906
0
0.0166468
0
0.0059453
0.00118906
0
0
0.00118906
0.00118906
0
0
0
0.0606421
0
0
0
0.00118906
0
0
0.00118906
0
0.00118906
0
0
0
0
0.00237812
0
0
0.00118906
0
0
0
0.00713436
0
0
0
0
0
0
0
0
0
0.00118906
0
0
0
0.00118906
0
0
0
0
0
0
0.0130797
0
0
0
0
0
0
0
0
0
0
0
0
0
0.00356718
0
0
0
0
0
0
0.00237812
0
0
0
0
0
0
0.00475624
0
0
0
0.00118906
0
0
0.00118906
0
0
0.00118906
0
0
0
0
0.0380499
0
0
0
0
0
0
0.00118906
0.00118906
0
0.00118906
0
0.00118906
0
0.00356718
0
0
0.00237812
0.00237812
0
0
0.0118906
0
0
0.00118906
0
0
0
0.00237812
0
0
0.00118906
0
0
0.00237812
0.00118906
0
0.00237812
0
0
0
0
0.0523187
0
0
0
0.00118906
0
0
0
0
0.00237812
0
0.00118906
0
0
0.00237812
0
0
0
0
0
0
0.019025
0
0
0
0
0
0
0.00832342
0
0
0
0
0
0
0
0
0
0
0
0
0
0
0.039239
0
0
0
0
0
0.00118906
0
0.00118906
0
0
0
0
0
0.00237812
0
0
0.00118906
0
0
0
0.0344828
0
0
0
0.00118906
0
0
0.00713436
0
0
0.0059453
0
0
0.00237812
0
0
0
0
0
0
0
0.263971