0
0
0
0
0
0.00865801
0.00649351
0.0021645
0.0021645
0.0151515
0.0021645
0.0238095
0.0151515
0.0151515
0.0411255
0.00649351
0.0238095
0.0281385
0.0238095
0.017316
0.0021645
0.0670996
0
0.0021645
0.017316
0
0.012987
0.017316
0.038961
0
0.00865801
0
0.012987
0
0.0108225
0.0021645
0.004329
0
0
0
0
0
0
0.0606061
0
0
0
0
0.0021645
0
0
0
0
0.00649351
0
0
0
0.00649351
0
0
0
0
0
0
0.004329
0
0
0
0
0
0
0.004329
0
0
0
0
0
0.0021645
0
0
0
0
0
0
0
0.030303
0
0
0
0
0
0
0
0
0.0021645
0
0.0021645
0
0
0.00649351
0
0
0.0021645
0
0
0
0.0108225
0
0
0
0
0
0
0.0021645
0
0
0
0.0021645
0
0.0021645
0.00649351
0
0.0021645
0
0
0
0
0
0.0411255
0
0
0
0
0
0
0.0021645
0.0021645
0
0.00865801
0
0
0
0.0108225
0
0
0.004329
0.0021645
0
0
0.0151515
0
0
0
0
0
0
0.00865801
0
0
0
0
0
0.0021645
0
0
0
0
0
0
0
0.0714286
0
0
0
0
0
0.0021645
0
0
0.0021645
0
0.0021645
0
0
0.00649351
0
0
0
0
0
0
0.0108225
0
0
0
0
0
0
0.004329
0
0
0
0
0
0
0
0
0
0
0
0
0
0
0.0411255
0
0
0
0
0
0
0
0
0
0
0
0
0
0.00649351
0
0
0
0
0
0
0.0108225
0
0
0
0
0
0
0.00649351
0
0
0.0021645
0
0
0
0.0021645
0
0
0
0
0
0
0.149351