0
0
0.00047259
0.00189036
0.00236295
0.0047259
0.00330813
0.00756144
0.00330813
0.0108696
0.00283554
0.0127599
0.0094518
0.00378072
0.0250473
0.00567108
0.010397
0.0132325
0.0137051
0.00992439
0.00236295
0.0411153
0.00047259
0.010397
0.0146503
0.00425331
0.0160681
0.00897921
0.0283554
0.00047259
0.0108696
0.00094518
0.0189036
0.00330813
0.0146503
0.00992439
0.00519849
0.0047259
0.00189036
0
0
0
0
0.0845936
0
0.00047259
0
0.00047259
0.00094518
0.00047259
0.00283554
0.00189036
0
0.00661626
0
0.00047259
0
0.00850662
0
0
0.00283554
0.00047259
0.00047259
0
0.0108696
0.00047259
0.00047259
0.00094518
0.00047259
0
0
0.0047259
0.00047259
0
0.00094518
0
0
0.00047259
0.00047259
0
0.00094518
0
0
0
0
0.0122873
0
0
0
0
0.00047259
0
0.00047259
0
0.00047259
0.00047259
0.00094518
0.00047259
0.00047259
0.00283554
0
0.00047259
0.00094518
0.00047259
0.00047259
0
0.00614367
0
0
0.00141777
0
0.00189036
0.00047259
0.00330813
0
0.00047259
0
0.00141777
0.00094518
0.00236295
0.00094518
0.00047259
0
0
0
0.00141777
0
0
0.0363894
0
0.00189036
0.00283554
0.00330813
0.00236295
0.00803403
0.00897921
0.010397
0.00567108
0.0127599
0.00992439
0.010397
0.00661626
0.0141777
0.0118147
0.0118147
0.0189036
0.0151229
0.00992439
0.0132325
0.0170132
0.0113422
0.010397
0.010397
0.00519849
0.00614367
0.00425331
0.00425331
0.00189036
0.00094518
0.00236295
0.00094518
0.00047259
0.00236295
0.00330813
0.00047259
0
0
0.00094518
0.00047259
0
0.0198488
0
0.00047259
0
0.00141777
0.00047259
0.00047259
0.00047259
0
0.00047259
0
0.00236295
0
0.00047259
0.00141777
0
0.00047259
0.00094518
0
0
0.00047259
0.00708885
0
0.00047259
0.00047259
0
0.00094518
0
0.00189036
0
0.00047259
0
0.00094518
0
0.00094518
0.00047259
0
0
0
0
0
0
0
0.0222117
0
0
0
0
0
0
0
0.00047259
0
0.00094518
0
0.00047259
0
0.00425331
0
0
0.00047259
0.00047259
0
0
0.00803403
0
0
0.00141777
0.00330813
0
0
0.00614367
0.00047259
0.00141777
0.00236295
0
0
0.00283554
0.00094518
0.00047259
0.00094518
0.00047259
0
0.00094518
0
0.0860113