0
0
0
0
0
0
0
0
0
0
0
0
0
0
0.00127714
0
0
0
0
0
0
0.00510856
0
0
0
0
0
0
0.00127714
0
0
0
0.00127714
0
0
0
0
0
0
0
0
0
0
0.00127714
0
0
0
0
0
0
0
0
0
0
0
0
0
0
0
0
0
0
0
0
0.00127714
0
0
0
0.00127714
0
0
0
0
0
0
0
0
0
0
0
0
0
0
0
0
0.00127714
0
0
0
0
0
0
0
0
0
0
0
0
0
0.00127714
0
0
0
0
0
0
0.00127714
0
0
0
0
0
0
0.00255428
0
0.00127714
0
0
0
0
0
0.00127714
0
0
0
0
0
0
0.0127714
0
0
0.00127714
0
0
0
0
0.00127714
0.00127714
0.00893997
0.00255428
0.00893997
0
0.0127714
0.00766284
0.00255428
0.0153257
0.0204342
0.0127714
0.00766284
0.0434227
0.0166028
0.0255428
0.0408685
0.0498084
0.0332056
0.0280971
0.0561941
0.0229885
0.0408685
0.0395913
0.0102171
0.0268199
0.0255428
0.0153257
0.0153257
0.0153257
0.0166028
0.0063857
0
0
0.14304
0
0
0.00127714
0.00255428
0.00127714
0.00510856
0.00766284
0.00127714
0.0127714
0
0.0114943
0.00255428
0
0.0204342
0
0.00127714
0.0063857
0.00510856
0
0
0.0204342
0
0
0.00255428
0
0
0.00255428
0.0114943
0
0.00255428
0
0.00255428
0
0
0
0
0.00127714
0
0
0
0
0
0.0178799
0
0
0
0.00127714
0
0
0
0.00255428
0
0.00127714
0.00127714
0
0.00127714
0.00383142
0
0
0.00383142
0.00127714
0
0
0.00383142
0
0
0
0
0
0
0.00255428
0
0
0
0
0
0
0
0
0.00127714
0
0
0
0
0.0255428