0
0
0
0
0
0
0.00017316
0.00034632
0
0.00017316
0
0.00103896
0
0.00034632
0.000692641
0
0
0.00017316
0.00017316
0
0
0.00121212
0
0
0
0
0.00017316
0
0.000865801
0
0.00017316
0
0.00034632
0.00017316
0
0.00017316
0
0
0
0
0
0
0
0.00311688
0
0
0
0
0
0
0
0
0
0
0
0
0
0
0
0
0
0
0
0
0.00017316
0
0.00017316
0
0
0
0
0
0
0
0
0
0
0
0
0
0
0
0
0
0
0.000865801
0
0
0
0
0
0
0
0
0.00017316
0
0
0
0
0
0
0
0
0
0
0
0.00034632
0
0
0
0
0
0
0.00017316
0
0
0
0
0
0
0
0
0
0
0
0
0
0
0.00329004
0
0
0
0.00034632
0.00017316
0
0.00017316
0.00051948
0
0.00034632
0.00017316
0.00017316
0
0.00311688
0.000865801
0
0.00502165
0.00831169
0.00761905
0.0102165
0.0455411
0.0441558
0.0547186
0.048658
0.0678788
0.0424242
0.030303
0.061645
0.0316883
0.0297836
0.0398268
0.00311688
0.0176623
0.0261472
0.0187013
0.0116017
0.012987
0.00329004
0.00034632
0.000692641
0
0.165541
0
0
0.00017316
0.000865801
0.0017316
0.00103896
0.0017316
0.00017316
0.00450216
0
0.0121212
0.00051948
0.00017316
0.0268398
0.00017316
0.00017316
0.00138528
0.00017316
0.00017316
0
0.0415584
0
0.00017316
0.00034632
0
0.00051948
0
0.0105628
0
0.00017316
0.00017316
0.00138528
0
0.00017316
0.00034632
0
0.00017316
0
0
0
0
0
0.0360173
0
0
0
0
0
0
0.00034632
0.00017316
0
0.00103896
0
0
0
0.00536797
0
0
0.00034632
0.00017316
0
0
0.0102165
0
0.00017316
0.00017316
0.00138528
0.00017316
0.00017316
0.00398268
0
0
0.00207792
0
0
0.00121212
0.00034632
0.00017316
0
0
0
0
0
0.0206061