0
0
0
0.0020202
0.00151515
0.00555556
0.00353535
0.00555556
0.0030303
0.0121212
0.0030303
0.0151515
0.010101
0.00606061
0.0227273
0.00707071
0.00757576
0.00909091
0.0116162
0.010101
0.00454545
0.0484848
0.000505051
0.00757576
0.0181818
0.00505051
0.0181818
0.0151515
0.0287879
0.00353535
0.0232323
0.00353535
0.0242424
0.0040404
0.0166667
0.0136364
0.00656566
0.0020202
0.0010101
0.000505051
0
0.000505051
0
0.0626263
0
0.0010101
0
0
0
0.00151515
0.00252525
0.0040404
0.000505051
0.00555556
0.000505051
0.0010101
0
0.00707071
0.000505051
0
0.0020202
0.00151515
0
0
0.0186869
0
0.000505051
0.000505051
0.000505051
0
0
0.00656566
0
0
0.00151515
0.000505051
0
0.000505051
0
0
0
0
0
0
0
0.0176768
0
0.000505051
0
0.000505051
0
0
0.000505051
0.000505051
0.0010101
0
0.000505051
0
0.000505051
0.00252525
0.000505051
0
0
0
0
0
0.00555556
0
0.0010101
0.0010101
0
0
0
0.0020202
0
0.0020202
0.0010101
0.0020202
0.0010101
0.0020202
0.000505051
0
0.0010101
0.0010101
0
0.0010101
0.000505051
0
0.050505
0
0.00151515
0.00353535
0.0020202
0.0010101
0.0040404
0.00707071
0.00757576
0.00808081
0.0111111
0.0126263
0.010101
0.0106061
0.0146465
0.0136364
0.0121212
0.0146465
0.010101
0.00656566
0.0131313
0.0141414
0.0126263
0.00555556
0.0040404
0.00606061
0.0040404
0.00151515
0.00353535
0.0020202
0.0020202
0.0020202
0
0.000505051
0.00151515
0.00151515
0.00252525
0.0010101
0.0010101
0
0
0
0.0176768
0
0
0.000505051
0
0
0
0.000505051
0
0.000505051
0
0.0010101
0.00151515
0.000505051
0.0040404
0
0.000505051
0.00151515
0
0.000505051
0
0.00454545
0
0
0.0010101
0
0.000505051
0.0010101
0.0010101
0
0
0
0.0010101
0
0.000505051
0.000505051
0
0
0
0.000505051
0
0
0
0.0131313
0
0
0
0
0
0
0.000505051
0.00151515
0
0.00151515
0
0
0
0.00454545
0.0010101
0
0.0020202
0.000505051
0
0
0.00707071
0.000505051
0.0010101
0.00151515
0.0020202
0.00151515
0
0.00353535
0.000505051
0.0010101
0.0040404
0
0
0.00151515
0.00252525
0
0.00151515
0.000505051
0
0.000505051
0
0.0782828