0
0
0
0.000725795
0.0024677
0.00188707
0.00188707
0.00232254
0.00217738
0.00420961
0.00203223
0.00682247
0.00449993
0.00827406
0.0107418
0.00958049
0.0108869
0.010016
0.0105966
0.00783858
0.0056612
0.0088547
0.0024677
0.0056612
0.00275802
0.00130643
0.0024677
0.000290318
0.00174191
0.000290318
0.000435477
0
0.000435477
0.000870954
0.000290318
0.000145159
0.000290318
0
0.000145159
0
0
0
0
0.00159675
0
0
0
0
0
0
0
0
0
0.000435477
0
0
0
0.000290318
0.000145159
0
0
0
0
0
0.00101611
0
0
0
0
0
0
0.000290318
0
0
0.000145159
0
0
0
0
0
0
0
0
0
0
0.00116127
0
0
0
0
0
0
0
0
0
0
0.000145159
0
0
0.000290318
0
0
0
0
0
0
0.000725795
0
0
0
0
0
0
0.000290318
0
0
0
0.000145159
0
0.000435477
0
0.000145159
0
0
0
0
0
0
0.00391929
0
0
0
0.000580636
0.00290318
0.00188707
0.00145159
0.00275802
0.0024677
0.0031935
0.00159675
0.00595152
0.00130643
0.0104514
0.00870954
0.00217738
0.0114676
0.0123385
0.0088547
0.00522572
0.0258383
0.0214835
0.0239512
0.0328059
0.0290318
0.0313543
0.0293221
0.0375962
0.0335317
0.0573378
0.209174
0.11874
0.0285963
0.0220642
0.0139353
0.0056612
0.00377413
0.00145159
0.000725795
0.000580636
0
0.0105966
0
0
0.000145159
0.000290318
0.000435477
0.000870954
0.000870954
0.000145159
0.000435477
0.000290318
0.000580636
0.000435477
0.000145159
0.00101611
0.000145159
0.000290318
0.000435477
0.000290318
0
0
0.00203223
0
0
0.000290318
0
0.000435477
0.000435477
0.000580636
0
0.000435477
0
0.000290318
0
0.000290318
0.000145159
0.000290318
0
0
0
0
0
0
0.00232254
0
0
0.000145159
0
0
0.000290318
0
0.000435477
0.000290318
0.000290318
0.000145159
0.000580636
0
0.000580636
0.000290318
0
0.000435477
0.000290318
0
0
0.00130643
0
0.000435477
0.000145159
0.000435477
0.000145159
0
0.000435477
0
0.000290318
0.000725795
0.000145159
0.000145159
0.000725795
0.000870954
0.000725795
0.000580636
0
0
0
0
0.0116127