0
0
0
0
0
0
0
0
0
0
0
0
0
0
0
0
0
0
0
0
0
0
0
0
0
0
0
0
0
0
0
0
0
0
0
0
0
0
0
0
0
0
0
0
0
0
0
0
0
0
0
0
0
0
0
0
0
0
0
0
0
0
0
0
0
0
0
0
0
0
0
0
0
0
0
0
0
0
0
0
0
0
0
0
0
0
0
0
0
0
0
0
0
0
0
0
0
0
0
0
0
0
0
0
0
0
0
0
0
0
0.0021645
0
0
0
0
0.0021645
0
0
0.0021645
0.004329
0
0.0021645
0
0
0.0021645
0
0
0
0.0021645
0
0
0
0.0021645
0.0021645
0.0021645
0.0021645
0.0021645
0.0021645
0.0021645
0.0021645
0.0021645
0.004329
0.004329
0.004329
0.004329
0.0108225
0.00649351
0.0151515
0.00865801
0.0194805
0.034632
0.0411255
0.0411255
0.0497836
0.0606061
0.0692641
0.0844156
0.0865801
0.0952381
0.0995671
0.0541126
0.0562771
0.0281385
0.025974
0.00865801
0.00649351
0.0194805
0.0021645
0.004329
0
0.00649351
0
0.004329
0
0
0
0.0021645
0
0.0021645
0
0
0.0021645
0
0
0
0
0
0
0
0
0
0
0
0
0
0
0
0
0
0
0
0
0
0
0
0
0
0
0
0
0
0
0
0
0
0
0
0
0
0
0
0
0
0
0
0
0
0
0
0
0
0
0
0
0
0
0
0
0
0
0
0
0
0
0
0
0
0
0
0
0
0
0
0
0
0