0
0
0
0
0
0
0
0
0
0
0
0
0
0
0
0
0
0
0
0
0
0
0
0
0
0
0
0
0
0
0
0
0
0
0
0
0
0
0
0
0
0
0
0
0
0
0
0
0
0
0
0
0
0
0
0
0
0
0
0
0
0
0
0
0
0
0
0
0.000976563
0
0
0
0
0
0
0
0
0
0
0
0
0
0
0
0
0
0
0
0
0
0
0
0
0
0
0
0
0
0
0
0
0
0
0
0
0
0
0
0
0
0
0
0
0
0
0
0
0
0.000976563
0
0
0
0.000976563
0
0.000976563
0.00292969
0.000976563
0.000976563
0.0234375
0.000976563
0.00292969
0.00195313
0.00390625
0.00390625
0.00195313
0.00292969
0.00585938
0.00390625
0.00976563
0.00292969
0.00683594
0.0078125
0.00878906
0.00585938
0.00390625
0.00585938
0.00683594
0.00878906
0.0126953
0.0175781
0.0224609
0.0195313
0.0244141
0.0458984
0.0429688
0.0488281
0.0576172
0.0605469
0.0585938
0.0742188
0.0976563
0.111328
0.0634766
0.0185547
0.0166016
0.0136719
0.00585938
0.0107422
0.00683594
0.00195313
0.0078125
0
0.00292969
0.000976563
0.000976563
0.00292969
0.000976563
0.000976563
0
0.00195313
0.00390625
0.00195313
0.000976563
0.000976563
0
0
0.000976563
0
0.000976563
0
0
0.000976563
0
0.000976563
0
0
0
0
0
0
0
0
0
0.000976563
0
0.000976563
0
0
0.000976563
0
0
0
0
0
0
0
0
0
0
0
0
0
0
0
0
0
0
0.000976563
0
0
0
0
0
0
0
0
0
0
0
0
0
0.000976563
0
0
0
0.00195313
0
0.000976563
0
0
0
0
0
0
0
0.000976563