0
0
0
0
0
0
0
0
0
0.000675676
0.000675676
0.00135135
0.00135135
0
0.00405405
0.00135135
0.00202703
0.00135135
0.00135135
0.0027027
0.0027027
0.00472973
0.00202703
0.0027027
0.00202703
0.00337838
0.0027027
0.00337838
0.0027027
0.00202703
0.00337838
0.00540541
0.0027027
0.00337838
0.00405405
0.00202703
0.00472973
0.00608108
0.00405405
0.00337838
0.00405405
0.000675676
0
0.00472973
0
0.00135135
0.0027027
0
0.0027027
0.000675676
0
0.000675676
0.000675676
0
0.000675676
0.00135135
0.000675676
0
0
0
0
0.00135135
0.000675676
0.000675676
0.000675676
0
0
0
0
0
0
0.000675676
0
0
0
0
0
0.000675676
0
0
0
0
0
0
0
0.00135135
0
0
0
0
0
0
0
0
0
0
0
0
0
0.000675676
0
0
0
0.000675676
0
0
0.000675676
0
0
0
0
0.00135135
0
0.00135135
0
0
0
0
0
0
0.00135135
0.000675676
0
0.000675676
0.000675676
0.000675676
0.000675676
0.00202703
0.00608108
0
0.00135135
0.00202703
0.0027027
0.000675676
0.000675676
0.00337838
0.000675676
0.0027027
0.00202703
0.00337838
0.00135135
0.00608108
0.00540541
0.00810811
0.00878378
0.0209459
0.0162162
0.0236486
0.0310811
0.0371622
0.0344595
0.0277027
0.0121622
0.0304054
0.022973
0.0412162
0.0324324
0.0567568
0.14527
0.104054
0.0358108
0.0162162
0.0175676
0.0101351
0.0101351
0.00878378
0.0108108
0.0101351
0.00743243
0.00472973
0.0108108
0.00202703
0.00202703
0.0027027
0.00202703
0.0027027
0.00202703
0.00202703
0.00135135
0.00135135
0.00337838
0.00405405
0.0027027
0.000675676
0
0.000675676
0.000675676
0.000675676
0.00135135
0.000675676
0.000675676
0
0.000675676
0.000675676
0
0
0
0
0
0
0
0
0
0
0
0
0
0
0
0.000675676
0.000675676
0
0
0
0
0
0.000675676
0
0
0
0
0.000675676
0
0
0
0
0
0
0.000675676
0
0.000675676
0
0
0
0.000675676
0
0.000675676
0
0
0.000675676
0
0
0
0
0
0
0
0
0
0
0
0.000675676
0
0
0
0.000675676