0
0
0
0
0
0
0
0
0
0
0
0
0
0
0
0
0
0
0
0
0
0
0
0
0
0
0
0
0
0
0
0
0
0
0
0
0
0
0
0
0
0
0
0
0
0.000516529
0
0
0
0
0
0
0.000516529
0
0
0
0
0
0
0
0
0
0
0
0
0.000516529
0
0
0
0
0
0
0
0
0
0
0
0
0
0
0
0
0
0
0
0
0
0
0
0
0
0
0
0
0
0
0
0
0
0
0
0
0
0
0
0
0
0
0
0
0
0
0
0
0
0
0
0.000516529
0
0
0
0
0
0
0
0
0
0
0.00671488
0
0
0.000516529
0.000516529
0.000516529
0
0.00103306
0.00103306
0.000516529
0.000516529
0.00103306
0.00206612
0.00154959
0.00103306
0.00206612
0.00258264
0.00206612
0.00568182
0.00826446
0.00981405
0.0108471
0.0237603
0.0330578
0.0470041
0.0650826
0.0661157
0.0583678
0.0413223
0.0387397
0.0495868
0.072314
0.123967
0.116219
0.0454545
0.0196281
0.00981405
0.0139463
0.0129132
0.00774793
0.00568182
0.00258264
0.0160124
0.00154959
0.00516529
0.00464876
0.00516529
0.00258264
0.00309917
0.00103306
0.00206612
0.00206612
0
0.0036157
0.00258264
0.00206612
0
0.00206612
0.00103306
0
0.00103306
0
0.00103306
0.00258264
0
0.000516529
0.00206612
0.00103306
0
0.000516529
0.00103306
0
0.00206612
0
0.000516529
0.000516529
0
0.00103306
0
0
0
0.000516529
0.00103306
0
0
0.00154959
0
0.00103306
0
0
0.000516529
0
0
0
0
0
0
0
0
0
0
0
0
0
0
0
0
0
0
0
0
0
0
0.000516529
0
0
0
0
0
0
0
0
0
0
0
0
0
0.0123967