0
0
0.00211416
0.00317125
0.00317125
0.00369979
0.00581395
0.00792812
0.00581395
0.00528541
0.00951374
0.00951374
0.0147992
0.0100423
0.012685
0.019556
0.0174419
0.0089852
0.0211416
0.0290698
0.0100423
0.012685
0.00739958
0.00687104
0.00528541
0.00369979
0.00264271
0.00211416
0.00317125
0.00105708
0.00211416
0
0.000528541
0.00105708
0.00158562
0.000528541
0
0.00105708
0
0
0
0
0
0.00211416
0
0
0
0
0
0
0.000528541
0
0
0
0
0
0
0
0
0
0
0
0
0
0
0
0
0
0
0
0
0
0
0
0
0
0
0
0
0
0
0
0
0
0
0
0
0
0
0
0
0
0
0
0
0
0
0
0
0
0
0
0
0
0
0
0
0
0
0
0
0
0
0
0
0
0
0
0
0
0
0
0
0
0
0
0
0
0.00264271
0
0
0
0
0.000528541
0
0.000528541
0
0.000528541
0
0
0
0
0.000528541
0.000528541
0.00105708
0.00105708
0.00105708
0.00158562
0.000528541
0.00211416
0.00264271
0.00211416
0.00264271
0.00369979
0.00581395
0.00528541
0.00739958
0.012685
0.0243129
0.0597252
0.135835
0.108351
0.0708245
0.0179704
0.00792812
0.00845666
0.00792812
0.00792812
0.00634249
0.000528541
0.0190275
0
0.00528541
0.00528541
0.00264271
0.00422833
0.00264271
0.00105708
0.00264271
0.00211416
0.00158562
0.00264271
0.00264271
0.00634249
0.00158562
0.00317125
0.00158562
0.00264271
0.00317125
0.00211416
0.00105708
0.00422833
0
0.00264271
0.00105708
0.00105708
0.00158562
0.00211416
0.00158562
0.00211416
0.00211416
0.000528541
0.00105708
0.00158562
0.00158562
0.00369979
0.000528541
0.00105708
0.000528541
0.00105708
0
0
0
0.00581395
0
0.00105708
0.00264271
0.000528541
0.000528541
0.000528541
0.00158562
0.00264271
0.00105708
0.000528541
0.000528541
0.000528541
0.00211416
0.00158562
0.00369979
0
0.00475687
0.00264271
0.00211416
0.000528541
0.00369979
0.00158562
0.00792812
0.00475687
0.00369979
0.00264271
0.00581395
0.00792812
0.00475687
0.00264271
0.00528541
0.00211416
0.00211416
0.00475687
0.00317125
0.00317125
0.00369979
0.00634249
0.00317125
0.00158562
0
0.0147992