0
0.00292398
0
0.00292398
0
0.00292398
0.00292398
0.00584795
0
0
0
0
0
0
0
0
0.00292398
0
0.00292398
0
0.00292398
0
0
0
0.00584795
0
0
0
0.00292398
0
0
0
0
0
0
0
0
0
0
0
0.00292398
0
0
0.0204678
0.00292398
0
0
0
0
0
0
0
0
0
0
0
0
0
0
0
0
0
0
0
0
0
0
0
0.00292398
0
0
0
0
0
0
0
0
0
0
0
0
0
0
0.00292398
0
0
0
0
0
0
0
0
0
0
0
0
0
0
0
0
0
0
0
0
0
0.00292398
0
0.00292398
0
0.00292398
0
0.00292398
0.00292398
0
0
0
0
0
0
0
0
0
0
0
0.00292398
0
0
0
0.0146199
0
0
0
0
0.00292398
0
0
0
0
0
0.00292398
0
0.00292398
0
0.00292398
0.00292398
0
0
0
0.00292398
0.00292398
0
0.00584795
0
0.0116959
0.00877193
0.00584795
0.0116959
0.0116959
0.00877193
0.0467836
0.0526316
0.0467836
0.0877193
0.0672515
0.0409357
0.0614035
0.0409357
0.0146199
0.0263158
0
0.0380117
0
0.00584795
0.0175439
0.00584795
0.00292398
0.00292398
0.00877193
0.00292398
0.00877193
0.00292398
0.00584795
0.00292398
0
0.00292398
0
0
0.00292398
0
0
0
0.00877193
0
0.00292398
0.00292398
0
0.00584795
0.00292398
0.00584795
0
0
0.00584795
0
0.00584795
0.00292398
0
0.00292398
0.00584795
0
0
0
0.00292398
0
0.0116959
0
0
0
0
0
0
0.00292398
0
0
0.00292398
0
0
0.00292398
0
0
0
0
0.00292398
0
0
0.00584795
0.00292398
0.00877193
0
0.00292398
0
0.00292398
0
0.00292398
0.00292398
0.00292398
0.00292398
0.00292398
0.00584795
0.00292398
0.00584795
0
0.00292398
0
0
0
0.0847953