0.000452694
0.00452694
0.00497963
0.0113173
0.00633771
0.0135808
0.0122227
0.0108646
0.0135808
0.0140335
0.0126754
0.0158443
0.0239928
0.0194658
0.0158443
0.0113173
0.0067904
0.0126754
0.00814848
0.00497963
0.00362155
0.00407424
0.00452694
0.0067904
0.00362155
0.00497963
0.00769579
0.00497963
0.00271616
0.00588502
0.00316885
0.00316885
0.00135808
0.00316885
0.00271616
0.00181077
0.00226347
0.00271616
0.00226347
0.00181077
0.00135808
0.000452694
0.00271616
0.0294251
0.000452694
0
0
0
0
0
0
0
0
0.000452694
0
0.000452694
0
0
0
0
0
0
0
0
0.000452694
0
0
0
0.000452694
0
0
0
0
0
0
0
0
0
0
0
0
0.000452694
0
0
0
0.000452694
0
0
0
0
0
0
0
0
0
0
0.000452694
0.000452694
0
0
0
0
0
0
0
0
0
0
0
0
0
0
0
0
0
0
0
0
0
0
0
0
0
0
0
0
0
0
0.000452694
0
0
0.000452694
0
0
0.000452694
0
0
0
0
0
0
0
0.000452694
0.000452694
0
0
0.000905387
0
0
0.00135808
0
0
0.000905387
0.00135808
0.00135808
0.000905387
0.00226347
0.000905387
0.00407424
0.00543232
0.00181077
0.00407424
0.010412
0.0212766
0.0316885
0.0181077
0.073789
0.0122227
0.0819375
0
0.0706202
0
0.0131281
0.0258035
0.0067904
0.0194658
0.00633771
0.0113173
0.00995926
0.00769579
0.00769579
0.00860118
0.00407424
0.00271616
0.00452694
0.00226347
0.00181077
0.000452694
0.00271616
0.00362155
0.00226347
0.00452694
0.000452694
0.00271616
0.00226347
0.000905387
0.000452694
0.00135808
0.00271616
0.000905387
0.000905387
0.000905387
0.00135808
0.000452694
0.00226347
0.00226347
0.000452694
0.000452694
0.00181077
0
0.000905387
0
0
0.00633771
0
0.000905387
0.000905387
0.00181077
0.00135808
0.00135808
0.00226347
0.00135808
0
0.000452694
0
0.00226347
0.000905387
0.00316885
0.00226347
0.00181077
0.00181077
0.000905387
0.00135808
0
0.00452694
0.00135808
0.00181077
0.000905387
0.000905387
0.00271616
0.000905387
0.00271616
0.00181077
0.00271616
0.00135808
0
0.00135808
0.00226347
0.00226347
0.00362155
0.00181077
0.00543232
0.00633771
0.00271616
0.00271616
0.0665459