0
0.00229885
0.0103448
0.00229885
0.00229885
0.0045977
0.00574713
0.00229885
0.0091954
0.00689655
0.00689655
0.00804598
0.00344828
0.00574713
0.0091954
0.00689655
0.00344828
0.00114943
0
0.00114943
0.00229885
0.00344828
0.00114943
0
0.00229885
0.00114943
0.00114943
0.00114943
0
0.00229885
0.00114943
0.00229885
0.00114943
0
0.00229885
0.00114943
0.00114943
0
0
0
0
0.00114943
0
0.0448276
0.00229885
0
0.00114943
0.0045977
0
0.00229885
0
0
0
0
0
0.00114943
0
0
0
0
0
0.00229885
0
0
0
0
0
0
0.00114943
0
0
0
0
0
0
0
0
0
0
0
0
0
0
0
0
0.00114943
0
0
0
0
0.00114943
0
0
0
0
0
0
0
0
0
0
0
0
0
0
0.00114943
0
0
0
0
0
0
0
0
0
0
0
0
0
0
0
0.00114943
0
0
0
0
0
0
0.0091954
0.00114943
0
0
0
0
0.00114943
0
0
0.00114943
0.00114943
0.00114943
0
0
0.00114943
0.00114943
0.00114943
0.00114943
0.00114943
0.00229885
0
0
0.00229885
0.00344828
0
0.00114943
0.00344828
0.00344828
0.00344828
0.00114943
0.0045977
0.00689655
0.00344828
0.00574713
0.0344828
0.0333333
0.0310345
0.0586207
0.0609195
0.0241379
0.0103448
0.0045977
0.0252874
0.00344828
0.0241379
0.00689655
0.00574713
0.00229885
0.00229885
0.00804598
0.0045977
0.00344828
0.00229885
0.0045977
0.00229885
0.00344828
0.00574713
0.00689655
0.00229885
0.00229885
0.00229885
0.00114943
0.00344828
0.0045977
0.00114943
0.00344828
0.0045977
0
0.0045977
0
0.00114943
0
0.00114943
0
0.00114943
0.00344828
0.00114943
0.00229885
0.00574713
0
0.00344828
0
0.00229885
0
0
0.00574713
0
0.00114943
0.00229885
0
0
0.00229885
0.00114943
0
0.00344828
0.00114943
0.00114943
0.00229885
0.00344828
0.00344828
0.00114943
0.00229885
0.00114943
0.00344828
0.0045977
0.0045977
0.00344828
0
0.00114943
0
0.00229885
0
0
0.00344828
0.00114943
0.00229885
0.00114943
0.00114943
0.00229885
0.00574713
0.00344828
0.00689655
0.00344828
0.00344828
0.00344828
0.00114943
0.00689655
0.237931