0
0
0
0
0
0
0.0015444
0
0
0
0.000772201
0.000772201
0
0
0.0023166
0
0
0
0.000772201
0
0
0.000772201
0.000772201
0
0
0
0.000772201
0.000772201
0
0.0015444
0
0
0
0
0
0
0
0.0015444
0
0
0
0
0
0.0015444
0
0
0
0
0
0
0
0
0
0
0
0
0
0
0
0
0
0
0
0
0.000772201
0
0
0
0
0
0
0
0
0
0
0
0
0
0
0
0
0
0
0
0
0
0
0
0
0
0
0
0
0
0
0
0
0.000772201
0
0.0015444
0
0.000772201
0
0
0
0
0.000772201
0
0
0
0
0.000772201
0
0.0015444
0
0
0.000772201
0
0
0
0
0.000772201
0
0
0
0
0.000772201
0
0.030888
0
0
0
0.0046332
0.0030888
0.0023166
0.00926641
0.0030888
0.00540541
0.00617761
0.003861
0.00540541
0.00540541
0.003861
0.0015444
0.0046332
0.003861
0.00926641
0.00694981
0.0131274
0.0200772
0.0239382
0.0401544
0.03861
0.0525097
0.0826255
0.244788
0.0818533
0.0339768
0.0208494
0.0208494
0.0146718
0.0108108
0.0138996
0.0108108
0.00694981
0.0100386
0.00849421
0.0030888
0.00694981
0.0015444
0.00772201
0.0023166
0.0023166
0.0015444
0.0030888
0.0023166
0.0030888
0.000772201
0.0030888
0.003861
0.00617761
0.0023166
0.0015444
0.0030888
0.0015444
0.000772201
0.000772201
0.000772201
0.00540541
0.0023166
0.0030888
0.0015444
0
0.0015444
0
0.000772201
0.0015444
0
0.000772201
0.000772201
0.0030888
0
0.000772201
0
0
0.0023166
0.000772201
0
0.0015444
0
0.0015444
0
0
0.000772201
0
0
0
0
0
0
0
0.000772201
0
0
0
0.000772201
0.000772201
0.000772201
0.000772201
0.000772201
0.000772201
0.000772201
0
0.0015444
0.000772201
0
0.000772201
0.000772201
0.0015444
0.000772201
0.0015444
0.0015444
0
0.000772201
0
0
0.000772201
0
0.0023166
0.000772201
0
0.000772201
0.000772201
0
0
0.00926641