0
0
0
0
0
0.0016
0.0032
0
0
0.0016
0
0.0032
0
0
0.0032
0
0
0
0
0
0
0.0064
0
0
0.0032
0
0
0
0.0064
0
0
0
0
0
0
0
0
0
0
0
0
0
0
0.0208
0
0
0
0
0
0
0
0
0
0
0
0
0
0
0
0
0
0
0
0
0
0
0
0
0
0
0
0
0
0
0.0016
0
0
0
0
0
0
0
0
0
0
0.0032
0
0
0
0
0
0
0
0
0
0
0
0
0
0
0
0
0
0
0
0
0.0032
0
0
0
0
0
0
0
0
0
0
0
0
0
0
0
0
0
0
0
0
0
0.0128
0
0
0
0
0
0
0.0016
0.0016
0.0032
0.0032
0
0.0016
0
0.0048
0
0.0032
0.0096
0.008
0.0096
0.0112
0.032
0.0176
0.0208
0.0304
0.032
0.0464
0.064
0.0832
0.0736
0.064
0.04
0.0208
0.0176
0.0256
0.0208
0.0128
0.0128
0.0128
0.0064
0.0048
0
0.0864
0
0
0
0.0016
0.0064
0
0.0048
0
0.0096
0
0.0016
0.0032
0
0.0176
0
0.0016
0.0032
0.0016
0.0016
0
0.008
0
0
0
0
0
0
0.0032
0
0.0016
0
0.0016
0.0016
0.0032
0
0
0
0
0
0
0
0
0.0048
0
0
0
0
0
0
0
0.0032
0
0.0016
0
0
0
0.0032
0
0
0.0016
0
0
0
0.0016
0
0
0
0.0016
0
0
0.0032
0.0016
0.0016
0.0032
0
0
0.0032
0.0016
0
0.0016
0.0016
0
0
0
0.04