0
0
0
0
0
0
0
0.00132275
0
0
0.00132275
0.00132275
0
0
0
0
0
0
0
0
0
0
0
0
0
0
0
0
0
0
0
0
0.00132275
0
0
0
0
0
0
0
0
0
0
0.00132275
0
0
0
0
0
0
0
0
0
0
0
0
0
0
0
0
0
0
0
0
0
0
0
0
0
0
0
0
0
0
0
0
0
0
0
0
0
0
0
0
0
0
0
0
0
0
0
0
0
0
0
0
0
0
0
0.00132275
0
0.00132275
0
0
0
0
0
0
0
0
0
0
0
0
0
0
0.00132275
0
0.00132275
0
0
0.00132275
0
0
0
0
0
0
0.00396825
0
0.00132275
0.0026455
0
0.00132275
0.0026455
0.0026455
0.0026455
0.00793651
0.00132275
0.00396825
0.010582
0.00793651
0.0119048
0.0145503
0.0145503
0.0119048
0.0119048
0.0224868
0.0145503
0.0251323
0.0304233
0.0383598
0.047619
0.0661376
0.0978836
0.194444
0.0462963
0.0251323
0.0304233
0.021164
0.0291005
0.0145503
0.0185185
0.015873
0.0145503
0.00925926
0.00529101
0.0026455
0.0026455
0.00661376
0.00793651
0.00132275
0.00396825
0.00396825
0.00132275
0.00132275
0.00396825
0.00396825
0
0.0026455
0.0026455
0
0
0.00396825
0.00132275
0
0.0026455
0.00132275
0.00132275
0.0026455
0
0.00396825
0.00132275
0.00132275
0.00132275
0.00396825
0.00132275
0
0
0
0.00132275
0
0
0
0.00132275
0
0.00132275
0.00132275
0
0
0
0
0
0.00132275
0
0.00132275
0
0.00132275
0
0.00132275
0
0
0.00132275
0.00132275
0
0.00132275
0
0
0.00132275
0.00132275
0.00132275
0
0
0
0
0
0
0
0.00132275
0
0.00132275
0.00132275
0
0
0
0
0.00132275
0
0.00132275
0
0
0
0
0.00132275
0
0.00793651