0
0
0
0
0
0.00116144
0
0.00116144
0
0
0
0
0
0
0
0
0
0
0
0
0
0
0
0
0
0
0.00116144
0
0
0
0
0
0
0
0
0.00058072
0
0
0
0
0
0
0
0.00348432
0
0
0
0
0.00058072
0
0
0
0
0
0
0
0
0
0
0
0
0.00058072
0
0
0.00116144
0
0.00058072
0
0
0
0
0
0
0.00058072
0.00058072
0
0
0
0
0
0
0
0
0
0
0.00058072
0
0
0
0
0
0
0
0
0
0
0
0
0
0
0
0
0.00058072
0
0
0
0.00058072
0
0
0
0
0
0
0.00058072
0
0.00174216
0
0.00058072
0.00116144
0
0
0.00116144
0
0
0
0
0
0
0.0598142
0.00058072
0
0.00058072
0
0
0.00058072
0.00058072
0.00058072
0
0.00116144
0.00174216
0.00058072
0.00058072
0.00116144
0.00058072
0.00174216
0.00348432
0.00174216
0.00116144
0.00348432
0.00232288
0.00522648
0.00813008
0.0110337
0.0133566
0.0133566
0.0127758
0.0232288
0.0667828
0.208479
0.0923345
0.0174216
0.0110337
0.0121951
0.0087108
0.0058072
0.00754936
0.00406504
0.00232288
0.0029036
0.00058072
0.00522648
0.00174216
0.00116144
0.00058072
0.00174216
0.00116144
0.00116144
0.00174216
0.00174216
0
0
0.00058072
0.00116144
0
0
0
0.00116144
0.00058072
0.00058072
0.00058072
0
0
0
0
0
0.00058072
0.00058072
0
0
0
0
0
0
0
0
0
0
0
0
0
0
0
0
0.00696864
0
0
0.00058072
0.00116144
0
0.00174216
0
0
0
0
0
0.00058072
0
0
0
0
0
0
0
0
0.00174216
0
0
0
0.00116144
0
0
0
0.00058072
0
0.00116144
0
0
0
0.00058072
0
0
0.00058072
0
0
0
0.332753