0.000988142
0.000988142
0.00790514
0.00197628
0.00395257
0.000988142
0.00197628
0.000494071
0.00197628
0
0.00247036
0.00148221
0.000988142
0.000988142
0.000494071
0.000988142
0.00148221
0.00148221
0.000494071
0
0
0.000988142
0.000494071
0.000988142
0.000988142
0
0.000988142
0.000494071
0
0.000494071
0.000988142
0.000988142
0.00247036
0.00148221
0.000988142
0.000988142
0.00197628
0.000988142
0.000988142
0.000988142
0.00296443
0.000988142
0
0.0113636
0.000494071
0.00148221
0.00148221
0.00148221
0.00197628
0.00148221
0.000988142
0.000494071
0.000988142
0.000988142
0.000988142
0.00197628
0.00197628
0.000494071
0.00148221
0.000494071
0.000988142
0.000494071
0.000988142
0.00247036
0
0.00197628
0.000494071
0.000494071
0.000988142
0
0.000988142
0.000988142
0.000494071
0.000988142
0.000494071
0
0
0.000494071
0.000494071
0.000988142
0.000494071
0.000988142
0
0.000494071
0
0.00148221
0
0
0
0
0
0.000494071
0
0
0.000494071
0.000494071
0
0
0
0
0
0
0
0
0.000494071
0
0
0
0
0.000988142
0
0.000494071
0.000494071
0
0.000494071
0.000494071
0.000494071
0
0.000494071
0.000988142
0.000494071
0
0.000494071
0
0
0
0
0
0.0578063
0
0.000494071
0.000988142
0.00148221
0.000494071
0.000494071
0.000494071
0.00148221
0.00148221
0.000988142
0.00197628
0.00197628
0.0034585
0.00247036
0.00642292
0.00197628
0.00444664
0.00444664
0.00296443
0.00889328
0.00444664
0.00889328
0.0143281
0.0172925
0.0197628
0.108202
0.158103
0.116601
0.0375494
0.013834
0.0187747
0.00543478
0.00444664
0.0034585
0.00247036
0.00197628
0.00296443
0.00197628
0.00197628
0.00247036
0.000988142
0.00444664
0.000988142
0.000494071
0
0.00148221
0
0.000494071
0.000494071
0.000494071
0.00247036
0
0.000988142
0.000988142
0.000494071
0.000494071
0.000494071
0.000988142
0
0.000494071
0
0
0
0.000988142
0
0.000988142
0.000988142
0
0.00148221
0
0
0.000494071
0
0
0
0
0
0
0.000494071
0
0
0
0
0.000494071
0.0113636
0
0.000494071
0.000494071
0
0
0
0
0.000494071
0
0
0.000988142
0.000988142
0
0.000494071
0.000494071
0
0.000494071
0.000494071
0.000494071
0.000494071
0.000494071
0.000988142
0.00197628
0.000494071
0.000494071
0.000988142
0
0
0.000494071
0.00148221
0.00148221
0.000988142
0
0.000494071
0.000494071
0.00148221
0.000494071
0.000494071
0.000494071
0.00247036
0.000988142
0.180336