0
0
0.0010101
0
0.000505051
0.00151515
0
0.000505051
0
0.0020202
0.0010101
0.00151515
0.000505051
0.0010101
0.00151515
0.0010101
0.00151515
0.0030303
0.0020202
0.00151515
0.00151515
0.00252525
0.00151515
0.00353535
0.0040404
0.00252525
0.0030303
0.00505051
0.0020202
0.0020202
0.0020202
0.0010101
0.0010101
0.0030303
0.0020202
0.00454545
0.0020202
0.0020202
0.00151515
0
0.0030303
0.0010101
0.000505051
0.0257576
0.0010101
0.0030303
0.00151515
0.0010101
0.00252525
0.0010101
0.00151515
0.000505051
0.0010101
0.000505051
0.0010101
0.000505051
0.000505051
0.0010101
0.000505051
0
0.00151515
0.000505051
0.0010101
0
0
0.000505051
0.000505051
0.000505051
0.0010101
0.000505051
0.000505051
0.0010101
0
0.000505051
0
0.0010101
0.000505051
0.0020202
0.000505051
0
0.0010101
0
0
0
0
0.00151515
0
0
0.000505051
0.000505051
0
0.000505051
0.000505051
0.0010101
0.000505051
0
0.00151515
0.000505051
0
0
0
0.00151515
0.000505051
0.000505051
0.000505051
0.000505051
0.0010101
0
0
0.00151515
0
0.0010101
0.0010101
0.000505051
0.000505051
0
0.000505051
0.000505051
0
0.0010101
0.0010101
0.00151515
0
0.0010101
0.000505051
0.00353535
0.00151515
0
0.122222
0.0040404
0.00959596
0.00909091
0.00353535
0.0106061
0.00808081
0.00858586
0.00606061
0.00353535
0.00909091
0.00454545
0.00656566
0.0040404
0.00808081
0.00707071
0.0106061
0.00959596
0.0111111
0.00808081
0.010101
0.0131313
0.0166667
0.0186869
0.0161616
0.0222222
0.0166667
0.0247475
0.0257576
0.070202
0.0484848
0.0222222
0.0227273
0.0166667
0.00808081
0.00454545
0.00454545
0.0040404
0.00353535
0.0020202
0.0020202
0.000505051
0.00555556
0.0010101
0.000505051
0.0020202
0.0020202
0.0010101
0.0010101
0.0010101
0.000505051
0.0010101
0
0
0.0010101
0.0020202
0.000505051
0.0010101
0.000505051
0
0
0.000505051
0.0010101
0.000505051
0
0
0.000505051
0.000505051
0
0
0.000505051
0.0010101
0
0.000505051
0.0010101
0
0.000505051
0.000505051
0
0
0
0
0
0.000505051
0
0.00606061
0
0
0
0.000505051
0
0.000505051
0.000505051
0
0
0
0
0.0010101
0.000505051
0
0.000505051
0.0010101
0
0
0.000505051
0
0
0
0
0.000505051
0
0.000505051
0.000505051
0
0.0010101
0.000505051
0
0
0.0010101
0.0010101
0.000505051
0
0.000505051
0.000505051
0
0
0
0.161111