0
0
0
0
0.000988142
0.000988142
0.000988142
0
0.000988142
0.000494071
0.00197628
0.000494071
0.000988142
0.000988142
0.000494071
0.00197628
0.000988142
0.000988142
0.00148221
0.0034585
0.000494071
0.00247036
0.00247036
0.00197628
0.0034585
0.00197628
0.0034585
0.00444664
0.00247036
0.00148221
0.0034585
0.00247036
0.000988142
0.00494071
0.00395257
0.00543478
0.00296443
0.00296443
0.00148221
0.00444664
0.0034585
0.00197628
0
0.00938735
0.000494071
0.00444664
0.000988142
0.00444664
0.00444664
0.0034585
0.0034585
0.00296443
0.000494071
0.0034585
0.00247036
0.00197628
0.000494071
0.00247036
0.000988142
0
0.00197628
0.00197628
0
0
0.00395257
0.000494071
0.000988142
0.000988142
0
0.000494071
0.000988142
0.000988142
0
0.000494071
0
0
0
0.000494071
0.000988142
0
0
0.000494071
0.000494071
0.000494071
0
0.00148221
0
0
0
0
0
0
0.000494071
0
0.000494071
0.000494071
0.000494071
0
0
0.000494071
0.000494071
0
0.000494071
0.000494071
0.000494071
0
0.00148221
0
0.000494071
0
0.000988142
0
0.000494071
0.00148221
0.000494071
0.00148221
0.000988142
0.000988142
0.000494071
0.00148221
0.00197628
0.000988142
0.000494071
0.0034585
0.00197628
0.006917
0.00247036
0
0.0172925
0.00444664
0.00741107
0.00444664
0.00790514
0.006917
0.00592885
0.00494071
0.00592885
0.00197628
0.00296443
0.0034585
0.000494071
0.000494071
0.00592885
0.00395257
0.00494071
0.00494071
0.00938735
0.00839921
0.0103755
0.0103755
0.00938735
0.0187747
0.0212451
0.020751
0.0375494
0.0790514
0.26087
0.0790514
0.0281621
0.0187747
0.00741107
0.0103755
0.00889328
0.00543478
0.00395257
0.00395257
0.00395257
0.00395257
0.00494071
0.00247036
0.013834
0.00247036
0.000988142
0.00148221
0.00197628
0.000494071
0.000988142
0
0.000988142
0.000494071
0.00197628
0.000988142
0.000988142
0
0.000988142
0.000494071
0.000988142
0.000988142
0
0
0.000988142
0.000494071
0.000494071
0.00148221
0.000494071
0.000988142
0.00148221
0.000494071
0.00197628
0.000494071
0
0.000494071
0.000988142
0
0.00148221
0
0
0
0
0
0.000494071
0
0
0.00197628
0
0.000494071
0.000494071
0.000494071
0
0.000494071
0.000494071
0
0
0.000494071
0
0
0
0.00148221
0
0
0.000494071
0
0.000494071
0
0.000494071
0
0.000494071
0.000494071
0.000988142
0
0
0
0
0
0
0
0
0
0.000494071
0
0
0.000988142
0
0
0
0.0034585