0
0.0004
0
0
0
0.0004
0.0008
0
0
0.0004
0.0004
0.0004
0
0.0004
0
0
0.0004
0
0
0.0008
0
0.0004
0.0004
0.0008
0
0.0008
0.0008
0.0004
0.0004
0.0004
0.0008
0.0004
0.0012
0.0008
0.0004
0.0008
0.0004
0.0004
0.0004
0.0012
0.0004
0.0004
0.0008
0.0188
0
0
0.0008
0
0
0.0012
0.0012
0.0004
0.0004
0.0012
0
0.0008
0.0008
0.0036
0.0004
0.0012
0.0016
0.0008
0
0.0004
0.0028
0.0012
0.0004
0.0008
0.0012
0.002
0
0.0008
0.0008
0.0004
0.0016
0.0004
0.0012
0.0008
0.0008
0
0.0004
0
0
0.0004
0
0.0024
0
0.0004
0.0004
0
0.0008
0.0008
0.0008
0
0.0012
0.0008
0.0004
0
0.0004
0.0008
0
0.0008
0.0008
0.0016
0.0008
0.0004
0.0008
0
0.0012
0.0008
0.0004
0.0012
0.0016
0
0
0.0004
0.0004
0.0008
0.0012
0.0008
0.0012
0.0008
0.0004
0.0012
0.0004
0
0
0
0.0944
0.008
0.0056
0.004
0.0088
0.0076
0.0092
0.008
0.0124
0.0056
0.0168
0.01
0.0112
0.008
0.014
0.012
0.01
0.0128
0.01
0.012
0.0112
0.0156
0.0136
0.0168
0.016
0.0208
0.0184
0.0228
0.034
0.0632
0.0564
0.0152
0.0144
0.0076
0.0104
0.0096
0.0048
0.0044
0.0024
0.0028
0.0024
0.002
0.0056
0.0016
0.0008
0.0012
0.002
0.0016
0.002
0.0012
0.0004
0
0
0.0004
0.0004
0
0.0004
0.0012
0
0
0
0
0.0004
0.0008
0
0.0004
0.0004
0
0
0.0004
0.0004
0
0.0004
0.0004
0.0004
0.0004
0
0
0
0
0
0
0
0.0004
0
0.006
0
0
0.0004
0
0
0
0
0
0
0.0004
0
0
0
0
0
0
0
0
0.0004
0
0.0004
0
0
0.0004
0
0
0.0004
0
0
0
0
0
0
0
0.0004
0.0004
0
0.0004
0
0
0
0.2276