0
0
0.00295858
0.00295858
0
0.00147929
0.00147929
0
0.00295858
0.00591716
0.00295858
0.00147929
0.00147929
0
0
0
0.00147929
0.00295858
0.00147929
0.00295858
0.00147929
0
0
0
0.00147929
0
0.00147929
0.00147929
0.00147929
0.00147929
0.00147929
0
0
0
0.00147929
0
0.00147929
0
0
0
0
0
0
0.0236686
0
0
0
0
0
0
0
0
0
0.00147929
0
0
0
0
0
0
0
0
0
0
0
0
0
0
0
0
0
0.00147929
0
0
0
0
0
0
0
0
0.00295858
0.00147929
0
0
0
0.00147929
0
0
0
0
0.00295858
0
0.00147929
0.00147929
0.00295858
0
0
0.00147929
0
0
0
0
0
0
0
0.00147929
0
0
0
0.00147929
0
0
0
0
0
0
0
0.00147929
0
0
0
0
0
0
0
0
0
0
0.0207101
0
0
0
0.00147929
0
0.00147929
0.00295858
0.00295858
0.00147929
0.00443787
0.00147929
0.00443787
0.00591716
0.0133136
0.0162722
0.010355
0.00887574
0.00887574
0.0133136
0.0207101
0.0192308
0.0177515
0.0236686
0.0325444
0.0473373
0.0650888
0.127219
0.0828402
0.0236686
0.0133136
0.00887574
0.00887574
0.0162722
0.00147929
0.00591716
0.00295858
0.00591716
0.010355
0.0133136
0.00295858
0.00147929
0.00739645
0.00295858
0.00295858
0.00887574
0.00147929
0.00147929
0.00443787
0.00147929
0
0.00295858
0
0.00295858
0
0.00443787
0.00147929
0.00443787
0.00295858
0
0.00147929
0.00147929
0
0
0
0
0
0.00147929
0.00443787
0.00147929
0.00295858
0.00147929
0.00295858
0.00147929
0
0.00295858
0.00147929
0.00147929
0.00443787
0
0.00295858
0.00147929
0.00591716
0
0
0.00739645
0
0
0
0
0.00147929
0.00147929
0.00295858
0.00295858
0.00147929
0
0.00295858
0.00147929
0.00147929
0.00147929
0.00147929
0.00147929
0
0.00147929
0
0
0.00443787
0
0
0
0.00147929
0.00147929
0.00147929
0
0.00147929
0
0.00147929
0
0.00147929
0.00147929
0
0.00147929
0.00147929
0.00147929
0.00147929
0
0
0.0961538