0
0.0066568
0.00221893
0.00184911
0.00147929
0.00184911
0.00110947
0.000739645
0.000369822
0.000739645
0
0.000369822
0.000739645
0.000739645
0.000369822
0.000369822
0.00258876
0.000739645
0.000739645
0.00184911
0.00221893
0.0033284
0.00258876
0.00443787
0.0033284
0.00258876
0.00258876
0.00221893
0.00369822
0.00554734
0.00480769
0.00628698
0.00554734
0.0066568
0.0066568
0.00591716
0.00591716
0.00702663
0.00850592
0.00739645
0.00517751
0.00591716
0
0.0170118
0.00406805
0.00184911
0.00295858
0.00110947
0.00517751
0.00221893
0.00221893
0.00221893
0.00258876
0.00258876
0.00110947
0.00110947
0.000369822
0.00110947
0.00295858
0.00110947
0.00184911
0.00184911
0.000739645
0
0.00221893
0.00147929
0.000369822
0.000739645
0.000369822
0.00110947
0.000369822
0.000739645
0.000369822
0.000739645
0.00147929
0
0.000739645
0.00110947
0.00110947
0
0.000369822
0
0
0
0
0.00147929
0
0
0
0
0
0.000369822
0.000739645
0
0
0
0.000369822
0
0
0.000369822
0
0
0.000369822
0.000369822
0.000369822
0.000369822
0
0
0.000369822
0.000369822
0.000369822
0.000369822
0
0.000369822
0
0.000369822
0.000739645
0.000739645
0.00147929
0
0.00147929
0.00221893
0
0
0.00147929
0.000739645
0
0
0.00554734
0.000369822
0.00147929
0.000369822
0.00110947
0.000739645
0
0.00110947
0.00147929
0.00221893
0.000369822
0.00110947
0.000739645
0.00295858
0.00406805
0.00517751
0.00147929
0.00554734
0.0066568
0.00554734
0.00887574
0.012574
0.0136834
0.0240385
0.0232988
0.0147929
0.0199704
0.0710059
0.278107
0.0776627
0.0184911
0.0203402
0.016642
0.00554734
0.00887574
0.00739645
0.00776627
0.0066568
0.00369822
0.00369822
0.0033284
0.000369822
0.00295858
0.00110947
0.000369822
0.00110947
0.00184911
0.00147929
0.000739645
0.00221893
0.00147929
0.00184911
0.000369822
0.00258876
0.00184911
0.000739645
0.00258876
0.00184911
0.000739645
0.000739645
0.00184911
0.000369822
0.000369822
0.00147929
0.000369822
0.000739645
0.000739645
0.000369822
0
0.000739645
0.000739645
0
0.000369822
0.00110947
0.000369822
0.000739645
0.000739645
0
0.000369822
0.000369822
0
0.000369822
0.000369822
0
0
0.00258876
0
0.000739645
0.000369822
0
0
0.000739645
0
0.000369822
0
0.000369822
0.00110947
0.000369822
0
0.00110947
0.00110947
0.000369822
0
0.000369822
0.00110947
0.000369822
0.00147929
0
0.00110947
0.000369822
0.00147929
0.00110947
0.00184911
0
0.000739645
0.000739645
0.00184911
0.00110947
0.00221893
0.00258876
0.00110947
0.00184911
0.0033284
0.00184911
0.00258876
0.00184911
0.00221893
0.00406805