0
0
0.000566893
0.00170068
0.00453515
0.00793651
0.00510204
0.00226757
0.00283447
0.00510204
0.00226757
0.00226757
0.00340136
0.000566893
0.00113379
0.00113379
0.000566893
0.00170068
0.00113379
0.000566893
0.00113379
0.00170068
0.00113379
0
0
0.000566893
0
0.000566893
0
0
0
0.000566893
0
0.000566893
0.000566893
0
0
0.000566893
0
0
0.000566893
0
0
0.00453515
0
0.000566893
0
0
0
0.000566893
0
0
0
0
0.000566893
0
0.00113379
0.000566893
0
0
0
0
0
0
0
0
0
0
0
0.000566893
0
0
0
0.00113379
0
0
0
0
0
0
0.000566893
0.000566893
0
0.000566893
0
0
0
0
0
0
0
0
0.000566893
0
0
0.000566893
0
0
0
0
0
0.000566893
0
0
0.000566893
0.00113379
0
0
0
0
0
0
0
0
0.000566893
0
0
0
0
0
0
0
0
0
0
0
0
0.000566893
0.0272109
0
0.000566893
0.00113379
0
0.000566893
0.00170068
0.000566893
0.000566893
0.000566893
0
0
0.00170068
0.00170068
0.000566893
0.00340136
0.00396825
0.00510204
0.00566893
0.0113379
0.0102041
0.010771
0.00793651
0.0102041
0.026644
0.015873
0.0141723
0.031746
0.0385488
0.138322
0.246032
0.0470522
0.0147392
0.0153061
0.010771
0.0102041
0.00736961
0.010771
0.00736961
0.0085034
0.00170068
0.00226757
0.0124717
0.00283447
0.00226757
0.00283447
0
0.00226757
0.00170068
0.00113379
0.00113379
0.00340136
0.00170068
0.00340136
0.00226757
0.00113379
0.00113379
0.00226757
0.00396825
0.000566893
0.00170068
0.00283447
0.00170068
0.00283447
0.000566893
0.000566893
0.00113379
0.00113379
0.00113379
0.000566893
0.00113379
0.00113379
0.000566893
0.000566893
0
0.00113379
0.00283447
0.000566893
0
0.00113379
0.000566893
0.00113379
0.000566893
0
0
0.0085034
0
0
0.00113379
0.000566893
0.000566893
0
0.000566893
0
0.000566893
0
0.00113379
0
0
0
0
0.00113379
0.00113379
0.000566893
0.000566893
0.000566893
0.000566893
0
0.00113379
0.000566893
0.00113379
0.000566893
0.00113379
0.000566893
0.000566893
0.000566893
0.00113379
0.00113379
0.000566893
0.000566893
0.00113379
0.00113379
0
0.00113379
0.00113379
0.00113379
0
0.0736961