0
0
0
0
0
0
0
0.000840336
0
0
0
0
0
0
0.00168067
0
0
0
0
0
0
0.000840336
0
0
0
0
0
0
0.00168067
0
0
0
0.00168067
0
0
0
0
0
0
0
0
0
0
0.00588235
0
0
0
0
0
0.000840336
0.000840336
0.000840336
0
0
0
0
0
0.00336134
0
0
0.000840336
0
0
0
0.00336134
0
0
0
0.000840336
0
0
0.00168067
0
0
0.000840336
0
0
0
0
0
0
0
0
0
0
0.0109244
0
0
0
0
0
0
0
0
0
0
0.00252101
0
0
0.00588235
0
0
0
0
0
0
0.0117647
0
0
0
0
0.00252101
0
0.010084
0
0.00168067
0
0.00420168
0.000840336
0.00588235
0.00168067
0.000840336
0.00168067
0.000840336
0.000840336
0
0
0
0.0789916
0
0
0.00336134
0.00588235
0.00420168
0.00672269
0.0117647
0.00756303
0.000840336
0.0168067
0.00588235
0.00840336
0.00504202
0.0176471
0.00588235
0.00504202
0.0142857
0.0193277
0.0142857
0.012605
0.0411765
0.0193277
0.0159664
0.0285714
0.0394958
0.0563025
0.0798319
0.0983193
0.0756303
0.0428571
0.0243697
0.0142857
0.0092437
0.0117647
0.00756303
0.010084
0.00672269
0.010084
0.00252101
0.000840336
0
0.0260504
0
0
0.000840336
0.00420168
0.00168067
0.00252101
0.000840336
0.000840336
0.00336134
0.00168067
0.00252101
0.000840336
0.00168067
0
0.000840336
0
0
0
0.00336134
0
0.00336134
0
0
0
0.00168067
0
0
0
0
0
0
0
0
0.000840336
0.000840336
0
0
0
0
0
0
0
0.00168067
0
0
0
0
0
0
0
0
0
0.000840336
0
0
0
0
0
0
0
0
0
0
0.000840336
0
0
0
0.000840336
0
0
0
0
0
0
0
0
0
0
0
0
0
0
0
0
0.010084