0
0
0
0
0.00142857
0.00285714
0
0
0
0.00428571
0
0
0.00142857
0.00142857
0
0.00142857
0
0
0
0
0
0.00142857
0
0.00142857
0
0
0
0
0.00285714
0
0
0.00285714
0
0.00142857
0
0.00142857
0
0
0
0
0
0
0
0.02
0
0
0
0
0
0
0
0
0
0
0
0.00142857
0
0
0
0
0
0
0
0
0
0
0
0
0
0
0
0
0
0
0
0
0
0
0
0
0
0
0
0
0
0.00142857
0
0
0
0
0
0
0
0
0
0
0.00142857
0
0
0
0
0
0
0
0
0
0.00142857
0
0
0.00142857
0
0
0
0
0
0
0
0.00285714
0
0.00142857
0
0
0
0
0
0
0
0
0.01
0
0
0
0
0.00142857
0.00428571
0.00142857
0.00142857
0.00142857
0
0.00142857
0
0.00142857
0.00571429
0.00857143
0.0114286
0.00857143
0.00571429
0.0128571
0.0357143
0.0314286
0.0342857
0.0257143
0.0371429
0.0442857
0.0742857
0.105714
0.0771429
0.0585714
0.0157143
0.0171429
0.0157143
0.00428571
0.00857143
0.0185714
0.00857143
0.00714286
0.00285714
0.00571429
0.00142857
0.00142857
0.00714286
0
0.00285714
0.00428571
0.00571429
0.00142857
0.00428571
0.00285714
0.00285714
0.00285714
0.00142857
0.01
0.00285714
0.00428571
0.00571429
0.00142857
0.00142857
0.00142857
0.00285714
0
0
0.00285714
0
0
0.00428571
0.00142857
0.00142857
0.00142857
0.00142857
0
0.00142857
0
0.00285714
0.00142857
0.00285714
0.00571429
0.00142857
0
0
0.00142857
0
0
0
0.00857143
0.00142857
0
0
0.00142857
0
0.00142857
0
0
0
0
0.00142857
0
0
0.00285714
0
0
0
0.00142857
0
0.00142857
0.00285714
0.00428571
0.00142857
0
0
0
0
0.00142857
0
0
0.00285714
0.00142857
0
0.00142857
0.00142857
0.00142857
0.00285714
0.00142857
0
0.00142857
0
0.0971429