0
0
0
0
0
0
0
0
0
0
0
0.000256016
0
0
0.000256016
0
0
0
0
0
0
0
0
0
0.000256016
0
0
0
0
0.000512033
0.000256016
0
0
0.000256016
0
0.00102407
0.000256016
0.00102407
0
0.00128008
0.000512033
0.00102407
0.000512033
0.0240655
0.000256016
0
0.000256016
0.000256016
0.000512033
0
0.000256016
0.000256016
0
0
0
0
0
0
0
0.000256016
0
0
0
0.000256016
0.000512033
0
0
0
0
0
0
0.000512033
0
0
0
0
0
0
0
0.000256016
0
0
0
0
0
0.000256016
0
0
0.000256016
0
0
0
0
0
0
0
0
0
0
0
0
0
0.000256016
0
0
0
0
0
0
0.000512033
0
0
0
0.000256016
0.000256016
0
0
0.000256016
0
0
0.000512033
0
0
0.000768049
0.000256016
0
0.000512033
0
0.0806452
0.00512033
0.00435228
0.00512033
0.00716846
0.00537634
0.00640041
0.00768049
0.00947261
0.00793651
0.00768049
0.0125448
0.0125448
0.0110087
0.0122888
0.0125448
0.0115207
0.014849
0.0122888
0.0102407
0.00947261
0.0104967
0.0104967
0.015105
0.0135689
0.0186892
0.0166411
0.0225294
0.0294419
0.0821813
0.0220174
0.0171531
0.00844854
0.00844854
0.00512033
0.00204813
0.00230415
0.00128008
0.0015361
0.00128008
0.00102407
0.000512033
0.00281618
0.000256016
0.000256016
0.00102407
0
0.000768049
0.000512033
0.000256016
0.000512033
0.00102407
0.000256016
0.000512033
0.000256016
0.000256016
0.000512033
0.000512033
0
0
0.000256016
0.000768049
0.000512033
0
0
0
0.000256016
0.000256016
0
0
0
0
0
0.000256016
0.000256016
0
0
0.000256016
0.000256016
0.000256016
0
0
0
0
0
0.00460829
0
0.000256016
0.000256016
0
0.000512033
0
0
0
0.000256016
0
0
0
0
0
0
0.000256016
0
0
0.000256016
0
0
0
0
0
0
0
0
0
0
0
0
0
0.000256016
0.000512033
0
0
0
0
0
0
0
0.384025