0
0
0
0.000316206
0.000632411
0.000395257
0.000316206
0.000158103
0.000316206
0.000790514
0.000474308
0.000474308
0.000474308
0.00055336
0.000790514
0.000316206
0.000316206
0.000316206
0.000158103
7.90514e-005
7.90514e-005
0.000237154
0
0
0
0
0
0
7.90514e-005
0
0
0
0
0
0
7.90514e-005
0
0
0
0
0
0
0
0.000474308
0
0
0
0
0
0
0
0
0
0
0
0
0
0
0
0
0
0
0
0
0
0
0
0
7.90514e-005
0
0
7.90514e-005
0
0
0
0
0
0
0
0
0
0
0
0
0
0.000237154
0
0
0
0
0
0
0
0
0
0
0
0
0
0.000316206
0
0
0
0
0
0
0
0
7.90514e-005
7.90514e-005
0
0
7.90514e-005
7.90514e-005
0
7.90514e-005
0
0.000158103
0.000158103
0
0
0
0
7.90514e-005
0
0.000158103
7.90514e-005
0
0.00126482
7.90514e-005
0
7.90514e-005
0.000316206
7.90514e-005
0.000158103
0.000474308
0.000474308
0.000237154
0.00055336
0.000632411
0.000948617
0.00166008
0.00671937
0.018498
0.0312253
0.052332
0.0480632
0.023083
0.0112253
0.0244269
0.0262451
0.0312253
0.0328854
0.0354941
0.0298024
0.0305138
0.0345455
0.0805534
0.242925
0.0597628
0.0176285
0.0165217
0.0212648
0.0139921
0.00798419
0.00671937
0.00339921
0.000711462
0.00118577
0.000316206
0.0275889
0.000237154
0.00110672
0.000316206
0.000632411
0.00118577
0.00118577
0.00102767
0.000237154
0.00055336
0.000395257
0.00118577
0.000237154
0.000395257
0.00300395
0.000158103
0.000316206
7.90514e-005
0.00055336
0.000711462
0.000395257
0.00379447
7.90514e-005
0.000395257
0.000237154
7.90514e-005
0.00055336
0.000237154
0.00197628
0.000316206
0.000158103
0.000158103
0.000316206
0.000316206
0.000158103
0.000316206
0.000316206
0.000158103
7.90514e-005
7.90514e-005
0
0
0
0.00387352
0
0
0.000158103
7.90514e-005
0.000158103
0.000316206
0.000395257
0.000316206
0
0.000869565
7.90514e-005
0.000158103
0
0.00205534
0.000237154
0
0.000158103
0.00055336
7.90514e-005
0
0.00205534
0.000158103
0.000316206
0.000237154
0.000158103
0.000158103
0.000316206
0.00150198
7.90514e-005
0.000237154
0.00118577
0
7.90514e-005
0.000237154
0.000632411
0.000316206
0.00055336
7.90514e-005
0.000237154
0
0
0.00498024