0
0
0
0.000392157
0.000392157
0
0
0
0
0.000392157
0.000392157
0
0
0
0.000392157
0
0.000392157
0
0.000392157
0
0
0
0
0
0
0.000784314
0
0.000392157
0.000784314
0
0.000392157
0
0.000392157
0
0
0
0
0
0
0.000784314
0
0
0
0.00117647
0
0
0
0
0.000392157
0
0
0
0
0
0
0
0
0
0
0
0
0
0
0
0
0
0
0
0
0
0
0
0
0
0
0
0
0
0
0
0
0
0
0
0
0.000392157
0
0
0
0
0
0
0.000392157
0
0
0
0
0
0
0
0
0
0
0
0.000392157
0
0
0
0
0
0
0
0
0
0
0
0
0
0
0
0
0.000784314
0
0
0
0
0
0
0.000784314
0
0
0
0
0
0
0
0
0
0.000392157
0
0.000784314
0.000392157
0.00313725
0.00196078
0.00156863
0.00313725
0.00392157
0.00352941
0.00313725
0.0137255
0.0133333
0.0160784
0.0419608
0.0698039
0.0686275
0.0658824
0.0662745
0.159608
0.236471
0.0494118
0.0184314
0.0215686
0.0305882
0.012549
0.0101961
0.00941176
0.00352941
0.00235294
0.00313725
0.00431373
0.0129412
0
0.00235294
0.00196078
0.000784314
0.00156863
0.00156863
0.000784314
0
0.0027451
0
0
0.00117647
0
0.000784314
0.000392157
0.000392157
0.00235294
0
0
0
0.00392157
0
0
0.000784314
0
0
0
0.00196078
0
0.00117647
0
0.00117647
0
0
0
0
0
0
0
0
0
0
0.00235294
0
0
0
0
0.00117647
0.000392157
0
0.000392157
0.000392157
0.000392157
0
0.000392157
0
0
0
0
0.000392157
0
0
0
0.000392157
0
0
0.000392157
0
0.000392157
0
0.000392157
0
0
0.000392157
0
0
0.00117647
0.000392157
0
0
0
0
0
0
0.00196078