0
0
0
0
0
0
0
0
0
0
0
0
0
0
0
0
0
0
0
0
0
0
0
0
0
0
0
0
0
0
0
0
0
0
0
0
0
0
0
0
0
0
0
0
0
0
0
0
0
0
0
0
0
0
0
0
0
0.00181159
0
0
0
0
0
0
0
0
0
0
0
0
0
0
0
0
0
0
0
0
0
0
0
0
0
0
0
0.00181159
0
0
0
0
0
0.00181159
0
0
0.00181159
0
0.00181159
0
0
0
0
0
0
0
0
0
0
0
0
0
0
0
0
0
0
0
0.00181159
0.00181159
0.00543478
0
0
0.00543478
0.00181159
0.00181159
0.00362319
0
0
0
0.00724638
0
0.00362319
0.00181159
0
0
0.00181159
0.00724638
0.00362319
0.00362319
0.00362319
0.00181159
0.00362319
0.00543478
0
0.00543478
0.00362319
0.00724638
0.0108696
0.0144928
0.0235507
0.0235507
0.0307971
0.0253623
0.0380435
0.057971
0.0543478
0.0869565
0.0923913
0.0942029
0.112319
0.0507246
0.0253623
0.0253623
0.0289855
0.0253623
0.0163043
0.00543478
0.00543478
0.00724638
0.00543478
0.00543478
0.0163043
0
0.00362319
0.00181159
0
0.00181159
0
0.00543478
0
0.00181159
0.00181159
0
0
0
0.00181159
0.00181159
0
0.00181159
0
0
0
0
0
0.00181159
0
0
0
0
0
0
0
0
0
0
0
0
0
0
0
0
0
0
0
0.00362319
0
0
0
0
0
0
0
0
0
0
0
0
0
0
0
0
0
0
0
0
0
0
0
0
0
0
0
0
0
0
0
0
0
0
0
0
0
0
0
0
0
0