0
0
0
0
0
0
0
0.00094697
0
0
0
0.00189394
0
0
0.00189394
0
0
0
0
0
0
0.00094697
0
0
0
0
0.00189394
0
0.00094697
0
0
0
0
0
0
0
0
0
0
0
0
0
0
0.00189394
0
0
0
0
0
0
0
0
0
0
0
0
0
0
0
0
0
0.00094697
0
0
0
0
0.00094697
0
0
0
0
0
0
0
0
0
0
0.00094697
0
0
0
0
0
0
0
0
0
0
0
0
0
0
0
0
0
0
0
0
0
0
0
0
0
0
0
0
0
0
0
0.00094697
0
0
0
0
0
0
0
0
0
0
0
0
0
0
0
0
0
0
0.00094697
0.00189394
0
0
0
0
0
0
0
0
0
0.00189394
0
0.00094697
0.00284091
0.00189394
0.00189394
0.00189394
0.00284091
0.00189394
0.00568182
0.00757576
0.0113636
0.0189394
0.0255682
0.0473485
0.0691288
0.092803
0.118371
0.237689
0.152462
0.0445076
0.0340909
0.0246212
0.0113636
0.0132576
0.00473485
0.00568182
0.00473485
0.00094697
0.00473485
0.00568182
0.00662879
0
0
0.00378788
0.00094697
0
0
0
0
0.00094697
0
0
0
0.00094697
0
0
0
0.00189394
0
0
0
0
0
0
0
0
0
0
0.00094697
0
0
0
0
0
0
0
0
0
0
0
0
0
0
0
0
0
0
0
0
0.00094697
0
0
0
0
0
0
0
0
0
0
0
0
0
0
0.00094697
0
0
0
0
0
0
0.00094697
0
0
0.00094697
0
0
0
0
0
0
0
0
0
0
0.00568182