0
0
0
0
0
0
0
0
0
0
0
0
0
0
0
0
0
0.00148148
0
0
0.00148148
0.00148148
0
0
0
0
0
0
0
0
0
0
0
0
0
0
0
0
0
0
0
0
0
0
0
0
0
0
0.00148148
0
0
0
0
0
0
0
0
0
0
0
0
0
0
0
0
0
0
0
0
0
0
0
0
0
0
0
0
0
0
0
0
0
0
0
0
0.00148148
0
0
0
0
0
0
0
0
0
0
0
0
0
0
0
0
0.00148148
0
0
0
0.00148148
0
0
0
0
0
0
0
0
0
0
0
0
0
0
0
0
0
0
0
0
0
0.00148148
0
0
0
0
0
0
0.00296296
0
0
0.00296296
0
0
0
0.00148148
0.00296296
0.00148148
0.00444444
0.00148148
0.00592593
0.00444444
0.00592593
0.0148148
0.0192593
0.0296296
0.0548148
0.0592593
0.08
0.0874074
0.155556
0.191111
0.0696296
0.0474074
0.0192593
0.0148148
0.0296296
0.00888889
0.00592593
0.00740741
0.00148148
0.00740741
0.00148148
0.00888889
0.00148148
0.00148148
0.00592593
0.00148148
0.00148148
0.00296296
0.00148148
0.00148148
0.00148148
0
0.00148148
0
0
0.00148148
0
0
0
0
0
0
0
0
0.00296296
0
0
0.00148148
0.00148148
0
0
0
0.00148148
0.00148148
0
0
0
0
0.00148148
0
0
0
0
0
0.00148148
0
0
0
0
0
0
0
0
0
0
0
0
0
0
0.00148148
0
0.00148148
0
0
0
0
0
0
0
0
0
0
0
0
0
0
0
0
0
0
0
0
0
0
0
0
0.00296296