0
0
0
0
0
0
0
0
0
0
0
0
0
0
0
0
0
0
0
0
0
0
0
0
0
0
0
0
0
0
0
0
0
0
0
0
0
0
0
0
0
0
0
0
0
0
0
0
0
0
0
0
0
0
0
0
0
0
0
0
0
0
0
0
0
0
0
0
0
0
0
0
0
0
0
0
0
0
0
0
0
0
0
0
0
0
0
0
0
0
0
0
0
0
0
0
0
0
0
0
0
0
0
0
0
0
0
0
0
0
0
0
0
0
0
0
0
0
0
0
0
0
0
0
0
0
0
0
0.000566893
0
0
0
0
0.000566893
0
0
0.000566893
0.00113379
0
0.000566893
0.00113379
0
0.00113379
0.000566893
0.000566893
0.00340136
0.00340136
0.00963719
0.00963719
0.0113379
0.0153061
0.015873
0.026644
0.0549887
0.085034
0.0912698
0.113379
0.211451
0.222789
0.0238095
0.0181406
0.0164399
0.0175737
0.0136054
0.00396825
0.00340136
0.00510204
0.00396825
0.00226757
0.000566893
0.00113379
0.00170068
0.00340136
0.00113379
0.000566893
0.00113379
0
0
0
0.000566893
0
0.000566893
0
0
0
0
0
0
0
0
0
0
0
0
0
0
0
0
0
0
0
0
0
0
0
0
0
0
0
0
0
0
0
0
0
0
0
0
0
0
0
0
0
0
0
0
0
0
0
0
0
0
0
0
0
0
0
0
0
0
0
0
0
0
0
0
0
0
0
0
0
0
0
0
0
0