0
0
0
0
0
0
0
0.00215517
0
0.00107759
0
0.00215517
0
0
0.00215517
0
0
0
0
0.00107759
0
0.00538793
0
0
0
0
0
0
0.00431034
0
0
0
0.00215517
0.00107759
0.00215517
0
0
0
0
0.00107759
0
0
0
0.00646552
0
0
0
0
0
0
0
0.00107759
0
0
0
0
0
0
0
0
0.00107759
0
0
0
0
0
0
0
0
0
0
0
0
0
0
0
0
0
0
0
0
0
0
0
0
0.00323276
0
0
0
0
0
0
0
0
0
0
0
0
0
0
0
0
0
0
0
0
0
0
0
0
0
0
0
0
0
0
0
0
0
0
0
0
0
0
0
0
0
0
0.0075431
0
0
0
0
0
0
0
0
0
0
0
0
0
0.00215517
0.00215517
0.00215517
0.00215517
0.00215517
0.00538793
0.00323276
0.00538793
0.00862069
0.012931
0.0161638
0.0204741
0.03125
0.0301724
0.0409483
0.0614224
0.15194
0.148707
0.0431034
0.0215517
0.0215517
0.0301724
0.0140086
0.012931
0.012931
0.00646552
0.012931
0
0.0657328
0
0.00107759
0.00215517
0.00107759
0.00431034
0.00323276
0.00323276
0.00107759
0.0118534
0
0.0140086
0
0.00323276
0.012931
0.00215517
0.00107759
0.00431034
0
0.00215517
0
0.012931
0
0
0
0.00107759
0.00215517
0
0.0118534
0
0
0
0.00431034
0
0
0
0
0.00107759
0
0
0
0
0
0.0237069
0
0
0
0.00107759
0.00107759
0
0
0.00107759
0
0.00107759
0
0
0
0.00323276
0
0
0.00107759
0
0
0
0.0075431
0
0
0.00107759
0.00215517
0
0
0.00538793
0
0.00107759
0.00107759
0
0
0.00107759
0.00107759
0.00107759
0
0
0
0
0
0.0118534