0
0
0
0.00271739
0
0
0
0.00271739
0.00271739
0
0
0.00543478
0
0
0
0
0
0
0
0
0
0
0
0
0
0
0
0
0
0
0
0
0
0
0
0
0
0
0
0
0
0
0
0
0
0
0
0
0
0
0
0
0
0
0
0
0
0
0
0
0
0
0
0
0
0
0
0
0
0
0
0
0
0
0
0
0
0
0
0
0
0
0
0
0
0
0
0
0
0
0
0
0
0
0
0
0
0
0
0
0
0
0
0
0
0
0
0
0
0
0
0
0
0
0
0
0
0
0
0
0
0
0
0
0
0
0
0
0
0
0
0
0
0
0
0
0
0
0
0
0
0
0
0
0
0
0
0
0
0.00815217
0
0
0
0.00271739
0.00543478
0.00271739
0.0244565
0.0163043
0.013587
0.0407609
0
0.00815217
0.013587
0.0190217
0.00543478
0.00543478
0.00815217
0.00271739
0
0
0.100543
0
0
0.00271739
0.00543478
0
0.013587
0
0
0.00271739
0
0.013587
0.00543478
0
0.0163043
0
0
0
0.0163043
0.00543478
0
0.0163043
0
0.00271739
0.0108696
0
0.00271739
0
0.00815217
0
0.00271739
0
0.00815217
0
0.00271739
0.00271739
0.00543478
0.00271739
0.00271739
0
0
0
0
0.0244565
0
0
0
0.00543478
0
0.00543478
0.00543478
0.00271739
0.00271739
0.013587
0
0.00271739
0
0.0108696
0
0
0.00815217
0.00815217
0.00271739
0
0.0163043
0
0.013587
0.0108696
0.0108696
0.0163043
0.013587
0.0326087
0.00271739
0.00271739
0.0163043
0.013587
0.0190217
0.0244565
0.0407609
0.0190217
0.0652174
0.0163043
0.0298913
0.0625
0
0.0407609