0
0.144531
0.0898438
0.0585938
0.0273438
0.00390625
0.0234375
0.0117188
0.00390625
0.00390625
0
0.00390625
0.0078125
0
0.00390625
0.0117188
0
0
0.00390625
0.0078125
0.00390625
0.015625
0
0.00390625
0.0078125
0
0
0
0.00390625
0
0.00390625
0
0
0
0
0
0
0
0
0
0
0
0
0.0117188
0
0
0
0
0
0
0
0
0
0
0
0
0
0
0
0
0.00390625
0
0
0
0.00390625
0
0
0
0
0
0
0
0
0
0
0
0
0
0
0
0
0
0
0
0
0
0
0
0
0
0
0
0
0
0
0
0
0
0
0
0
0
0
0
0
0
0.00390625
0
0
0
0
0
0
0
0
0
0
0
0
0
0
0
0
0
0
0
0
0
0.00390625
0
0
0
0
0
0
0
0.00390625
0
0.00390625
0
0
0
0
0
0
0
0
0
0
0
0
0.00390625
0.00390625
0
0.0078125
0.00390625
0.0078125
0.00390625
0.0078125
0
0.00390625
0.00390625
0
0
0
0
0
0
0
0
0.0117188
0
0
0
0.00390625
0
0
0
0
0.00390625
0
0
0.0078125
0
0
0.00390625
0
0
0.0117188
0
0.00390625
0.00390625
0.00390625
0
0.0078125
0
0
0
0.00390625
0
0
0.00390625
0
0
0
0.00390625
0.00390625
0
0.00390625
0.00390625
0
0
0
0.0078125
0
0.00390625
0.00390625
0.00390625
0.00390625
0
0.00390625
0.0078125
0.00390625
0.00390625
0.0117188
0.00390625
0
0.0078125
0.0078125
0
0.0117188
0.00390625
0.0117188
0.00390625
0.015625
0.00390625
0.0117188
0.0078125
0.0078125
0
0.0078125
0.0117188
0.00390625
0.0078125
0.00390625
0
0.0078125
0.00390625
0.015625
0.0234375
0.0117188
0.0351563
0.03125
0.015625
0.015625
0.0390625