0
0.0708333
0.0307692
0.0144231
0.0141026
0.0108974
0.00897436
0.00897436
0.00576923
0.0173077
0.00608974
0.0173077
0.013141
0.0176282
0.0224359
0.0121795
0.0153846
0.013141
0.0166667
0.0192308
0.0217949
0.0272436
0.00801282
0.0182692
0.0141026
0.00608974
0.00801282
0.00320513
0.00160256
0.000961538
0.00224359
0
0.000641026
0
0.000641026
0
0
0
0
0
0
0
0
0.0025641
0
0
0
0
0
0
0
0.000320513
0
0
0
0
0
0.000320513
0
0
0
0
0
0
0
0
0
0
0
0
0
0
0
0
0
0
0
0
0
0
0
0
0
0
0
0.00128205
0
0
0
0
0
0
0
0
0
0
0
0
0
0.000320513
0
0
0
0
0
0
0.000320513
0
0
0
0
0
0
0
0
0
0
0.000641026
0
0.000320513
0
0
0
0
0
0
0
0
0.000961538
0
0
0
0
0
0
0.000320513
0.000320513
0
0
0.000320513
0.000320513
0.000320513
0.000641026
0.000961538
0.000961538
0.0025641
0.00576923
0.00673077
0.00192308
0.00801282
0.00833333
0.00608974
0.00384615
0.00384615
0.00192308
0.00192308
0.00352564
0.000961538
0.000961538
0.000961538
0
0.00128205
0.000320513
0.00192308
0.00160256
0.000641026
0.000320513
0
0
0
0.0141026
0
0
0
0.000320513
0.0025641
0.00192308
0.00160256
0
0.00128205
0
0.00224359
0.000320513
0
0.00320513
0
0
0.00192308
0.000320513
0.000641026
0
0.00352564
0
0
0.000961538
0
0.000961538
0.000641026
0.00160256
0
0.000320513
0
0.00224359
0
0.00160256
0.000641026
0
0
0.000320513
0
0
0
0
0.00512821
0
0
0
0
0.000320513
0.000320513
0.000961538
0
0
0.00192308
0
0
0
0.00224359
0.000641026
0
0.00128205
0.00128205
0
0
0.00352564
0.000320513
0.000641026
0.000641026
0.00160256
0.000641026
0.00160256
0.00320513
0.00160256
0.00705128
0.0112179
0.00224359
0.00608974
0.00769231
0.0102564
0.00641026
0.00897436
0.0163462
0.0169872
0.0352564
0.0240385
0.253526