0.00318979
0.00637959
0.00478469
0.0127592
0.0143541
0.0191388
0.0127592
0.0191388
0.0829346
0.0956938
0.0430622
0.0255183
0.0287081
0.0255183
0.0223285
0.0191388
0.00956938
0.0143541
0.0127592
0.0111643
0.015949
0.00797448
0.0111643
0.00478469
0.00478469
0.0015949
0.00637959
0.00637959
0.00637959
0.00318979
0.00956938
0.00478469
0.00797448
0
0
0.0015949
0.00637959
0.00797448
0.0015949
0.00637959
0
0.0015949
0.0015949
0.0510367
0.0015949
0
0
0
0.00318979
0
0
0
0
0.0015949
0
0.0015949
0
0
0
0
0
0.0015949
0
0
0
0.00318979
0
0
0
0
0
0
0
0.0015949
0
0
0
0
0
0.0015949
0
0
0
0
0
0
0
0
0
0
0
0
0.0015949
0
0
0
0
0
0
0
0
0
0
0
0
0.0015949
0
0
0
0
0
0
0
0
0
0.0015949
0
0
0.0015949
0
0
0
0.0015949
0
0
0
0.0015949
0
0.00637959
0
0.0015949
0
0.0015949
0.0015949
0
0
0.0015949
0.0015949
0
0.0015949
0
0
0
0.0015949
0
0
0
0
0
0.0015949
0
0
0
0
0.0015949
0
0
0.0015949
0.0015949
0
0.0015949
0
0
0.0015949
0.0015949
0.0015949
0
0.0015949
0
0.0015949
0.00318979
0.00318979
0.00797448
0.0015949
0.0015949
0.00318979
0.0015949
0.0015949
0
0
0
0.00797448
0
0
0
0
0
0
0
0
0
0.0015949
0
0
0.00318979
0.0015949
0
0
0
0.0015949
0
0.0015949
0
0
0.0015949
0.0015949
0
0
0.0015949
0
0.0015949
0
0
0.0191388
0.0015949
0.00318979
0.0015949
0
0.0015949
0
0.0015949
0.0015949
0
0
0
0
0
0.0015949
0
0
0
0
0.0015949
0
0.00318979
0
0
0
0.0015949
0
0
0.0015949
0
0.00318979
0.00318979
0.0015949
0.00478469
0
0.00478469
0.0015949
0.00478469
0.00478469
0.00478469
0.00318979
0.00318979
0.161085