0
0
0
0.0030303
0
0
0.0030303
0
0
0.0030303
0
0
0
0
0
0
0
0.0030303
0
0
0
0
0
0
0
0
0
0
0
0
0
0
0
0
0
0
0
0
0
0
0
0
0
0.0030303
0
0
0
0
0
0
0
0
0
0
0
0
0
0
0
0
0
0
0
0
0
0
0
0
0
0
0
0
0
0
0
0
0
0
0
0
0
0
0
0
0
0
0
0
0
0
0
0
0
0
0
0
0
0
0
0
0
0
0
0
0
0
0
0
0
0
0
0
0
0
0
0
0
0
0
0
0
0
0
0
0
0
0
0
0.0030303
0
0
0
0
0
0
0
0
0
0
0
0
0
0
0
0
0
0
0
0
0.0030303
0
0
0
0.0030303
0.0030303
0
0
0.00909091
0.00909091
0.0151515
0
0
0.0121212
0.0121212
0.00909091
0
0.00606061
0
0
0
0.0878788
0
0
0
0
0.0030303
0.0030303
0
0
0.0181818
0
0.0121212
0.00606061
0.00606061
0.00909091
0
0.00909091
0.00606061
0.0030303
0
0
0.00606061
0
0.0030303
0.00606061
0
0.00606061
0
0.00909091
0
0.0030303
0.0030303
0.00606061
0
0.0030303
0.0121212
0
0
0.0030303
0.0030303
0
0
0
0.0454545
0
0
0
0.0181818
0
0
0
0
0.0030303
0.0121212
0.0030303
0.00606061
0
0.0151515
0.0030303
0
0.0151515
0.0151515
0
0
0.0181818
0
0.0121212
0.00909091
0.00909091
0.0151515
0.00909091
0.0151515
0.0181818
0.0272727
0.0212121
0.0151515
0.030303
0.0333333
0.0454545
0.0333333
0.0666667
0.0545455
0.0121212
0.0575758
0
0.0333333