0
0.010084
0.00588235
0.00672269
0.00504202
0.000840336
0.0109244
0.0092437
0.00840336
0.00420168
0.00168067
0.00588235
0.00672269
0.00168067
0.00504202
0.00168067
0.00336134
0.00168067
0.00504202
0.00168067
0.00252101
0.00252101
0.000840336
0
0.000840336
0.000840336
0.00168067
0.000840336
0.00336134
0
0
0
0.000840336
0
0.00168067
0.000840336
0
0
0
0
0
0
0.000840336
0.00168067
0
0
0
0
0
0
0
0
0
0
0
0
0
0
0.000840336
0
0.000840336
0.000840336
0.00168067
0
0
0
0
0
0.000840336
0
0.000840336
0
0
0
0
0
0
0
0
0
0
0
0
0
0
0.000840336
0
0
0
0
0.000840336
0
0.000840336
0
0.000840336
0
0
0.000840336
0
0
0
0
0
0.000840336
0
0
0
0
0.000840336
0.000840336
0
0.000840336
0
0.00168067
0
0.000840336
0.000840336
0.000840336
0
0
0
0.000840336
0
0
0
0
0
0
0.00420168
0
0.000840336
0
0
0.000840336
0.00168067
0.000840336
0.00336134
0.000840336
0
0.00168067
0.00168067
0
0.00168067
0
0.00168067
0.00336134
0.000840336
0.00336134
0.000840336
0.00252101
0.00168067
0.000840336
0.00168067
0.000840336
0.00252101
0
0.00336134
0.00252101
0.00168067
0.00336134
0.000840336
0
0.000840336
0.00168067
0.00252101
0.00168067
0.00252101
0.00252101
0.00168067
0
0.0226891
0.000840336
0.000840336
0.000840336
0.00168067
0.00252101
0.00168067
0.00420168
0.00168067
0.00840336
0.00168067
0.00672269
0.00504202
0.000840336
0.0159664
0.00168067
0.00252101
0.00504202
0.00672269
0.000840336
0
0.00756303
0
0.00168067
0.00420168
0
0.00336134
0.000840336
0.00840336
0
0.00168067
0
0.00672269
0
0.000840336
0.00336134
0.00252101
0.00168067
0.000840336
0
0.000840336
0
0
0.0168067
0
0.000840336
0
0
0
0.00168067
0.000840336
0.00168067
0
0.00336134
0
0.00252101
0.00168067
0.00840336
0.00504202
0.00252101
0.00420168
0.00420168
0.0092437
0.00168067
0.0134454
0.0092437
0.00420168
0.00420168
0.00420168
0.00504202
0.00672269
0.00252101
0.00672269
0.00588235
0.010084
0.00168067
0.00840336
0.0168067
0.0151261
0.0193277
0.0327731
0.0907563
0.181513
0.0243697
0.0705882
0.0680672