0
0.0791925
0.0714286
0.0248447
0.0295031
0.0310559
0.0232919
0.0186335
0.015528
0.0263975
0.0217391
0.0186335
0.0139752
0.0186335
0.0124224
0.015528
0.015528
0.0139752
0.0124224
0.0108696
0.0124224
0.0248447
0.00621118
0.0170807
0.00465839
0.0108696
0.00931677
0.00465839
0.00776398
0.0015528
0.0015528
0.0015528
0.00310559
0.00310559
0.00465839
0.00310559
0.0015528
0.00310559
0.0015528
0.00310559
0
0
0
0.00776398
0
0
0.0015528
0
0
0.0015528
0.0015528
0.00310559
0
0
0
0
0
0.00621118
0
0
0
0
0
0
0.00310559
0
0
0
0
0.00310559
0.0015528
0.0015528
0
0
0
0
0
0
0
0
0
0
0
0
0
0.00465839
0
0
0
0
0
0
0
0
0
0
0
0
0
0
0.0015528
0
0
0
0
0
0.0015528
0
0.0015528
0
0
0.0015528
0
0.0015528
0
0
0
0
0
0
0.0015528
0
0
0
0
0
0
0
0
0
0
0
0
0
0.0015528
0
0
0
0
0
0
0
0
0.0015528
0
0.0015528
0.0015528
0.0015528
0
0.00465839
0
0.00310559
0
0.00310559
0.0015528
0
0.0015528
0.0015528
0
0.0015528
0
0
0.00310559
0
0
0.00465839
0
0
0
0
0.00310559
0
0.0015528
0
0
0.0015528
0.0015528
0
0
0
0.0015528
0.0015528
0
0.0015528
0.0015528
0.0015528
0.0015528
0.0015528
0.0015528
0
0
0.00776398
0
0
0
0
0
0.0015528
0.0015528
0
0
0
0
0
0
0
0.00310559
0
0.00310559
0.0015528
0
0
0
0.0015528
0
0
0.0015528
0
0
0
0
0.00310559
0.0015528
0.0015528
0
0.00465839
0
0.0015528
0
0.0015528
0.0015528
0.0015528
0
0
0.0108696
0.00310559
0.00310559
0.0015528
0.0015528
0.00310559
0.00621118
0.00310559
0.00776398
0.00465839
0.015528
0.0108696
0.0015528
0.00465839
0.0108696
0.0170807
0.0170807
0.0186335
0.00776398
0.015528
0.0326087
0.0667702