0.010101
0.195286
0.126263
0.030303
0.03367
0.0252525
0.00505051
0.016835
0.0151515
0.00505051
0.010101
0.003367
0.00505051
0
0.00673401
0
0
0.0016835
0.003367
0.0016835
0
0.0016835
0
0.0016835
0.0016835
0
0
0
0
0
0
0
0.0016835
0
0
0
0
0
0
0
0
0
0
0.0252525
0
0
0
0
0.0016835
0
0
0.0016835
0
0
0
0
0
0
0
0
0
0
0
0
0
0.0016835
0
0
0
0
0
0
0.0016835
0
0
0
0.0016835
0
0
0
0
0
0
0
0
0.0016835
0
0
0
0
0
0
0
0
0
0
0
0
0
0
0
0
0
0
0
0
0.0016835
0
0
0
0
0
0
0.003367
0
0.0016835
0.0016835
0
0
0
0
0.0016835
0
0
0.0016835
0.0016835
0.0016835
0
0.010101
0.003367
0.003367
0
0
0.003367
0
0.0016835
0.003367
0.0016835
0.0016835
0.003367
0.003367
0.0016835
0.0016835
0.0016835
0.0016835
0.0016835
0.003367
0.00505051
0.0016835
0
0.0016835
0.0016835
0.0016835
0.00505051
0.0016835
0.00505051
0.003367
0.003367
0.003367
0.0016835
0.00841751
0.00841751
0.00505051
0
0
0.00673401
0
0.0016835
0.0016835
0
0.013468
0.0016835
0
0.0016835
0.00505051
0
0
0.0016835
0
0.0016835
0
0.00505051
0
0
0.0016835
0.003367
0
0
0.0016835
0
0.0016835
0
0.0016835
0
0
0
0.003367
0
0
0.0016835
0
0.003367
0.0016835
0.0016835
0.0016835
0
0
0
0.0016835
0.0016835
0.0016835
0
0.0016835
0.00673401
0
0.0016835
0
0.0016835
0.003367
0
0.0016835
0
0
0
0.003367
0
0
0.003367
0.003367
0
0.0016835
0.003367
0
0
0
0
0.00505051
0.003367
0
0.003367
0.0016835
0.010101
0.0016835
0.00841751
0.010101
0.003367
0.00505051
0.00841751
0
0.003367
0.010101
0.00841751
0.016835
0.010101
0.026936
0.106061