0
0.0138889
0.00571895
0.00776144
0.00490196
0.00367647
0.00326797
0.00204248
0.00163399
0.00326797
0.00204248
0.00122549
0.000816993
0.00163399
0.000408497
0.000408497
0.000408497
0.000816993
0.000408497
0.000408497
0.000408497
0.00122549
0.00122549
0.00163399
0.000408497
0.000408497
0.000408497
0.000408497
0
0
0.000816993
0.00122549
0
0.000408497
0.000408497
0.000816993
0
0
0
0
0
0
0
0
0
0
0
0.000408497
0
0.000816993
0
0
0
0
0
0
0
0
0
0
0
0
0
0
0.000816993
0
0
0
0.000408497
0
0
0
0
0
0.000408497
0
0
0
0.000408497
0
0
0
0
0
0
0
0
0
0
0
0
0
0
0
0
0.000408497
0
0
0
0.000408497
0
0.000408497
0
0
0
0
0
0
0
0.000408497
0.000816993
0
0
0
0
0
0.000408497
0.000408497
0.000408497
0.000408497
0.000408497
0.000408497
0.000408497
0.000816993
0.000816993
0.000408497
0.000408497
0
0.00204248
0.000816993
0.000408497
0.00163399
0.000408497
0.00163399
0
0.00408497
0.00122549
0.00326797
0.00122549
0.00531046
0.00449346
0.00122549
0.00571895
0.00490196
0.00571895
0.00571895
0.00857843
0.00571895
0.00571895
0.0102124
0.0114379
0.0142974
0.0232843
0.0334967
0.0285948
0.0191993
0.0167484
0.0151144
0.0142974
0.0134804
0.00735294
0.00898693
0.00980392
0.00653595
0.00980392
0.00490196
0.00285948
0.00326797
0.00571895
0.00122549
0.00735294
0.00122549
0.00449346
0.00490196
0.00326797
0.00204248
0.00122549
0.00285948
0.00204248
0.00204248
0
0.00367647
0.00163399
0.00531046
0.00408497
0.00122549
0.00245098
0.00204248
0.00326797
0.00204248
0.000816993
0.00326797
0.00204248
0.00122549
0.00122549
0.00122549
0.00204248
0.00204248
0.00163399
0.00245098
0.00122549
0.00163399
0.00122549
0.000816993
0.00163399
0.000816993
0.000816993
0.00122549
0.000816993
0.000408497
0.000408497
0.000408497
0
0.00571895
0.000816993
0.00163399
0.000408497
0.00163399
0.00163399
0.000816993
0.00122549
0.00245098
0.00163399
0.00367647
0.00367647
0.00163399
0.000816993
0.00122549
0.00285948
0.00204248
0.00163399
0.00163399
0.00326797
0.00326797
0.00326797
0.00122549
0.00245098
0.00163399
0.00367647
0.00245098
0.00326797
0.00285948
0.00245098
0.00204248
0.00285948
0.00245098
0.00326797
0.00449346
0.00367647
0.00531046
0.00408497
0.00612745
0.0163399
0.0445261
0.246732
0.0984477