0
0.0423926
0.00696864
0.0110337
0.00638792
0.00232288
0.0029036
0.0029036
0.00232288
0.00406504
0.00116144
0.0029036
0.00058072
0.00116144
0.00116144
0.00174216
0
0.00174216
0
0.00058072
0.00348432
0.00058072
0
0
0.00058072
0
0.00058072
0.00058072
0.00058072
0.00058072
0.00116144
0.00058072
0
0.00058072
0
0
0
0
0
0
0.00058072
0.00058072
0
0.00348432
0
0.00058072
0.00058072
0.00116144
0.00116144
0
0.00058072
0
0.00058072
0.00116144
0.00058072
0.00116144
0.00058072
0.00116144
0.00058072
0.00058072
0
0.00116144
0
0.00058072
0
0
0.00058072
0.00058072
0.00116144
0
0
0.00058072
0
0.00058072
0
0.00058072
0
0
0
0
0.00116144
0
0.00058072
0.00058072
0
0
0
0
0
0
0
0.00058072
0
0
0.00116144
0
0.00058072
0
0
0.00116144
0
0
0.00174216
0.00058072
0.00058072
0.00058072
0.00058072
0.00058072
0
0.00058072
0.00058072
0.00116144
0
0.00058072
0.00058072
0.00058072
0.00174216
0.00058072
0.00058072
0
0.00058072
0.00058072
0.00058072
0.00116144
0.00116144
0.00058072
0
0
0.00406504
0
0.00116144
0.00116144
0
0.00116144
0.00058072
0.00058072
0.00406504
0.00174216
0.0029036
0.00116144
0.00116144
0.00174216
0.00348432
0.00464576
0.00464576
0.00406504
0.0058072
0.00522648
0.00813008
0.00754936
0.00987224
0.0133566
0.0162602
0.0272938
0.0284553
0.0197445
0.0121951
0.0116144
0.0116144
0.0180023
0.0110337
0.00813008
0.0110337
0.00754936
0.00638792
0.00754936
0.00696864
0.00522648
0.0058072
0.00406504
0.014518
0.0029036
0.00464576
0.00638792
0.00058072
0.00348432
0.00348432
0.00348432
0.0029036
0.00348432
0.00174216
0.0029036
0.0029036
0.0029036
0.00058072
0.0029036
0.00232288
0.00232288
0.00174216
0.00174216
0.00116144
0.00174216
0.00058072
0.00116144
0.0029036
0.00058072
0.00116144
0.00174216
0
0.0029036
0.0029036
0
0.00174216
0.00116144
0.00232288
0.00116144
0.00116144
0.00174216
0.00058072
0.00116144
0.00116144
0.00116144
0
0.00174216
0.00058072
0
0.00174216
0
0.00116144
0.00232288
0.00058072
0.00232288
0.00116144
0.00464576
0
0.00116144
0.00058072
0.00174216
0.00232288
0.00174216
0.00174216
0.00058072
0.00406504
0.00116144
0.00174216
0.00348432
0.00116144
0.00116144
0.00058072
0.00174216
0.00232288
0.00406504
0.00406504
0.00406504
0.0029036
0.00174216
0.00464576
0.00638792
0.00348432
0.00638792
0.00174216
0.00754936
0.00348432
0.0116144
0.139954
0.204413