0
0
0
0
0
0.00309598
0.00309598
0
0
0
0
0
0
0
0
0
0
0
0
0
0
0
0
0
0
0
0
0
0
0
0
0
0
0
0
0
0
0
0
0
0
0
0
0
0
0
0
0
0
0
0
0
0
0
0
0
0
0
0
0
0
0
0
0
0
0
0
0
0
0
0
0
0
0
0
0
0
0
0
0
0
0
0
0
0
0
0
0
0
0
0
0
0
0
0
0
0
0
0
0
0
0
0
0
0
0
0
0
0
0
0
0
0
0
0
0
0
0
0
0
0
0
0
0
0
0
0
0
0
0
0
0
0
0
0
0
0
0
0
0
0
0
0
0
0
0
0
0
0
0
0
0.00309598
0
0
0.00928793
0
0.00928793
0
0.0123839
0.00619195
0
0
0
0.00928793
0.00619195
0.00619195
0
0
0
0
0.126935
0
0
0
0
0.00309598
0
0.00309598
0
0.00309598
0
0.0154799
0.00309598
0
0.0433437
0
0
0.00309598
0
0
0
0.0495356
0
0
0.00928793
0
0.00309598
0
0.0185759
0
0.00309598
0
0
0
0.00619195
0
0.00309598
0
0
0
0
0
0
0.0619195
0
0
0
0
0
0.00309598
0.00309598
0.0185759
0
0.00309598
0
0.00619195
0
0.0309598
0
0
0.0247678
0.0185759
0
0
0.0588235
0
0.0123839
0.0185759
0.0185759
0.00619195
0
0.0340557
0.0154799
0.0216718
0.0340557
0
0.0123839
0.0123839
0.0897833
0.0557276
0.00309598
0.0154799
0.0340557
0
0
0.0247678