0
0
0
0.0026455
0.00529101
0.0026455
0
0.0026455
0
0.0026455
0
0
0.00793651
0
0.010582
0
0
0
0.0026455
0
0
0
0
0
0
0
0
0
0
0
0
0
0
0
0
0
0
0
0
0
0
0
0
0
0
0
0
0
0
0
0
0
0
0
0
0
0
0
0
0
0
0
0
0
0
0
0
0
0
0
0
0
0
0
0
0
0
0
0
0
0
0
0
0
0
0
0
0
0
0
0
0
0
0
0
0
0
0
0
0
0
0
0
0
0
0
0
0
0
0
0
0
0
0
0
0
0
0
0
0
0
0
0
0
0
0
0
0
0
0
0
0
0
0
0
0
0
0
0
0
0
0
0
0
0
0
0
0
0
0.0026455
0
0.00529101
0
0.010582
0.0026455
0
0.015873
0.00529101
0.010582
0.015873
0
0
0.00529101
0.0026455
0.00529101
0.00529101
0
0
0
0
0.111111
0
0
0
0.00793651
0
0
0.0026455
0
0.015873
0
0.026455
0
0
0.0502645
0
0.0026455
0.00793651
0.00529101
0.00529101
0
0.0529101
0
0
0.00529101
0
0.00529101
0
0.0185185
0
0
0
0.0132275
0
0.0026455
0.0026455
0
0
0
0
0
0
0
0.0608466
0
0
0
0
0
0
0.00793651
0.00529101
0
0.00793651
0
0.00529101
0
0.00793651
0
0
0.00529101
0.00793651
0
0
0.0291005
0
0.0026455
0.00793651
0.00793651
0.0026455
0.00529101
0.0449735
0.010582
0.0396825
0.0185185
0
0.0132275
0.0238095
0.042328
0.0396825
0.015873
0.021164
0.037037
0
0
0.0687831