0.00811688
0.225649
0.0974026
0.0243506
0.025974
0.0178571
0.00811688
0.0194805
0.0324675
0.0243506
0.0194805
0.00974026
0.00487013
0.00487013
0.0113636
0.00324675
0.00162338
0.00649351
0.00324675
0.00324675
0.00162338
0.00162338
0
0.00162338
0
0
0
0.00162338
0
0
0
0
0
0
0
0
0
0
0
0
0
0
0
0.00162338
0
0
0
0
0
0
0.00162338
0
0
0
0
0
0
0
0
0
0
0
0
0
0
0
0
0
0
0
0
0
0
0
0
0
0
0
0
0
0
0
0
0
0
0
0
0
0
0
0
0
0
0
0
0
0
0
0
0
0
0
0
0
0
0
0
0
0
0
0
0
0
0
0
0
0
0
0
0
0
0
0
0
0
0
0
0
0.00324675
0
0
0
0
0
0
0
0
0
0.00162338
0
0
0
0
0.00162338
0.00162338
0.00324675
0.00162338
0.00649351
0
0.00649351
0
0.00811688
0.00487013
0.00324675
0.00487013
0
0.00811688
0.00487013
0.00487013
0.00324675
0
0.00162338
0.00487013
0
0.00649351
0
0
0
0
0
0.00811688
0
0
0
0
0
0
0.00162338
0
0.00324675
0
0.00162338
0
0
0
0
0
0
0
0.00162338
0.00162338
0.00162338
0
0
0
0
0.00324675
0
0.00162338
0.00162338
0
0
0.00487013
0
0
0.00162338
0
0.00162338
0
0
0.00162338
0
0
0.00811688
0
0.00162338
0.00162338
0.00162338
0.00162338
0
0.00324675
0
0
0.00487013
0.00324675
0
0
0.00324675
0.00324675
0
0.00162338
0.00324675
0.00324675
0.00162338
0.00324675
0.00162338
0.00162338
0.00162338
0.00162338
0.0113636
0.00162338
0.0113636
0
0.00324675
0.00649351
0.0113636
0.00811688
0.00162338
0.0113636
0.00811688
0.0211039
0.0211039
0.0162338
0.00974026
0.0178571
0.108766