0.0202765
0.159447
0.0672811
0.0276498
0.0138249
0.00368664
0.00645161
0.00184332
0.00276498
0.00645161
0
0.00645161
0
0.000921659
0.00184332
0
0.000921659
0
0
0
0
0.00460829
0
0.000921659
0.00184332
0
0
0
0
0
0.000921659
0
0
0
0
0
0
0
0
0
0
0
0
0.0138249
0
0
0
0
0
0
0
0
0
0.000921659
0
0
0
0
0
0
0
0
0
0
0
0
0
0
0
0
0
0
0
0
0
0
0
0
0
0
0
0
0
0
0
0.00184332
0
0
0
0
0
0
0
0
0
0
0
0
0
0
0
0
0
0
0
0
0.00276498
0
0
0
0
0
0
0
0
0
0
0.000921659
0
0
0
0
0
0
0
0
0
0
0.00921659
0
0
0
0
0.000921659
0
0
0.00276498
0
0.00184332
0
0
0.000921659
0.00184332
0.000921659
0
0.00276498
0
0.00184332
0
0.0119816
0.000921659
0
0.000921659
0.00184332
0.000921659
0.000921659
0.00552995
0.000921659
0.00184332
0.00184332
0.000921659
0.000921659
0.00184332
0.00276498
0.00184332
0.00184332
0
0.000921659
0
0
0.0341014
0
0
0
0
0.000921659
0.00184332
0
0.000921659
0.00276498
0
0.00184332
0.00184332
0.000921659
0.00552995
0
0
0.00645161
0.00184332
0
0
0.00921659
0
0.000921659
0.000921659
0.000921659
0.00368664
0.00184332
0.00184332
0
0
0
0.00276498
0.00184332
0.00184332
0.000921659
0
0
0
0
0
0
0
0.0331797
0
0
0
0.000921659
0
0.000921659
0.00368664
0.00184332
0.00184332
0.00737327
0.00184332
0
0
0.00552995
0.00276498
0.00276498
0.00552995
0.00368664
0.00276498
0.00460829
0.00645161
0.00184332
0.000921659
0.00645161
0.00552995
0.00184332
0.00276498
0.00368664
0.00276498
0.00368664
0.00460829
0.00184332
0.0119816
0.0184332
0.0156682
0.0110599
0.0184332
0.0184332
0.0230415
0.037788
0.0571429
0.170507