0
0.0246914
0.111111
0.100137
0.037037
0.037037
0.0315501
0.0192044
0.0274348
0.0397805
0.0246914
0.042524
0.0466392
0.0493827
0.0507545
0.042524
0.0329218
0.0411523
0.0507545
0.0301783
0.0274348
0.0150892
0.00274348
0.00548697
0.00137174
0.00274348
0.00137174
0
0
0
0
0
0
0
0
0
0
0
0
0
0
0
0
0.00685871
0
0
0
0
0
0
0
0
0
0
0
0
0
0
0
0
0
0
0
0
0
0
0
0
0
0
0
0
0
0
0
0
0
0
0
0
0
0
0
0
0
0.00137174
0
0
0
0
0
0
0
0
0
0
0
0
0
0
0
0
0
0
0
0
0.00137174
0
0
0
0
0
0
0
0
0
0
0
0
0
0
0
0
0
0
0
0
0
0.00548697
0
0
0
0
0
0
0
0
0
0
0
0
0
0
0
0
0.00137174
0
0
0
0
0
0
0
0
0
0
0
0
0
0
0
0
0
0
0
0
0
0
0
0
0
0
0
0
0
0
0
0
0
0
0
0
0
0.00137174
0
0
0
0.00137174
0
0
0
0
0
0
0
0
0
0.00137174
0
0
0
0
0
0
0
0
0
0
0
0
0
0
0
0
0
0
0
0
0
0
0
0
0
0
0
0
0
0
0
0
0
0
0
0.00137174
0
0
0
0
0.00137174
0
0.00137174
0.00137174
0
0.00411523
0
0.00137174
0.00274348
0.00137174
0.00411523
0.00137174
0.00137174
0.00960219
0.00823045
0.0123457
0.00685871
0.0246914