0.0138431
0.171391
0.102835
0.0276862
0.0171391
0.00988794
0.00461437
0.00725115
0.00197759
0.00856955
0.000659196
0.00593276
0.00527357
0.00263678
0.00329598
0.00263678
0.00329598
0.00131839
0.00263678
0.00131839
0.00263678
0.000659196
0
0.00131839
0
0
0.000659196
0.000659196
0.000659196
0
0
0
0
0
0
0
0.000659196
0
0
0
0
0
0
0.00593276
0
0
0
0
0
0
0
0
0
0
0
0
0
0
0
0
0
0
0
0
0
0
0
0
0
0
0
0
0
0
0
0
0
0
0
0
0
0
0
0
0
0
0
0
0
0
0
0
0
0
0
0
0
0
0
0
0
0
0
0
0
0
0
0
0
0
0
0
0
0
0
0
0
0
0
0
0
0
0
0
0
0
0
0
0
0
0
0
0
0
0
0
0
0
0
0
0
0
0
0
0
0
0
0
0
0
0
0.000659196
0
0
0
0
0
0
0
0
0
0
0.000659196
0
0
0
0
0
0
0
0.00329598
0
0
0
0
0
0
0
0
0
0
0.000659196
0.000659196
0
0.00131839
0.000659196
0
0.000659196
0.000659196
0
0
0.00659196
0
0
0.00131839
0
0.00263678
0
0.00461437
0
0.000659196
0
0.00263678
0.000659196
0.00329598
0.00131839
0
0
0
0
0
0
0
0.0276862
0
0
0
0.00131839
0
0.00131839
0.00197759
0.00395517
0.000659196
0.00856955
0.000659196
0.00263678
0.00131839
0.00725115
0.00131839
0
0.00395517
0.00329598
0.00131839
0.000659196
0.0131839
0
0.00395517
0.00593276
0.0138431
0.00263678
0.00461437
0.0112063
0.00659196
0.00659196
0.0151615
0.00461437
0.00922874
0.0224127
0.0171391
0.0184575
0.0316414
0.0217535
0.0263678
0.0421885
0.0494397
0.164799