0
0.102767
0.108696
0.0454545
0.0454545
0.0375494
0.0395257
0.0395257
0.041502
0.0217391
0.013834
0.013834
0.00790514
0.0217391
0.0118577
0.00592885
0.0118577
0.00592885
0.00395257
0.00592885
0.00395257
0.0118577
0
0.00395257
0.00395257
0
0.00790514
0.00395257
0.00790514
0
0.00395257
0
0
0
0.00197628
0.00197628
0.00197628
0
0
0
0.00197628
0
0
0.0118577
0
0
0
0
0
0
0
0
0
0
0.00197628
0
0
0
0
0
0
0
0
0
0.00197628
0
0
0
0
0
0
0
0
0
0
0
0
0
0
0.00197628
0
0
0
0
0
0
0
0
0
0
0
0
0
0
0
0
0
0
0
0
0
0
0
0.00197628
0
0
0
0
0
0.00197628
0
0
0
0
0
0
0
0
0
0
0
0
0.00197628
0
0
0
0
0
0
0
0
0
0
0
0
0
0
0
0.00197628
0
0.00197628
0
0.00592885
0
0
0.00197628
0
0
0.00197628
0.00790514
0.00592885
0.00790514
0.00197628
0.00395257
0.00395257
0
0.00395257
0.00197628
0.00790514
0.00592885
0
0.00395257
0.00592885
0.00395257
0
0.00395257
0.00197628
0
0
0
0.00790514
0
0
0
0.00197628
0
0
0
0
0.00197628
0
0
0
0
0
0
0
0
0.00197628
0.00197628
0
0.00197628
0
0
0
0
0
0
0.00395257
0
0
0.00197628
0
0
0
0.00197628
0
0
0
0
0
0
0
0.00395257
0
0
0.00197628
0
0
0
0.00197628
0
0
0.00395257
0
0
0
0
0
0
0
0
0
0
0.00395257
0.00395257
0
0.00197628
0.00395257
0.00197628
0.00197628
0.0118577
0.00197628
0
0.00790514
0.00197628
0.00197628
0.00790514
0.00395257
0.00395257
0.00197628
0.00790514
0.013834
0.0158103
0.013834
0.100791