0
0.077027
0.174324
0.0878378
0.0324324
0.022973
0.0209459
0.0162162
0.00878378
0.0297297
0.00608108
0.0263514
0.0162162
0.0283784
0.0331081
0.022973
0.0263514
0.0263514
0.0297297
0.0195946
0.0121622
0.0398649
0.00472973
0.0141892
0.0141892
0.0121622
0.0101351
0.0101351
0.0108108
0.00202703
0.00135135
0
0.0027027
0.000675676
0
0.00202703
0.000675676
0
0
0
0
0
0
0.0108108
0
0
0
0
0
0.000675676
0
0.000675676
0
0.00135135
0
0
0
0.000675676
0
0
0
0
0
0
0.00135135
0
0
0
0
0
0
0.00135135
0
0
0.000675676
0
0
0
0
0
0
0
0
0
0
0.00202703
0
0
0
0
0
0
0
0
0
0
0
0
0
0.000675676
0
0
0
0
0
0
0.00337838
0
0
0
0
0
0
0
0
0
0
0
0
0
0
0
0
0
0
0
0
0
0.00675676
0
0
0
0
0
0
0
0
0
0
0
0
0
0
0
0
0
0
0
0
0
0.000675676
0
0
0
0
0
0.00135135
0
0
0
0
0
0
0
0
0
0
0
0
0
0.00202703
0
0
0
0
0
0
0
0
0
0
0
0
0
0
0
0
0
0
0
0
0
0
0
0
0
0
0
0
0
0
0
0.000675676
0
0.000675676
0
0.000675676
0
0
0
0
0
0
0.00202703
0
0
0
0
0.000675676
0
0.000675676
0
0
0
0
0
0
0
0.000675676
0
0.000675676
0
0
0.000675676
0.00540541
0.00135135
0
0.000675676
0.00135135
0.000675676
0.00135135
0.00135135
0.000675676
0.00337838
0.00202703
0
0.00405405
0.00405405
0.0027027
0.000675676
0.0027027
0.00608108
0.00540541
0.00810811
0.00472973
0.0581081