0
0
0.000543478
0.00108696
0.00108696
0.00434783
0.00326087
0.00869565
0.00108696
0.0125
0.000543478
0.011413
0.0076087
0.0048913
0.0293478
0.00163043
0.00652174
0.0146739
0.0108696
0.00978261
0.00163043
0.0548913
0.000543478
0.00380435
0.0141304
0.00163043
0.00869565
0.00978261
0.023913
0.000543478
0.00923913
0.00108696
0.0119565
0.00163043
0.0103261
0.0048913
0.00326087
0.00163043
0.00271739
0.00163043
0
0
0
0.103261
0
0
0.00163043
0.00163043
0.00108696
0.00217391
0.00217391
0.00380435
0
0.00380435
0.000543478
0.00108696
0
0.013587
0
0
0.00217391
0.00108696
0.000543478
0
0.0217391
0
0.000543478
0.00271739
0.00326087
0.000543478
0
0.00869565
0.000543478
0.000543478
0.00108696
0
0.000543478
0.00108696
0.00163043
0.000543478
0.000543478
0
0.000543478
0
0
0.0413043
0
0
0
0.000543478
0.000543478
0
0.00163043
0
0.00108696
0
0.00326087
0
0
0.00923913
0
0.000543478
0.0048913
0.000543478
0.000543478
0
0.0222826
0
0.000543478
0.00326087
0.000543478
0.00380435
0.000543478
0.0119565
0
0.00108696
0.000543478
0.00652174
0.000543478
0.0048913
0.0048913
0
0.00163043
0
0.00108696
0.00108696
0
0
0.0858696
0
0.000543478
0.00108696
0.00217391
0.00326087
0.00543478
0.00652174
0.00597826
0
0.00597826
0
0.00108696
0
0.0108696
0.00217391
0
0.00652174
0.00163043
0.00108696
0.000543478
0.0201087
0.000543478
0.00108696
0.00326087
0.00434783
0.00108696
0.000543478
0.00706522
0.00108696
0.00217391
0.00271739
0
0.000543478
0.00326087
0.000543478
0.000543478
0.000543478
0.000543478
0
0
0
0.0315217
0
0
0
0
0.000543478
0.000543478
0
0
0.00217391
0
0.00108696
0.00108696
0
0.00326087
0
0.000543478
0
0
0.000543478
0
0.00815217
0
0
0.000543478
0
0.00108696
0
0.00217391
0
0
0
0.00163043
0
0
0.000543478
0
0
0
0
0
0
0
0.00815217
0
0
0
0
0
0
0.000543478
0.00108696
0
0
0
0
0
0.00434783
0
0
0
0
0
0
0.0076087
0
0
0
0.000543478
0
0
0.00706522
0
0
0.00380435
0
0
0.000543478
0.00163043
0.000543478
0.00108696
0.00108696
0
0
0
0.105435