0
0
0
0
0
0
0
0
0
0
0
0
0
0
0
0
0
0
0
0
0
0.00225225
0
0
0
0
0
0
0
0
0
0
0
0
0
0
0
0
0
0
0
0
0
0.00225225
0
0
0
0
0
0
0
0
0
0
0
0
0
0
0
0
0
0
0
0
0
0
0
0
0
0
0
0
0
0
0
0
0
0
0
0
0
0
0
0
0
0.0015015
0
0
0
0
0
0
0
0
0
0
0
0
0
0
0
0
0
0
0
0
0
0
0
0
0
0
0
0
0
0
0
0
0
0
0
0
0
0
0
0
0
0
0.00750751
0
0
0
0
0
0
0
0
0
0
0
0
0
0.0045045
0.000750751
0
0.00375375
0.003003
0.00225225
0
0.0292793
0.0015015
0.0142643
0.0135135
0.03003
0.0292793
0.0105105
0.0510511
0.0127628
0.0255255
0.0548048
0.0015015
0.0172673
0.0382883
0.0195195
0.0172673
0.0127628
0.0015015
0.000750751
0
0
0.251502
0
0
0
0
0
0.00225225
0.00375375
0
0.012012
0
0.0217718
0
0
0.0533033
0
0
0.003003
0
0
0
0.0765766
0
0
0
0
0.00225225
0
0.0292793
0
0
0
0.003003
0
0
0
0
0
0
0
0
0
0
0.0653153
0
0
0
0
0
0
0
0
0
0.0015015
0
0
0
0.00975976
0
0
0.000750751
0
0
0
0.0172673
0
0
0
0
0
0
0.00675676
0
0
0.0015015
0
0
0.000750751
0.000750751
0
0
0
0
0
0
0.0277778