0
0
0
0
0
0.010582
0.00793651
0.0224868
0.00132275
0.0449735
0.00132275
0.0462963
0.010582
0.0026455
0.0582011
0
0.0119048
0.0171958
0.010582
0.00396825
0
0.0515873
0
0.0026455
0.00396825
0
0.0185185
0.00396825
0.0145503
0
0.00529101
0.00132275
0.00793651
0
0.00529101
0.00529101
0.0026455
0.00132275
0.00132275
0
0
0
0
0.0462963
0
0
0
0.00132275
0
0
0.00132275
0.0026455
0
0.00396825
0
0
0
0.00793651
0
0
0.0026455
0.00132275
0
0
0.010582
0
0
0
0
0
0
0.00396825
0
0
0.00132275
0
0
0
0
0
0
0
0
0
0
0.0251323
0
0
0
0
0
0
0
0
0.00132275
0
0
0
0
0.00396825
0
0
0
0
0
0
0.00793651
0
0
0
0
0
0
0.00529101
0
0
0
0.00396825
0
0.0026455
0.00132275
0
0
0
0
0
0
0
0.0515873
0
0
0
0
0
0.00661376
0.00132275
0.00396825
0
0.010582
0
0.0026455
0
0.00925926
0.00132275
0
0.00132275
0.00132275
0
0
0.0185185
0
0
0.00132275
0.0026455
0
0
0.00529101
0
0.0026455
0.00132275
0
0
0.0026455
0.00132275
0
0
0.0026455
0
0
0
0.0462963
0
0
0
0
0
0
0
0
0
0
0.00132275
0
0
0.00925926
0
0
0.00132275
0.00132275
0
0
0.0026455
0
0
0
0
0.00132275
0
0.00132275
0
0
0
0
0
0.00132275
0
0
0
0
0
0
0
0
0.021164
0
0
0
0
0
0
0
0.00132275
0
0.00132275
0
0
0
0.00396825
0
0
0.00132275
0
0
0
0.0145503
0
0
0
0.00132275
0
0
0.00661376
0
0.00132275
0.00925926
0
0
0.00396825
0.0026455
0
0.00132275
0.00132275
0
0
0
0.223545