0
0
0
0
0
0
0
0
0
0
0
0
0
0
0.0014245
0
0
0
0
0
0
0.0042735
0
0
0
0
0
0
0
0
0
0
0
0
0
0
0
0
0
0
0
0
0
0.0014245
0
0
0
0
0
0
0
0
0
0
0
0
0
0
0
0
0
0
0
0
0
0
0
0
0
0
0
0
0
0
0
0
0
0
0
0
0
0
0
0
0
0
0
0
0
0
0
0
0
0
0
0
0
0
0
0
0
0
0
0
0
0
0.0014245
0
0
0
0
0
0
0
0
0
0
0
0
0
0
0
0
0
0
0
0
0
0.002849
0
0
0
0
0
0
0
0
0
0
0
0
0
0.002849
0.0014245
0
0.002849
0.0042735
0.0014245
0
0.022792
0.0014245
0.017094
0.0156695
0.0213675
0.0213675
0.00712251
0.0555556
0.014245
0.031339
0.0626781
0.00569801
0.0185185
0.0527066
0.0356125
0.017094
0.0242165
0.0014245
0
0
0
0.294872
0
0
0
0
0.0014245
0
0.00712251
0
0.00997151
0
0.022792
0
0
0.0527066
0
0
0.002849
0.0014245
0
0
0.0555556
0
0
0.0014245
0
0.0014245
0
0.017094
0
0
0
0.0014245
0
0
0
0
0
0
0
0
0
0
0.039886
0
0
0
0
0
0
0
0
0
0
0
0
0
0.00712251
0
0
0
0
0
0
0.00997151
0
0
0
0
0
0
0.0042735
0
0
0.0014245
0
0
0
0
0
0
0
0
0
0
0.017094