0
0
0
0
0
0
0
0
0
0
0
0
0
0
0
0
0
0
0
0
0
0
0
0
0
0
0
0
0
0
0
0
0
0
0
0
0
0
0
0
0
0
0
0
0
0
0
0
0
0
0
0
0
0
0
0
0
0
0
0
0
0
0
0
0
0
0
0
0
0
0
0
0
0
0
0
0
0
0
0
0
0
0
0
0
0
0
0
0
0
0
0
0
0
0
0
0
0
0
0
0
0
0
0
0
0
0
0
0
0
0
0
0
0
0
0
0
0
0
0
0
0
0
0
0
0
0
0
0.00206612
0
0
0
0
0
0
0
0
0
0
0
0
0
0
0
0
0.00206612
0
0
0
0.0123967
0.00206612
0.00826446
0.00413223
0.0165289
0.0289256
0.00619835
0.0516529
0.0227273
0.0454545
0.0826446
0
0.0289256
0.0516529
0.0433884
0.0289256
0.053719
0.0123967
0
0
0
0.28719
0
0
0
0
0
0
0.0103306
0
0.0103306
0
0.0247934
0
0
0.0743802
0
0
0.00206612
0
0
0
0.0557851
0
0
0
0
0
0
0.00826446
0
0
0
0.00619835
0
0
0
0
0
0
0
0
0
0
0.0103306
0
0
0
0
0
0
0
0
0
0
0
0
0
0.00206612
0
0
0
0
0
0
0
0
0
0
0
0
0
0.00206612
0
0
0
0
0
0
0
0
0
0
0
0
0
0.00206612