0
0
0.00228833
0
0.00686499
0.00228833
0.00457666
0.00457666
0
0.0114416
0.00686499
0.00686499
0.01373
0.00457666
0.00915332
0.00686499
0.01373
0.01373
0.02746
0.0114416
0.020595
0.0411899
0.00686499
0.0251716
0.0320366
0.0114416
0.0251716
0.0228833
0.020595
0.00686499
0.00915332
0.00228833
0.0114416
0.00228833
0.00686499
0.00457666
0.0114416
0.00457666
0.00686499
0.0114416
0.00457666
0
0
0.0434783
0
0.00228833
0.00228833
0.00228833
0.00457666
0
0.00457666
0
0
0.00686499
0
0.00228833
0
0.00228833
0
0
0
0.00228833
0.00228833
0
0.00915332
0.00228833
0
0.00457666
0.00457666
0.00228833
0
0.00457666
0.00457666
0
0.00228833
0
0
0.00457666
0.00686499
0.00228833
0
0
0
0
0
0.01373
0
0
0
0.00228833
0
0.00228833
0.00228833
0
0.00228833
0
0.00228833
0.00228833
0
0.0114416
0
0
0
0.00228833
0
0.00228833
0.00457666
0
0
0.00228833
0.00228833
0.00915332
0
0.00915332
0
0
0.00457666
0.00228833
0.00228833
0.00228833
0.00686499
0.00228833
0.00228833
0.00457666
0.00228833
0.00457666
0
0
0.0343249
0.00228833
0
0.00686499
0.00915332
0.00915332
0.00228833
0.00915332
0
0.00915332
0.00915332
0.00228833
0.00686499
0.00228833
0.00915332
0.00915332
0.00228833
0
0.0114416
0.00228833
0.00228833
0.0114416
0.00228833
0.0183066
0.00915332
0.00915332
0.0114416
0.00228833
0.0160183
0.00228833
0.00457666
0.00686499
0
0
0
0
0
0.00228833
0
0.00228833
0
0
0.00686499
0
0
0
0
0
0.00228833
0.00457666
0
0
0
0
0
0.00457666
0
0
0
0
0
0
0
0.00228833
0
0
0.00228833
0
0
0
0
0
0
0
0
0
0
0
0
0
0
0
0
0
0
0.00686499
0
0
0
0
0
0
0
0
0
0
0
0
0
0.00228833
0
0
0.00228833
0.00228833
0
0
0.00457666
0
0
0
0.00228833
0
0
0.00457666
0.00228833
0
0.00228833
0
0.00228833
0
0.00228833
0
0
0.00915332
0.00228833
0
0
0.0297483