0
0
0
0
0
0.000692521
0
0
0.000692521
0.000692521
0.000692521
0
0
0.000692521
0.000692521
0
0
0.00138504
0.00138504
0.000692521
0
0.00277008
0
0
0.00207756
0
0.000692521
0
0.000692521
0
0.000692521
0
0.00277008
0
0
0
0
0
0.00138504
0.000692521
0
0
0
0.00277008
0.000692521
0
0
0
0.000692521
0
0
0
0
0.000692521
0
0.000692521
0
0.00138504
0.000692521
0
0
0.00207756
0
0
0.000692521
0
0
0
0
0
0
0.00207756
0
0
0
0
0
0.000692521
0
0
0
0
0
0
0
0
0
0
0
0
0
0
0
0
0
0.000692521
0.00138504
0
0
0
0
0
0
0
0.000692521
0
0.000692521
0
0
0
0
0.00138504
0
0.000692521
0
0
0
0.000692521
0
0.00138504
0.00207756
0
0.000692521
0
0
0
0
0
0.00415512
0
0
0
0
0
0.000692521
0.00138504
0
0.000692521
0
0.00138504
0.00277008
0.00138504
0.00900277
0.00831025
0.00415512
0.015928
0.015928
0.015928
0.017313
0.0554017
0.0422438
0.0415512
0.0436288
0.0526316
0.0297784
0.0353186
0.0380886
0.0277008
0.0200831
0.031856
0.0138504
0.015928
0.0138504
0.0221607
0.00900277
0.0110803
0.0103878
0.00554017
0.00415512
0
0.113573
0
0.00138504
0.00138504
0
0.0034626
0.00277008
0.00484765
0.00207756
0.0124654
0
0.0277008
0.000692521
0.00207756
0.0270083
0.000692521
0
0.00484765
0.000692521
0
0.000692521
0.0277008
0
0
0.000692521
0
0.00415512
0
0.0166205
0
0
0.000692521
0.00554017
0
0.00207756
0
0
0.000692521
0
0
0
0
0
0.0277008
0
0
0
0
0.000692521
0.000692521
0.000692521
0.00207756
0
0.0034626
0
0
0
0.0034626
0
0
0.00138504
0
0
0
0.00831025
0
0
0
0.000692521
0.000692521
0
0.000692521
0
0
0.000692521
0
0
0.000692521
0.00138504
0.000692521
0
0
0
0
0
0.0152355