0
0
0
0
0
0
0
0
0
0
0
0
0
0
0
0
0
0
0
0
0
0
0
0
0
0
0
0
0
0
0
0
0
0
0
0
0
0
0
0
0
0
0
0.00238095
0
0
0
0
0
0
0
0
0
0
0
0
0
0
0
0
0
0
0
0
0
0
0
0
0
0
0
0
0
0
0
0
0
0
0
0
0
0
0
0
0
0
0
0
0
0
0
0
0
0
0
0
0
0
0
0
0
0
0
0
0
0
0
0
0
0
0
0
0
0
0
0
0
0
0
0
0
0
0
0
0
0
0
0
0.0015873
0
0
0
0
0
0
0
0.000793651
0
0
0
0
0
0.00238095
0.000793651
0
0.0031746
0.00238095
0.0031746
0
0.0142857
0.000793651
0.0142857
0.0150794
0.0222222
0.0206349
0.0111111
0.0571429
0.0261905
0.0444444
0.0547619
0.0015873
0.0277778
0.0666667
0.0325397
0.0190476
0.018254
0.0047619
0.000793651
0
0
0.260317
0
0
0
0
0.0015873
0.0015873
0.00396825
0
0.0150794
0
0.0190476
0
0
0.081746
0
0
0.00238095
0
0
0
0.0785714
0
0
0
0
0
0
0.015873
0
0
0
0.0015873
0
0
0
0
0
0
0
0
0
0
0.0333333
0
0
0
0
0
0
0
0
0
0
0
0
0
0.00555556
0
0
0
0
0
0
0.0047619
0
0
0
0
0
0
0.000793651
0
0
0
0
0
0.000793651
0
0
0
0
0
0
0
0.00396825