0
0
0
0
0
0
0
0
0
0
0
0
0
0
0
0
0
0
0
0
0
0
0
0
0
0
0
0
0
0
0
0
0
0
0
0
0
0
0
0
0
0
0
0
0
0
0
0
0
0
0
0
0
0
0
0
0
0.00181159
0
0
0
0
0
0
0
0
0
0
0
0
0
0
0
0
0
0
0
0
0
0
0
0
0
0
0
0
0
0
0
0
0
0
0
0
0
0
0
0
0
0
0
0
0
0
0
0
0
0
0
0
0
0
0
0
0
0
0
0
0
0
0
0
0
0
0
0
0
0
0.00543478
0
0
0
0
0
0
0
0
0
0
0
0
0
0.00724638
0.00181159
0.00181159
0.00543478
0.00724638
0.00543478
0
0.0307971
0.00362319
0.0199275
0.0253623
0.0398551
0.0253623
0.0126812
0.0833333
0.0307971
0.0271739
0.0869565
0.00905797
0.0235507
0.0507246
0.0452899
0.0253623
0.0181159
0
0.00543478
0
0
0.266304
0
0
0
0
0.00181159
0.00362319
0
0
0.0126812
0
0.0217391
0.00362319
0
0.0235507
0
0
0.00362319
0
0
0
0.0217391
0
0
0.00181159
0
0.00362319
0
0.00362319
0
0
0
0.00362319
0
0
0
0
0
0
0
0
0
0
0.0163043
0
0
0
0
0
0
0
0
0
0.00543478
0
0
0
0
0
0
0
0
0
0
0
0
0
0
0
0
0
0
0
0
0
0
0
0
0
0
0
0
0
0
0
0.00724638