0
0
0
0
0
0
0
0
0
0.000919118
0
0
0
0
0.000919118
0
0
0.000919118
0.000919118
0
0
0
0
0
0
0
0
0
0.000919118
0
0
0
0
0.000919118
0
0
0
0
0
0
0
0
0
0.00367647
0
0
0
0
0
0.000919118
0
0
0.000919118
0
0
0
0
0
0
0
0
0
0
0
0.00275735
0
0.000919118
0.000919118
0
0.000919118
0
0.00459559
0
0
0
0
0
0
0
0
0.000919118
0
0.000919118
0
0
0.000919118
0
0
0
0
0.000919118
0
0
0
0
0
0.00183824
0
0
0.000919118
0
0
0.000919118
0
0.00183824
0
0.000919118
0
0
0.000919118
0
0
0
0.000919118
0
0
0.000919118
0.00367647
0.000919118
0
0
0.00275735
0.000919118
0
0.000919118
0
0
0
0.00643382
0
0
0
0.000919118
0.000919118
0.000919118
0
0.000919118
0.00459559
0.00367647
0.00183824
0.00275735
0.00551471
0.0119485
0.0147059
0.0110294
0.0165441
0.0137868
0.0183824
0.0174632
0.0395221
0.0514706
0.0606618
0.0505515
0.0533088
0.046875
0.0431985
0.0431985
0.0340074
0.0266544
0.0487132
0.03125
0.0257353
0.0211397
0.0284926
0.0119485
0.0202206
0.0128676
0.00551471
0.0110294
0.00275735
0.0597426
0.000919118
0.00551471
0.00459559
0.00551471
0.00459559
0.00367647
0.00183824
0.00183824
0.00827206
0
0.00459559
0.00367647
0.00275735
0.00551471
0
0.00275735
0.000919118
0.00367647
0.000919118
0.000919118
0.00459559
0.000919118
0.000919118
0.00183824
0
0.000919118
0.000919118
0.00275735
0
0
0
0.000919118
0
0
0
0
0
0
0
0
0
0
0.000919118
0
0
0
0
0
0
0.000919118
0.000919118
0
0
0
0
0
0
0.00183824
0
0
0
0
0
0.00643382
0
0
0
0
0.000919118
0
0
0
0
0.000919118
0
0
0
0
0
0.000919118
0
0
0
0
0.00551471