0
0
0.002772
0.003465
0.001386
0.002772
0.00485101
0.00554401
0.00693001
0.011088
0.00554401
0.01386
0.00900901
0.00900901
0.025641
0.010395
0.010395
0.014553
0.020097
0.026334
0.015246
0.049203
0.000693001
0.011088
0.033957
0.00554401
0.02079
0.023562
0.015939
0.002772
0.012474
0.004158
0.004158
0.00762301
0.00554401
0.011088
0.00623701
0.002772
0.001386
0.00693001
0.000693001
0
0
0.030492
0
0
0.002079
0.000693001
0.002079
0
0.002079
0.003465
0.000693001
0.00693001
0
0.001386
0
0.011781
0.000693001
0
0.00623701
0.000693001
0.000693001
0
0.01386
0
0.001386
0.000693001
0.00623701
0.001386
0
0.00554401
0
0.001386
0.00831601
0
0.000693001
0.003465
0.001386
0.000693001
0.001386
0
0.000693001
0
0
0.022176
0
0
0
0
0.001386
0
0.00485101
0
0.00762301
0
0.00485101
0.002079
0.002079
0.00900901
0.002079
0
0.003465
0.001386
0.003465
0
0.00831601
0
0
0.001386
0.000693001
0.00554401
0.00485101
0.00693001
0.002079
0.00623701
0.000693001
0.00762301
0.004158
0.00831601
0.00485101
0.003465
0.001386
0.001386
0.00831601
0.001386
0.000693001
0
0.04851
0
0.00762301
0.004158
0.00623701
0.00554401
0.003465
0.00693001
0.004158
0.00485101
0.00831601
0.002772
0.00623701
0.003465
0.00693001
0.00693001
0.000693001
0.00485101
0.00485101
0.000693001
0.002079
0.00693001
0.000693001
0.003465
0.001386
0.002079
0.003465
0.002079
0.004158
0.002772
0.002079
0.003465
0.000693001
0.002772
0.001386
0.003465
0.000693001
0.000693001
0
0.000693001
0
0
0.011088
0
0
0.000693001
0.000693001
0.000693001
0.002079
0.001386
0.000693001
0.002079
0.000693001
0.002079
0.001386
0.000693001
0.003465
0.001386
0.000693001
0.001386
0.002079
0.000693001
0.000693001
0.003465
0
0
0.000693001
0
0.000693001
0
0.000693001
0
0.000693001
0.000693001
0.000693001
0
0
0.000693001
0.001386
0
0.000693001
0
0
0
0
0.00762301
0
0
0
0
0.002079
0.000693001
0
0.001386
0
0.001386
0
0.001386
0
0.003465
0.000693001
0
0.002079
0.001386
0
0
0.00623701
0.000693001
0
0.000693001
0.001386
0.000693001
0
0.001386
0
0.001386
0.000693001
0
0.001386
0.002079
0.004158
0.002079
0.004158
0.002079
0.001386
0
0
0.03465