0
0
0
0
0
0
0
0
0
0
0
0
0
0
0
0
0
0
0
0
0
0.00189394
0
0
0
0
0
0
0
0
0
0
0
0
0
0
0
0
0
0
0
0
0
0.00189394
0
0
0
0
0
0
0
0
0
0
0
0
0
0
0
0
0
0
0
0
0
0
0
0
0
0
0
0
0
0
0
0
0
0
0
0
0
0
0
0
0
0
0
0
0
0
0
0
0
0
0
0
0
0
0
0
0
0
0
0
0
0
0
0
0
0
0
0
0
0
0
0
0
0
0
0
0
0
0
0
0
0
0
0
0.00189394
0
0
0
0
0
0
0
0
0
0
0
0
0
0.00189394
0
0
0
0
0
0
0.030303
0
0.0132576
0.0094697
0.0227273
0.0265152
0.00189394
0.0530303
0.00568182
0.0492424
0.0795455
0
0.0208333
0.0416667
0.0208333
0.0189394
0.0227273
0.00568182
0
0
0
0.282197
0
0
0
0
0
0
0.00378788
0
0.0170455
0
0.030303
0
0
0.0719697
0
0
0.00189394
0
0
0
0.0473485
0
0
0
0
0
0
0.0530303
0
0
0
0
0
0
0
0
0
0
0
0
0
0
0.0416667
0
0
0
0
0
0
0
0
0
0
0
0
0
0.00189394
0
0
0.00189394
0
0
0
0
0
0
0
0
0
0
0.00189394
0
0
0
0
0
0
0
0
0
0
0
0
0
0.0151515