0.000811425
0.00373255
0.00665368
0.00567997
0.00827653
0.0348913
0.0451152
0.0207725
0.0124959
0.0110354
0.00632911
0.00778968
0.00843882
0.00632911
0.00843882
0.00503083
0.00567997
0.00584226
0.0053554
0.0064914
0.00373255
0.00795196
0.00600454
0.00519312
0.00730282
0.00308341
0.00584226
0.00567997
0.00665368
0.00373255
0.00357027
0.00357027
0.00292113
0.00275884
0.00194742
0.00292113
0.0021097
0.00259656
0.0032457
0.00129828
0.00129828
0.000811425
0
0.0548523
0.00113599
0.00113599
0.00129828
0.00146056
0.00162285
0.00129828
0.00146056
0.00243427
0.00178513
0.00178513
0.000486855
0.00227199
0.000811425
0.00438169
0.00113599
0.000486855
0.00178513
0.00146056
0.000486855
0.00032457
0.00681597
0.00097371
0.00113599
0.00032457
0.00113599
0.00113599
0.00032457
0.00405712
0.00032457
0.00146056
0.00146056
0.00032457
0.000811425
0.00146056
0.00113599
0.000486855
0.000811425
0.000486855
0.000162285
0
0
0.0133074
0
0
0.000162285
0.00064914
0.00032457
0.00064914
0.000811425
0
0.00146056
0
0.00194742
0.000811425
0.000486855
0.00421941
0.00032457
0.000811425
0.00129828
0.00064914
0.00032457
0.000486855
0.00584226
0.000162285
0.000486855
0.00129828
0.000162285
0.00243427
0.00064914
0.00405712
0.00032457
0.00097371
0.000486855
0.00357027
0.000486855
0.00162285
0.00178513
0.00194742
0.00113599
0.00113599
0.00097371
0.000486855
0.000811425
0.000162285
0.0477118
0.00146056
0.00227199
0.00129828
0.0021097
0.00357027
0.00227199
0.00275884
0.00292113
0.00162285
0.00373255
0.000811425
0.00178513
0.00097371
0.0053554
0.00227199
0.00129828
0.00373255
0.00227199
0.00113599
0.00097371
0.00876339
0.00113599
0.000811425
0.000811425
0.00243427
0.00113599
0.0021097
0.00405712
0.00162285
0.00162285
0.00308341
0.000811425
0.000811425
0.00308341
0.00243427
0.00113599
0.00113599
0.00032457
0.00178513
0.00113599
0.00032457
0.0121714
0.00064914
0.00064914
0.000486855
0.00113599
0.00064914
0.000811425
0.000162285
0.000162285
0.00097371
0.000162285
0.00194742
0.000162285
0.00032457
0.00227199
0.00032457
0.00064914
0.00032457
0.000486855
0.000811425
0.000162285
0.00227199
0.000162285
0.000162285
0.000162285
0.00064914
0.000162285
0.000162285
0.000811425
0.00032457
0.00032457
0
0.000162285
0
0.00129828
0.000162285
0.00032457
0.000162285
0.000486855
0
0.000162285
0.00032457
0
0.0181759
0.000162285
0.00032457
0.000162285
0.000486855
0.000486855
0.000486855
0.00064914
0.00032457
0.000811425
0.000811425
0.00032457
0.000162285
0.00032457
0.00129828
0.00032457
0.00064914
0.00064914
0.00032457
0.000811425
0.00032457
0.00340798
0.00064914
0.00064914
0.00097371
0.00146056
0.00064914
0.00162285
0.00178513
0.00162285
0.000811425
0.00227199
0.0021097
0.00162285
0.00178513
0.00243427
0.00405712
0.00292113
0.00340798
0.00308341
0.00162285
0.00243427
0.296008