0.00204082
0.00489796
0.00571429
0.0114286
0.0191837
0.0232653
0.0167347
0.015102
0.0171429
0.017551
0.0155102
0.0130612
0.00816326
0.0122449
0.00571429
0.00938775
0.00530612
0.00612245
0.0044898
0.00285714
0.00326531
0.00367347
0.00285714
0.0044898
0.00326531
0.00285714
0.00204082
0.00163265
0.00326531
0.00122449
0.00244898
0.00204082
0.00244898
0.00285714
0.00244898
0.00285714
0.00408163
0.00408163
0.00204082
0.00326531
0.00367347
0.00163265
0.000408163
0.0689796
0.000816327
0.00163265
0.00163265
0.00163265
0.00163265
0.00204082
0.0044898
0.00408163
0.00204082
0.00204082
0.00244898
0.00244898
0.00204082
0.00204082
0.000816327
0.00326531
0.000408163
0.00163265
0.00326531
0.000816327
0.000816327
0.000408163
0.00122449
0.00204082
0.00163265
0.00163265
0.00122449
0.00326531
0.00285714
0.00163265
0.00326531
0.00122449
0.000408163
0.00122449
0.00367347
0.00122449
0
0.000408163
0.00122449
0.00122449
0.000408163
0.00326531
0.00163265
0.00122449
0.00285714
0.000816327
0.00122449
0.00163265
0.00122449
0.000816327
0.000408163
0.00204082
0.00122449
0.00326531
0.00285714
0.00204082
0.00285714
0.000816327
0.000408163
0.000408163
0.000816327
0.000408163
0.00285714
0.000816327
0.00163265
0.00285714
0.00244898
0.00285714
0.00204082
0.00244898
0
0.00204082
0.000408163
0.000408163
0.00122449
0.000408163
0.00326531
0
0.000816327
0.000816327
0.00163265
0.00163265
0.00163265
0.000408163
0.0473469
0.000408163
0.00122449
0.000816327
0.000408163
0.000408163
0.00163265
0.000408163
0.000816327
0.00122449
0.000408163
0.00163265
0.000816327
0.000816327
0.00122449
0.000816327
0.000816327
0.00204082
0.000816327
0.00122449
0.000816327
0.00122449
0.000816327
0.000408163
0.000408163
0.000816327
0.000816327
0.000408163
0.000408163
0.000816327
0.00122449
0.00122449
0.000816327
0
0.000408163
0.00122449
0.00122449
0.000816327
0.000816327
0.000408163
0.00122449
0.000816327
0.00285714
0
0
0.000816327
0.00122449
0.000408163
0.00244898
0.000408163
0.000408163
0.000816327
0
0.000408163
0.00122449
0.000408163
0.000816327
0.00122449
0
0.00204082
0.000408163
0.000408163
0.000816327
0
0
0.000408163
0.000816327
0.000408163
0
0
0.000816327
0.000408163
0
0
0.000408163
0
0.000408163
0.000408163
0
0.000408163
0.000816327
0.000408163
0
0.00122449
0
0.00979592
0
0
0.000816327
0.000408163
0.00163265
0
0
0.000816327
0.000408163
0
0
0.000408163
0.000816327
0.000408163
0.000816327
0.000816327
0.000816327
0
0.000816327
0.000816327
0.000408163
0.00122449
0.000408163
0.00163265
0.00204082
0.000408163
0.000408163
0.00163265
0.000408163
0.000408163
0.00244898
0.00244898
0.00244898
0.00408163
0.00204082
0.00122449
0.00204082
0.00326531
0.00204082
0.00367347
0.00408163
0.350204