0.000192938
0
0.00713872
0.00366583
0.0050164
0.00270114
0.00270114
0.00173645
0.00135057
0.00347289
0.000771754
0.00347289
0.00173645
0.000385877
0.00636697
0.000964692
0.00115763
0.00308702
0.00231526
0.00135057
0.000578815
0.0108046
0.000385877
0.000385877
0.0025082
0.000385877
0.00308702
0.00231526
0.00791048
0.000192938
0.00231526
0.000385877
0.00559522
0.00212232
0.00347289
0.00192938
0.00115763
0.000578815
0.00135057
0.000385877
0.000385877
0
0
0.0445688
0
0
0.000964692
0.000771754
0.00115763
0.000964692
0.00135057
0.00347289
0
0.00212232
0
0.00115763
0
0.00347289
0.000192938
0
0.00173645
0.00115763
0
0
0.00675285
0
0.000192938
0
0.000192938
0
0
0.00212232
0
0
0.00154351
0
0
0.000578815
0.000192938
0.000385877
0.000192938
0
0
0
0
0.0102257
0
0
0
0
0
0
0
0
0
0
0.000385877
0.000385877
0
0.00115763
0
0
0
0
0
0
0.00327995
0
0
0
0
0
0
0.00212232
0
0
0
0
0
0
0.000385877
0
0
0
0
0
0
0
0.0239244
0
0
0
0
0.000192938
0.000578815
0.000771754
0.000771754
0
0.000964692
0.000385877
0.000771754
0.000192938
0.00578815
0.00173645
0.000964692
0.00289408
0.00424465
0.00463052
0.00520934
0.0297125
0.0169786
0.0254679
0.0378159
0.0355007
0.028169
0.0277831
0.0273973
0.0136986
0.0152421
0.0119622
0.00385877
0.00463052
0.00848929
0.00713872
0.00463052
0.00385877
0.00463052
0.000771754
0.00135057
0
0.0457264
0
0.00115763
0.00154351
0.00115763
0.00270114
0.00231526
0.00270114
0.00154351
0.00463052
0.000578815
0.00424465
0.00270114
0.0025082
0.00482346
0.000964692
0.000771754
0.00366583
0.00270114
0.00154351
0.000192938
0.00733166
0
0.00135057
0.00154351
0.000964692
0.00289408
0.000771754
0.00347289
0.000192938
0.00154351
0.00115763
0.00192938
0.00173645
0.00270114
0.00154351
0.000578815
0.00115763
0.000771754
0.000771754
0
0
0
0.0146633
0
0
0.00154351
0.000385877
0.000578815
0.000771754
0.00308702
0.00135057
0.000578815
0.00192938
0.000771754
0.00115763
0.00154351
0.00385877
0.000771754
0.000578815
0.00366583
0.00154351
0.00115763
0.000385877
0.00983986
0.00135057
0.00212232
0.0025082
0.00424465
0.00270114
0.00192938
0.00540228
0.00289408
0.00231526
0.00655991
0.00289408
0.00366583
0.00848929
0.00733166
0.0191009
0.00791048
0.0503569
0.0050164
0.0580745
0
0.0802624