7.97194e-005
0.0269452
0.017618
0.0142698
0.0102041
0.00661671
0.00470344
0.00526148
0.00294962
0.00542092
0.00231186
0.0049426
0.00358737
0.00326849
0.00342793
0.00326849
0.0024713
0.00271046
0.00271046
0.0020727
0.00279018
0.00717474
0.000876913
0.00271046
0.00302934
0.00191327
0.00478316
0.00334821
0.0049426
0.00127551
0.00430485
0.00223214
0.00438457
0.00334821
0.0049426
0.00558036
0.00366709
0.00318878
0.00422513
0.00406569
0.00302934
0.000637755
0.000159439
0.0330835
0.000318878
0.00255102
0.00478316
0.00342793
0.00342793
0.00438457
0.00558036
0.00406569
0.00478316
0.00478316
0.0024713
0.00414541
0.000956633
0.00669643
0.00390625
0.00151467
0.00502232
0.00374681
0.00167411
0.000318878
0.0102041
0.000956633
0.00239158
0.0020727
0.00302934
0.00143495
0.000956633
0.00414541
0.00103635
0.00167411
0.00255102
0.000318878
0.000717474
0.0024713
0.000797194
0.000637755
0.000717474
0.000717474
0.000239158
0
0
0.0123565
0
0.000159439
0.000159439
0.000398597
0.000398597
0.000637755
0.000637755
0.000318878
0.00175383
0.000159439
0.00215242
0.00103635
0.000398597
0.00279018
7.97194e-005
0.000478316
0.00151467
0.000318878
0.000318878
0.000398597
0.00685587
0.000239158
0.000318878
0.000717474
7.97194e-005
0.00175383
0.000797194
0.00478316
0.000239158
0.000478316
0.000318878
0.00191327
0.000717474
0.00127551
0.00103635
0.000318878
0.000558036
7.97194e-005
0.000318878
0.000159439
0.000318878
7.97194e-005
0.0277423
7.97194e-005
0.000558036
0.000478316
0.000797194
0.000876913
0.000558036
0.000717474
0.00215242
0.000478316
0.00430485
0.000478316
0.00111607
0.000239158
0.00725446
0.000876913
0.000478316
0.00279018
0.00231186
0.00135523
0.00151467
0.0133929
0.00486288
0.00725446
0.00581952
0.00765306
0.00518176
0.00446429
0.00948661
0.00398597
0.00438457
0.00566008
0.00127551
0.00263074
0.00366709
0.00302934
0.00255102
0.00271046
0.00223214
0.000239158
0.000239158
7.97194e-005
0.0327647
0.000159439
0.000239158
0.000398597
0.00215242
0.00366709
0.0028699
0.00366709
0.000717474
0.00542092
0.000318878
0.00629783
0.00350765
0.00239158
0.0098852
0.00127551
0.00175383
0.00358737
0.00199298
0.00135523
0.000797194
0.0122768
0
0.000558036
0.00271046
0.000318878
0.00271046
0.00111607
0.00669643
0.000318878
0.000717474
0.000398597
0.00350765
0.000558036
0.00223214
0.00119579
0.000956633
0.000956633
0.000478316
0.000637755
0.000239158
0
0
0.0124362
0
0.000159439
0.000398597
0.000159439
0.000637755
0.00119579
0.00135523
0.00143495
0.000398597
0.00231186
0.000478316
0.000797194
7.97194e-005
0.00398597
0.00103635
7.97194e-005
0.00310906
0.00151467
0.00103635
0.000637755
0.00725446
0.000956633
0.00103635
0.00215242
0.00350765
0.00191327
0.00167411
0.00542092
0.00223214
0.00454401
0.0053412
0.00310906
0.00502232
0.00725446
0.0074139
0.00805166
0.0124362
0.015625
0.0225606
0.0331633
0.0552455
0.0990912