0
0.00317125
0.00581395
0.00687104
0.0089852
0.0142706
0.0179704
0.0348837
0.0216702
0.0243129
0.0179704
0.0132135
0.0158562
0.00528541
0.0142706
0.0110994
0.00634249
0.0089852
0.00634249
0.00634249
0.00687104
0.0089852
0.00158562
0.00475687
0.00792812
0.00317125
0.00475687
0.00422833
0.00369979
0.00211416
0.00739958
0.00264271
0.00475687
0.00687104
0.00528541
0.00422833
0.00422833
0.00211416
0.00369979
0.00369979
0.00528541
0.00264271
0
0.0761099
0.00264271
0.00264271
0.00264271
0.00369979
0.00369979
0.00422833
0.00211416
0.00264271
0.00317125
0.00211416
0.00264271
0.00369979
0.00158562
0.00211416
0.00105708
0.00264271
0.00422833
0.00105708
0.00264271
0.00264271
0.00211416
0.000528541
0.00105708
0.00105708
0.00105708
0.00105708
0.00158562
0.00211416
0.000528541
0.000528541
0.00211416
0.00105708
0.00105708
0.00105708
0.000528541
0.00105708
0.000528541
0.00211416
0.000528541
0.00105708
0
0.00528541
0
0.00105708
0.00158562
0.000528541
0.00105708
0.000528541
0.00105708
0.00105708
0
0.000528541
0.000528541
0.00105708
0.00105708
0.00158562
0.00105708
0.00264271
0.00211416
0.00211416
0.000528541
0
0.00211416
0.00105708
0
0.00105708
0.00158562
0
0.00105708
0.00211416
0.000528541
0
0.00105708
0.00211416
0
0.00105708
0.00158562
0.00105708
0.00105708
0.00211416
0.000528541
0.00105708
0.00105708
0
0.0200846
0.00105708
0.00105708
0.00158562
0
0.000528541
0.000528541
0.00105708
0
0
0.00105708
0
0.00158562
0.00105708
0.00105708
0.000528541
0.000528541
0.000528541
0.000528541
0.00158562
0.000528541
0.00158562
0.000528541
0
0
0.00105708
0.000528541
0.00158562
0
0.000528541
0
0
0
0.00158562
0
0.00105708
0
0.000528541
0
0
0.00105708
0.00158562
0.000528541
0.000528541
0
0.00105708
0.000528541
0.00105708
0
0
0
0.00158562
0.00105708
0.00105708
0.00211416
0.000528541
0.00105708
0.000528541
0.00158562
0
0
0.000528541
0.00158562
0
0.000528541
0.000528541
0.00105708
0
0.00211416
0
0.000528541
0.00105708
0.000528541
0
0.00264271
0.000528541
0.000528541
0
0.00158562
0.000528541
0.000528541
0
0.00105708
0
0.000528541
0.0190275
0.000528541
0.000528541
0.00105708
0.00105708
0.000528541
0.00211416
0.000528541
0
0.000528541
0.00158562
0.000528541
0.000528541
0.00105708
0.000528541
0
0.00105708
0.00105708
0.000528541
0
0.00105708
0.00211416
0.00211416
0.00105708
0
0.000528541
0.00105708
0.00105708
0.00158562
0.00105708
0.00105708
0.00158562
0.00475687
0.00317125
0.00317125
0.00105708
0.00264271
0.00422833
0.00158562
0.000528541
0.00317125
0.00369979
0.303911