0
0
0.00768693
0.00384347
0.00768693
0.00174703
0.00419287
0.00209644
0.00174703
0.00349406
0.00209644
0.00384347
0.00209644
0.00104822
0.00349406
0.00139762
0.00174703
0.00279525
0.00209644
0.00279525
0.00174703
0.00628931
0
0.00104822
0.00349406
0.000349406
0.00139762
0.00104822
0.0055905
0.000349406
0.00104822
0.000698812
0.00209644
0
0.00139762
0.00139762
0.00139762
0.000698812
0.000349406
0.000349406
0
0
0
0.0122292
0
0
0
0.000349406
0
0
0.000349406
0.00104822
0
0.000698812
0
0.000349406
0
0.00139762
0
0
0
0
0
0
0.00314465
0
0
0
0.000698812
0
0
0.00139762
0
0
0.000349406
0
0
0
0.000349406
0
0
0
0
0
0
0.0055905
0
0
0
0.000349406
0
0
0
0
0
0
0.000349406
0
0
0.00104822
0
0
0
0
0
0
0.00174703
0
0
0
0
0.00104822
0
0.00139762
0
0
0
0.000698812
0
0
0
0.000349406
0.000349406
0
0
0
0
0
0.0321454
0
0
0.000349406
0.000349406
0.000349406
0
0.00174703
0.00174703
0.000349406
0.00384347
0.000349406
0.00174703
0.00174703
0.0118798
0.00384347
0.00314465
0.00524109
0.00628931
0.00524109
0.00524109
0.0391335
0.0122292
0.011181
0.020615
0.0342418
0.0283019
0.033543
0.0373864
0.0202655
0.0209644
0.022362
0.00873515
0.0101328
0.0115304
0.0101328
0.00524109
0.00279525
0.00489168
0.00209644
0.0055905
0.000349406
0.0510133
0
0.000698812
0.00174703
0.00279525
0.00104822
0.00174703
0.00314465
0.00104822
0.00524109
0.000698812
0.00419287
0.00209644
0.00244584
0.00454228
0.00104822
0.00174703
0.00349406
0.00279525
0.00209644
0.00314465
0.0059399
0
0.00174703
0.00419287
0.000698812
0.00209644
0.00384347
0.00768693
0.00104822
0.00314465
0.000698812
0.00279525
0.00314465
0.000698812
0.00174703
0.00139762
0.000698812
0.00104822
0.00209644
0
0
0
0.0139762
0
0
0.000698812
0.000349406
0.00244584
0.000349406
0.00279525
0.00279525
0.00104822
0.00244584
0
0.00139762
0.000349406
0.00384347
0.00384347
0.00174703
0.00244584
0.00314465
0.00139762
0.000349406
0.00698812
0.00279525
0.00384347
0.00384347
0.00489168
0.00244584
0.00174703
0.00489168
0.00244584
0.00524109
0.0055905
0.00419287
0.00349406
0.0202655
0.0108316
0.0503145
0.0104822
0.0478686
0.00314465
0.020615
0
0.0478686