0
0.00283465
0.00390551
0.00371654
0.00491339
0.00440945
0.00428346
0.0039685
0.00371654
0.0056063
0.00365354
0.00485039
0.00529134
0.00548032
0.00592126
0.00541732
0.00377953
0.0056063
0.00548032
0.00611024
0.00535433
0.00724409
0.00598425
0.00629921
0.00655118
0.00497638
0.00573228
0.00604724
0.00585827
0.00541732
0.0064252
0.0056063
0.00598425
0.00623622
0.0056063
0.00629921
0.00585827
0.00491339
0.00522835
0.00491339
0.00503937
0.00459843
0.0016378
0.0224882
0.00296063
0.00245669
0.00207874
0.0016378
0.00170079
0.000944882
0.000944882
0.00144882
0.000818898
0.000818898
0.000377953
0.000503937
0.000629921
0.000629921
0.000566929
0.000188976
0.000818898
0.000629921
0.000251969
0.000314961
0.000503937
0.000125984
0.000314961
0.000314961
0.000314961
0.000251969
0.000314961
0.000188976
0.000125984
6.29921e-005
0
0.000188976
6.29921e-005
0.000377953
0
0
0
0
6.29921e-005
0
0
0.000314961
6.29921e-005
0
0.000125984
0.000125984
0.000125984
0.000125984
0.000125984
0
0.000188976
6.29921e-005
0.000188976
6.29921e-005
0
6.29921e-005
0
6.29921e-005
0.000188976
6.29921e-005
6.29921e-005
6.29921e-005
0.000314961
6.29921e-005
0
6.29921e-005
0
0.000188976
0.000125984
0.000188976
0
0.000125984
6.29921e-005
6.29921e-005
6.29921e-005
0
6.29921e-005
6.29921e-005
0.000125984
6.29921e-005
0
6.29921e-005
0
0
0.00138583
0
6.29921e-005
0.000125984
0
0.000188976
0.000251969
0.000251969
0.000188976
0.000125984
0.000188976
0.000125984
0.000188976
6.29921e-005
0.000314961
0.000125984
0.000125984
0.000251969
0.000251969
0.000188976
0.000188976
0.00107087
0.000692913
0.00119685
0.00434646
0.0137953
0.0283465
0.0542362
0.0516535
0.047622
0.0330079
0.0262677
0.0121575
0.0096378
0.00938583
0.00648819
0.00447244
0.00535433
0.0039685
0.00352756
0.00384252
0.000503937
0.00919685
0.000188976
0.00308661
0.00170079
0.00340157
0.0016378
0.00245669
0.00201575
0.00170079
0.0032126
0.00132283
0.00384252
0.00277165
0.00258268
0.00302362
0.0023937
0.0023937
0.00201575
0.00226772
0.00151181
0.00226772
0.00264567
0.000755906
0.00182677
0.00251969
0.00125984
0.00176378
0.00144882
0.00220472
0.00125984
0.00188976
0.00119685
0.00132283
0.00195276
0.00176378
0.00195276
0.00195276
0.00113386
0.00113386
0.00113386
0.00151181
0
0
0.00548032
0.000125984
0.00176378
0.00170079
0.00100787
0.00182677
0.00214173
0.00258268
0.00233071
0.00138583
0.00283465
0.00201575
0.00296063
0.00207874
0.00359055
0.00371654
0.00201575
0.00440945
0.00333858
0.0039685
0.00447244
0.00674016
0.00592126
0.00730709
0.00749606
0.00900787
0.00566929
0.00837795
0.00938583
0.00737008
0.00850394
0.0124724
0.00894488
0.00951181
0.0137323
0.0142362
0.0165669
0.0331339
0.0304882
0.0131654
0.0114646
0.0047874
0.0193386