0
0.0216198
0.016701
0.0168154
0.01407
0.0108671
0.00720659
0.00720659
0.00606269
0.00915122
0.00366049
0.00686342
0.00503317
0.00434683
0.00800732
0.00297415
0.00343171
0.00537634
0.00388927
0.0035461
0.00320293
0.0112102
0.0011439
0.00331732
0.00411805
0.00160146
0.00800732
0.00514756
0.0101807
0.00217342
0.00560512
0.00308854
0.0070922
0.00480439
0.00583391
0.00754976
0.00629147
0.00343171
0.00514756
0.00377488
0.0024022
0.000343171
0
0.047472
0
0.0011439
0.00343171
0.00308854
0.00423244
0.00388927
0.00446122
0.00503317
0.00217342
0.0059483
0.00194464
0.00423244
0.000915122
0.00880805
0.00320293
0.000571952
0.00514756
0.00274537
0.0011439
0.000343171
0.0106383
0.000686342
0.0011439
0.00125829
0.00388927
0.000686342
0.00011439
0.00743537
0.000343171
0.0011439
0.00411805
0
0.000686342
0.00183024
0.00102951
0.000686342
0.000457561
0.000343171
0
0
0
0.0160146
0
0
0
0.00011439
0.000800732
0.00011439
0.00102951
0.00011439
0.00137268
0
0.00228781
0.00102951
0.000228781
0.00537634
0.00011439
0.000457561
0.00171585
0.000343171
0.000228781
0.00011439
0.0070922
0
0.000228781
0.000686342
0
0.000915122
0.000457561
0.00606269
0
0.000457561
0.000228781
0.00228781
0.000228781
0.00137268
0.000571952
0.000571952
0.000915122
0.000228781
0.000343171
0
0
0
0.0205903
0
0
0.000228781
0.000228781
0.000228781
0.000343171
0.00137268
0.00148707
0.000457561
0.00183024
0.000228781
0.00137268
0.000228781
0.00308854
0.0011439
0.000457561
0.00205903
0.00274537
0.00171585
0.00194464
0.0138412
0.00503317
0.00617708
0.00686342
0.00720659
0.00514756
0.00480439
0.0070922
0.00320293
0.00423244
0.00526195
0.000915122
0.00217342
0.00388927
0.00205903
0.00125829
0.00125829
0.00183024
0.0011439
0.00011439
0.000228781
0.0298559
0.00011439
0.000228781
0.000228781
0.00217342
0.00366049
0.0024022
0.00320293
0.000571952
0.00411805
0.000343171
0.00366049
0.00308854
0.00148707
0.00754976
0.000686342
0.00320293
0.00400366
0.00171585
0.00205903
0.000571952
0.0102951
0
0.00102951
0.00320293
0.00011439
0.00217342
0.00205903
0.00606269
0.000228781
0.00217342
0.000915122
0.00411805
0.00102951
0.0024022
0.00148707
0.00125829
0.000686342
0.00102951
0.000571952
0.00011439
0
0
0.0134981
0
0.000343171
0.000343171
0.000228781
0.000686342
0.000457561
0.00171585
0.0024022
0.000457561
0.00194464
0.000343171
0.0011439
0.000228781
0.00343171
0.00125829
0.000457561
0.00171585
0.00217342
0.00125829
0.000571952
0.00617708
0.00148707
0.00125829
0.00148707
0.00377488
0.00160146
0.00160146
0.00366049
0.00148707
0.00469
0.00411805
0.00377488
0.00263098
0.00549073
0.00720659
0.00766415
0.0123542
0.0169298
0.0202471
0.0228781
0.047472
0.0831617