0
0.00530303
0.00378788
0.00378788
0.0040404
0.0020202
0.00227273
0.00214646
0.00227273
0.00391414
0.00265152
0.00290404
0.00290404
0.00290404
0.00340909
0.00315657
0.00315657
0.00429293
0.00315657
0.00378788
0.00328283
0.0040404
0.00277778
0.0040404
0.00416667
0.0040404
0.00441919
0.00467172
0.00580808
0.00416667
0.00707071
0.00467172
0.00593434
0.00606061
0.00429293
0.00555556
0.00479798
0.00479798
0.00606061
0.00631313
0.00517677
0.00429293
0.00277778
0.0242424
0.00429293
0.00340909
0.00530303
0.00315657
0.00353535
0.00277778
0.00290404
0.00189394
0.00353535
0.00391414
0.00315657
0.00366162
0.00126263
0.00227273
0.00227273
0.0010101
0.00277778
0.00126263
0.000757576
0.000505051
0.00277778
0.00164141
0.000883838
0.000631313
0.00189394
0.000883838
0.000757576
0.000757576
0.000378788
0.000757576
0.000631313
0.000252525
0.000126263
0
0.000252525
0
0.000505051
0.000631313
0
0.000126263
0
0.00176768
0
0.000252525
0.000378788
0
0.000126263
0.000126263
0
0.000126263
0.000126263
0
0.000631313
0
0.000378788
0.000126263
0.000252525
0.000252525
0.000378788
0.000378788
0.000378788
0.000126263
0.000378788
0.000126263
0.000505051
0.000378788
0.000505051
0.000505051
0.000126263
0.000631313
0.000126263
0.000252525
0.000126263
0.000505051
0
0.000126263
0
0.000378788
0.000126263
0
0.000126263
0.000252525
0
0.000126263
0.00151515
0
0
0.000126263
0
0
0
0.000505051
0.000378788
0.000378788
0.000252525
0.000252525
0.000126263
0
0.000378788
0.000631313
0
0.000757576
0.000883838
0.000378788
0.000505051
0.00340909
0.000631313
0.00353535
0.0111111
0.0260101
0.0407828
0.0555556
0.0415404
0.0323232
0.0222222
0.0170455
0.00820707
0.00820707
0.00984848
0.010101
0.00454545
0.00593434
0.00580808
0.00479798
0.00239899
0.000252525
0.0135101
0
0.00176768
0.00239899
0.00290404
0.00252525
0.00214646
0.0030303
0.00126263
0.00265152
0.00176768
0.00138889
0.00252525
0.00189394
0.00227273
0.00176768
0.00176768
0.00126263
0.00176768
0.00113636
0.000757576
0.00340909
0.000126263
0.0010101
0.00176768
0.00113636
0.00164141
0.0020202
0.00214646
0.00126263
0.00151515
0.00126263
0.00113636
0.00126263
0.000631313
0.00164141
0.00113636
0.0010101
0.00138889
0.00176768
0.00138889
0
0
0.00315657
0
0.00113636
0.00151515
0.0010101
0.000378788
0.00189394
0.00227273
0.00151515
0.00138889
0.00227273
0.00113636
0.00151515
0.00126263
0.00252525
0.00353535
0.000757576
0.00378788
0.00366162
0.00138889
0.00214646
0.00378788
0.00378788
0.00328283
0.00441919
0.00479798
0.00416667
0.00505051
0.00618687
0.0040404
0.00631313
0.00681818
0.00896465
0.00643939
0.00972222
0.0127525
0.0147727
0.029798
0.0407828
0.0276515
0.0375
0.0167929
0.0294192