0.000541126
0.00378788
0.00974026
0.00703463
0.00919913
0.0108225
0.012987
0.0427489
0.0351732
0.0324675
0.0194805
0.0189394
0.0102814
0.0135281
0.00919913
0.00974026
0.00649351
0.00757576
0.00595238
0.00487013
0.00541126
0.00270563
0.00378788
0.00649351
0.00649351
0.00270563
0.00378788
0.00378788
0.00270563
0.00162338
0.00324675
0.0021645
0.00162338
0.0021645
0.00378788
0.00487013
0.00541126
0.00270563
0.00162338
0.00378788
0.00378788
0.00324675
0.000541126
0.142857
0
0.00108225
0.000541126
0.00162338
0.000541126
0.000541126
0
0
0
0.000541126
0.00108225
0.000541126
0.00108225
0.000541126
0
0.000541126
0
0
0.000541126
0
0
0
0.000541126
0
0
0
0
0
0
0
0
0
0.000541126
0
0.000541126
0
0.000541126
0
0
0
0
0
0
0
0.000541126
0.000541126
0
0.000541126
0
0
0
0
0
0
0
0
0
0
0
0
0
0
0
0
0
0.00108225
0
0
0
0
0
0.000541126
0
0
0
0
0
0
0.000541126
0
0
0
0
0
0.0151515
0.00162338
0.00162338
0.00108225
0.00108225
0.00162338
0.00162338
0.00108225
0.004329
0.00108225
0.00162338
0.00162338
0.00378788
0.0021645
0.00270563
0.00541126
0.00595238
0.00162338
0.000541126
0.00162338
0.00162338
0.000541126
0.0021645
0.000541126
0.000541126
0
0
0
0.000541126
0
0.000541126
0
0.000541126
0
0.000541126
0.000541126
0
0
0
0
0
0
0
0
0
0
0.000541126
0
0
0
0.000541126
0
0
0.00108225
0
0
0.000541126
0
0
0
0.000541126
0
0.000541126
0.00162338
0
0
0.000541126
0
0
0.000541126
0.00162338
0.000541126
0
0.000541126
0
0.000541126
0
0.000541126
0.000541126
0.000541126
0
0.000541126
0.000541126
0.00108225
0
0.0178571
0.00108225
0
0
0.000541126
0.00108225
0
0
0.000541126
0.000541126
0
0
0
0.00162338
0.000541126
0
0
0.000541126
0.000541126
0.000541126
0
0.000541126
0.00108225
0.000541126
0.0021645
0.00108225
0.000541126
0.00108225
0.00108225
0.000541126
0
0.000541126
0.00270563
0.000541126
0.00541126
0.00541126
0.00378788
0.00324675
0.004329
0.00324675
0.004329
0.004329
0.341991