0.000833333
0.00416667
0.00520833
0.00322917
0.00760417
0.0497917
0.0447917
0.0140625
0.008125
0.00958333
0.00708333
0.00854167
0.0075
0.00552083
0.00770833
0.00489583
0.00635417
0.0071875
0.00770833
0.0059375
0.00552083
0.00864583
0.00552083
0.0071875
0.00583333
0.00427083
0.00572917
0.00427083
0.006875
0.0040625
0.00510417
0.00416667
0.00458333
0.0040625
0.003125
0.004375
0.00291667
0.00229167
0.00229167
0.0028125
0.00166667
0.00125
0.000208333
0.0454167
0.0009375
0.00104167
0.00208333
0.00229167
0.00114583
0.001875
0.00302083
0.0015625
0.0015625
0.00302083
0.000520833
0.00145833
0.000416667
0.00364583
0.00145833
0.000833333
0.003125
0.001875
0.00145833
0.0003125
0.00677083
0.000416667
0.00114583
0.000833333
0.000833333
0.00104167
0.0003125
0.00447917
0.000520833
0.000520833
0.00145833
0.000208333
0.000625
0.00135417
0.000416667
0.000208333
0.000416667
0.000520833
0.000208333
0.000104167
0
0.0115625
0
0
0.000416667
0.000625
0.000416667
0.000416667
0.000729167
0.000520833
0.00135417
0.000416667
0.00208333
0.000729167
0.000104167
0.00197917
0.000208333
0.0003125
0.00104167
0.000416667
0.00114583
0.000208333
0.00572917
0
0.000416667
0.00166667
0.000520833
0.00166667
0.000833333
0.00333333
0.0003125
0.0009375
0.000833333
0.00239583
0.00104167
0.00208333
0.00145833
0.00166667
0.00104167
0.000833333
0.00114583
0.0009375
0.000520833
0.000208333
0.0359375
0.000520833
0.00145833
0.00104167
0.0015625
0.00135417
0.00197917
0.0015625
0.00166667
0.00208333
0.00270833
0.00104167
0.00177083
0.0009375
0.00489583
0.00145833
0.00114583
0.00270833
0.00229167
0.00114583
0.000833333
0.0053125
0.00125
0.00114583
0.00135417
0.00197917
0.00166667
0.00104167
0.00302083
0.000729167
0.00135417
0.00166667
0.000833333
0.00135417
0.000833333
0.00135417
0.0009375
0.0009375
0.0009375
0.0015625
0.000520833
0.00104167
0.0148958
0.0009375
0.000833333
0.00104167
0.000729167
0.000625
0.000729167
0.000729167
0.0003125
0.0009375
0.000416667
0.0009375
0.000625
0.0003125
0.001875
0.000416667
0.000208333
0.0003125
0.000416667
0.000104167
0.000104167
0.0025
0.000104167
0
0.0003125
0.000104167
0.000208333
0.000104167
0.000833333
0.000104167
0.000208333
0
0.000104167
0.000104167
0.0003125
0.0003125
0
0.0003125
0.000416667
0.000520833
0.000416667
0
0
0.0129167
0
0.000104167
0.000625
0.0003125
0.000208333
0.000520833
0.000416667
0.000625
0.000520833
0.000208333
0.000104167
0.0003125
0.000208333
0.00125
0.000520833
0.000520833
0.000208333
0.000208333
0.000416667
0.0003125
0.00260417
0.0003125
0.000625
0.000520833
0.0009375
0.000729167
0.000833333
0.00197917
0.000625
0.000625
0.00125
0.000833333
0.000833333
0.00197917
0.00166667
0.00135417
0.0034375
0.0028125
0.00291667
0.0034375
0.001875
0.343542