0.00678733
0.0346908
0.0580694
0.0286576
0.0339367
0.015083
0.0158371
0.0120664
0.00904977
0.00829563
0.00603318
0.0105581
0.00829563
0.00527903
0.0113122
0.00829563
0.00904977
0.00829563
0.0165913
0.0143288
0.0226244
0.0143288
0.0173454
0.0211161
0.0188537
0.0196078
0.0324284
0.0218703
0.0211161
0.020362
0.0218703
0.0180995
0.0105581
0.0135747
0.00527903
0.00603318
0.00678733
0.00527903
0.00754148
0.00377074
0.000754148
0.000754148
0.000754148
0.00527903
0
0
0
0.000754148
0
0.0015083
0
0.000754148
0.000754148
0
0
0
0
0
0
0
0.000754148
0
0
0
0
0
0
0.000754148
0
0.000754148
0
0.000754148
0
0
0
0
0.000754148
0
0
0
0
0
0
0
0
0.000754148
0
0
0
0
0
0
0
0
0
0
0
0
0
0
0
0
0
0.000754148
0
0
0
0
0
0
0
0
0.0015083
0.000754148
0
0.000754148
0
0
0
0.000754148
0
0.000754148
0
0
0
0
0
0
0.00603318
0
0
0.000754148
0.000754148
0.000754148
0.000754148
0.000754148
0
0
0.000754148
0.000754148
0.000754148
0
0
0
0
0.000754148
0.0015083
0
0.000754148
0.000754148
0.000754148
0.0015083
0
0
0.00226244
0.000754148
0
0.0015083
0
0.0015083
0.000754148
0.0015083
0.0015083
0.00527903
0.000754148
0.00301659
0.0015083
0.0015083
0.0015083
0
0.015083
0
0.000754148
0.00301659
0.00226244
0.00226244
0.00226244
0.00226244
0
0.00377074
0.0015083
0.00226244
0.00226244
0.00301659
0.00603318
0.000754148
0.0015083
0.0015083
0.000754148
0.00226244
0.0015083
0.00452489
0.000754148
0.00377074
0.000754148
0.00226244
0
0.0015083
0.000754148
0.000754148
0.00226244
0
0.000754148
0.00301659
0
0.0015083
0.000754148
0.000754148
0
0.000754148
0
0.000754148
0
0.0135747
0
0
0.000754148
0.000754148
0
0.000754148
0.00226244
0.000754148
0
0.000754148
0.00226244
0.00301659
0.000754148
0
0.000754148
0.000754148
0.000754148
0.000754148
0.0015083
0
0.0015083
0.00301659
0.00527903
0.00226244
0.0015083
0.0015083
0.0015083
0.00452489
0.00678733
0.00301659
0.00226244
0.00452489
0.00377074
0.0015083
0.00603318
0.00754148
0.0135747
0.0113122
0.0105581
0.0120664
0.020362
0.0731523