0.00094162
0.0367232
0.0144382
0.0094162
0.00627746
0.00533584
0.00439422
0.00345261
0.00282486
0.00564972
0.00313873
0.00533584
0.00251099
0.00282486
0.00376648
0.00502197
0.00251099
0.00408035
0.00376648
0.00345261
0.00408035
0.00439422
0.00282486
0.00345261
0.00627746
0.0047081
0.0100439
0.00596359
0.00847458
0.00753296
0.00690521
0.00533584
0.00596359
0.00721908
0.00502197
0.00784683
0.00533584
0.00878845
0.00439422
0.00439422
0.0047081
0.00313873
0
0.0100439
0.00156937
0.00219711
0.00156937
0.00156937
0.00094162
0.00219711
0.00156937
0.00094162
0.00094162
0.00094162
0.000627746
0.00125549
0
0.00125549
0.000313873
0
0.000627746
0.000313873
0.000313873
0.000313873
0.00125549
0
0
0
0.000313873
0
0
0.000627746
0.000313873
0
0.000313873
0
0
0.000313873
0.000313873
0.000313873
0
0.000313873
0
0
0
0.000313873
0
0
0
0
0.000313873
0.000313873
0
0
0
0
0
0
0
0.000627746
0
0
0.000313873
0
0
0
0.000627746
0
0
0.00094162
0
0
0.000313873
0
0
0
0
0
0
0.000627746
0.000313873
0.000313873
0
0.000313873
0.000313873
0
0
0
0.00502197
0
0.000313873
0
0.00094162
0.00156937
0.00156937
0.00094162
0.00094162
0.00094162
0.000627746
0.00125549
0.00156937
0.000627746
0.00094162
0.00313873
0.00125549
0.00219711
0.00502197
0.00596359
0.00878845
0.0094162
0.0138104
0.0134965
0.0125549
0.0153798
0.0153798
0.0166353
0.0175769
0.0207156
0.0182046
0.014752
0.0103578
0.00910232
0.0081607
0.00910232
0.00564972
0.00721908
0.00910232
0.0047081
0.00564972
0.000627746
0.00847458
0.00125549
0.00251099
0.00188324
0.00376648
0.00219711
0.00219711
0.00251099
0.00125549
0.00376648
0.000313873
0.00282486
0.000313873
0.00251099
0.00313873
0.00156937
0.00188324
0.00125549
0.00219711
0.00188324
0.00125549
0.00439422
0.00094162
0.00313873
0.00094162
0.00125549
0.00251099
0.00125549
0.00188324
0.00156937
0.00282486
0.00188324
0.00282486
0.00094162
0.00251099
0.00282486
0.00094162
0.000627746
0.00188324
0.000627746
0.000627746
0.000313873
0
0.00345261
0
0.00219711
0.00125549
0.00125549
0.00188324
0.00156937
0.00094162
0.00251099
0.00094162
0.00251099
0.00219711
0.00125549
0.00219711
0.00408035
0.00376648
0.00219711
0.00219711
0.00219711
0.00251099
0.00125549
0.00219711
0.00282486
0.00251099
0.00408035
0.00345261
0.00376648
0.00345261
0.00313873
0.00376648
0.00219711
0.00439422
0.00910232
0.00564972
0.00721908
0.00878845
0.00878845
0.0153798
0.017263
0.0210295
0.0345261
0.064344
0.0709353