0.0190217
0.0701993
0.0466486
0.0249094
0.0153986
0.0122283
0.0131341
0.00905797
0.00769928
0.00860507
0.00543478
0.00634058
0.00815217
0.00588768
0.00679348
0.00271739
0.00271739
0.00226449
0.00317029
0.00815217
0.00452899
0.00362319
0.00181159
0.00317029
0.00362319
0.0013587
0.00498188
0.00452899
0.00634058
0.00543478
0.00317029
0.00226449
0.00905797
0.00588768
0.00317029
0.00317029
0.00407609
0.00407609
0.00226449
0.0013587
0.00226449
0.00317029
0.000452899
0.0199275
0.00181159
0
0.00271739
0.00181159
0.000905797
0.000452899
0.000905797
0.0013587
0.0013587
0.0013587
0
0
0.0013587
0.0013587
0.000905797
0.000452899
0.000905797
0
0.000905797
0
0.000452899
0
0
0
0.000452899
0.000452899
0
0
0.000452899
0.000452899
0
0
0.000452899
0.000452899
0.000452899
0
0
0.000905797
0
0.000452899
0
0
0
0.000452899
0
0
0.000452899
0
0
0.000452899
0.000452899
0
0.000905797
0
0
0
0
0
0
0
0.000452899
0.000452899
0.000452899
0
0.000452899
0.000452899
0
0
0.000452899
0.000905797
0.000905797
0
0.000452899
0
0.000452899
0
0.000905797
0
0.000452899
0.000905797
0
0
0
0
0.0289855
0.0013587
0.000452899
0.0013587
0
0.000452899
0.000905797
0.000452899
0.00181159
0.00317029
0.00226449
0.0013587
0.0013587
0.000905797
0
0.000905797
0
0.000452899
0.000452899
0
0.000452899
0.000905797
0.000905797
0.000452899
0.000452899
0.000452899
0.000905797
0.0013587
0.000452899
0.0013587
0.000905797
0.0013587
0.0013587
0.000452899
0.000452899
0.000905797
0.0013587
0.00181159
0.000452899
0.0013587
0.000905797
0.0013587
0.00452899
0.0013587
0.000905797
0.0013587
0.00226449
0.00181159
0.000905797
0.000905797
0.00181159
0.0013587
0.000452899
0.000452899
0.00181159
0.00181159
0.00226449
0
0.000452899
0.00181159
0.0013587
0.000905797
0.0013587
0.0013587
0
0.00271739
0.000452899
0.00271739
0.000905797
0.000452899
0.000905797
0.000452899
0.000905797
0.00181159
0.000905797
0.000452899
0.00181159
0.00181159
0.000452899
0.000452899
0.00181159
0.000905797
0.000452899
0.000452899
0
0.0158514
0.000452899
0.000905797
0.0013587
0.00317029
0.0013587
0.0013587
0.0013587
0.0013587
0.000905797
0.000905797
0.00181159
0.000452899
0.00226449
0.00226449
0.000452899
0.00226449
0.00452899
0.00271739
0.0013587
0.00181159
0.00271739
0.00317029
0.00226449
0.00317029
0.00317029
0.00362319
0.00588768
0.00226449
0.00362319
0.00362319
0.00905797
0.00543478
0.00588768
0.00543478
0.00588768
0.00815217
0.0126812
0.0117754
0.0131341
0.0167572
0.0199275
0.268116