0
0.0412913
0.0315315
0.036036
0.0165165
0.018018
0.00825826
0.0135135
0.012012
0.0127628
0.00525526
0.0045045
0.0112613
0.00225225
0.00900901
0.0015015
0.0045045
0.0045045
0.00225225
0.003003
0.000750751
0.00900901
0.0015015
0.000750751
0.000750751
0.000750751
0.0045045
0
0.00375375
0
0.000750751
0.000750751
0.000750751
0
0.000750751
0
0
0.000750751
0
0.000750751
0.0015015
0.000750751
0
0.00600601
0
0.000750751
0
0.000750751
0.000750751
0.000750751
0.00225225
0
0
0
0
0
0
0.000750751
0.000750751
0
0.000750751
0
0
0
0.003003
0
0
0
0.000750751
0
0
0.000750751
0
0
0.000750751
0
0
0
0
0
0
0
0
0
0
0.003003
0
0
0.000750751
0
0
0
0.000750751
0
0.0015015
0
0
0
0
0.0015015
0
0
0
0
0
0
0.003003
0
0
0
0
0
0.000750751
0.000750751
0
0
0
0
0
0.000750751
0.000750751
0.00225225
0
0
0
0
0
0
0.00525526
0
0
0.000750751
0.000750751
0
0
0
0.000750751
0.0015015
0.000750751
0.00375375
0.00600601
0.0015015
0.0015015
0.0105105
0.00225225
0.00825826
0.00600601
0.00375375
0.00225225
0.012012
0.00675676
0.00900901
0.0135135
0.015015
0.012012
0.00825826
0.015015
0.0105105
0.0127628
0.00975976
0.0015015
0.00675676
0.00750751
0.0045045
0.00525526
0.00375375
0.00375375
0.00225225
0.000750751
0
0.024024
0
0
0.000750751
0.00225225
0.003003
0.00225225
0.000750751
0
0.0045045
0.0015015
0.0045045
0.00525526
0.00225225
0.00675676
0.000750751
0.00225225
0.00600601
0.0015015
0
0.000750751
0.00900901
0
0.0015015
0.0015015
0.0015015
0.00600601
0.00375375
0.00675676
0.0015015
0.00225225
0.00225225
0.00375375
0.0015015
0.00225225
0.0015015
0.000750751
0
0
0.0015015
0
0
0
0.0307808
0
0.000750751
0.00525526
0.003003
0.0015015
0.000750751
0.0015015
0
0.0015015
0.00600601
0.0015015
0.00375375
0
0.012012
0.003003
0
0.00825826
0.00375375
0.00225225
0
0.0247748
0.000750751
0.00375375
0.0015015
0.00825826
0.00825826
0.00750751
0.0135135
0.00375375
0.00600601
0.018018
0.00600601
0.00675676
0.00900901
0.012012
0.00750751
0.0105105
0.00600601
0.00750751
0.00825826
0.00975976
0.101351