0
0.0307882
0.0406404
0.0369458
0.0307882
0.0270936
0.0221675
0.0147783
0.0160099
0.0184729
0.00862069
0.0147783
0.00985222
0.00985222
0.0110837
0.0110837
0.00985222
0.0135468
0.0160099
0.0135468
0.00738916
0.0320197
0.00369458
0.0172414
0.0221675
0.00615764
0.00985222
0.0135468
0.0110837
0.00246305
0.00985222
0.00738916
0.00738916
0.00369458
0.0110837
0.00492611
0.00123153
0.00369458
0.00246305
0.00123153
0
0
0
0.0283251
0
0
0
0
0.00246305
0.00123153
0
0.00123153
0.00369458
0.00492611
0
0.00246305
0.00123153
0.00123153
0.00246305
0
0.00246305
0.00123153
0
0.00123153
0.00615764
0
0
0.00492611
0
0.00123153
0
0.00246305
0
0.00123153
0
0
0
0.00123153
0.00123153
0
0.00123153
0
0
0
0
0.00862069
0
0
0
0
0
0
0
0
0
0
0.00123153
0
0
0
0
0
0.00123153
0.00123153
0
0
0.00492611
0
0
0
0
0.00123153
0.00369458
0.00369458
0
0
0
0.00123153
0
0.00123153
0
0
0.00123153
0
0.00246305
0
0
0
0.00862069
0.00123153
0.00123153
0
0.00246305
0.00123153
0.00123153
0.00492611
0.00492611
0.00369458
0.00246305
0.00615764
0.00123153
0.00123153
0.00123153
0.00738916
0
0.00246305
0.00615764
0.00492611
0.00246305
0.00615764
0.00246305
0.00492611
0.00615764
0.00615764
0.00246305
0.00492611
0.00369458
0.00369458
0.00246305
0.00492611
0.00123153
0.00123153
0.00123153
0.00123153
0.00123153
0
0.00123153
0.00369458
0
0.00123153
0.00369458
0
0.00246305
0.00123153
0.00123153
0.00123153
0.00123153
0.00123153
0.00123153
0.00123153
0
0.00123153
0.00123153
0.00123153
0.00123153
0
0
0.00123153
0
0
0
0
0
0.00123153
0.00123153
0
0.00123153
0
0.00123153
0.00123153
0.00123153
0.00369458
0.00123153
0.00246305
0
0.00123153
0
0
0.00123153
0.00369458
0.00123153
0.00123153
0
0.00615764
0
0.00246305
0.00123153
0.00369458
0.00369458
0.00369458
0.00123153
0.00246305
0
0.00246305
0
0.00246305
0.00123153
0.00246305
0.00123153
0.00123153
0.00369458
0.00246305
0.00123153
0.00369458
0.00123153
0.00123153
0.00615764
0.00123153
0.00246305
0.00246305
0.00246305
0.00492611
0.00369458
0.00369458
0.00369458
0.00246305
0.00615764
0.00492611
0.00985222
0.00862069
0.00492611
0.00615764
0.00985222
0.00738916
0.0160099
0.0332512