0
0.0292894
0.013788
0.00807702
0.00326344
0.00203965
0.00146855
0.00220282
0.000897446
0.00252917
0.000244758
0.00220282
0.000897446
0.000734274
0.00277393
0.000163172
0.000326344
0.0011422
0.000734274
0.000244758
0.00040793
0.00252917
0.000244758
0.000326344
0.000734274
0.000326344
0.00122379
0.00040793
0.00138696
0.000163172
0.000489516
8.1586e-005
0.000652688
8.1586e-005
0.000326344
0.000489516
0
8.1586e-005
0
0.000163172
0
0
0
0.00497675
0
0
0
8.1586e-005
8.1586e-005
0.000163172
0
0
0
0
8.1586e-005
0
0
0
0
0
8.1586e-005
0.000244758
0
0
0.000489516
0
0
0
0
0
0
0.000163172
8.1586e-005
0
0.000163172
0
0
0
0
8.1586e-005
0
0
0
0
0
0.000734274
0
0
0
8.1586e-005
0
8.1586e-005
0
0
8.1586e-005
0
0
8.1586e-005
0
8.1586e-005
0
0
0
0
0
0
0.000652688
8.1586e-005
8.1586e-005
8.1586e-005
0
0
0
0.000489516
8.1586e-005
0
0.000163172
0.000244758
0
0.000244758
0.000244758
0.000244758
8.1586e-005
0.000326344
0.000163172
0
0
0
0.00603737
8.1586e-005
8.1586e-005
0.000244758
0.000244758
0.000489516
0.00040793
0.000652688
0.00106062
0.000489516
0.0011422
0.000244758
0.000652688
0.000652688
0.00424247
0.00636371
0.00571102
0.0186832
0.0272497
0.0315738
0.0310027
0.0461777
0.0279024
0.0225993
0.0169699
0.015175
0.00693481
0.00473199
0.0111773
0.00310027
0.00587419
0.011422
0.000571102
0.00220282
0.00587419
0.00399772
0.00187648
0.00195806
0.00081586
0.00040793
0.000326344
0
0.112181
0
8.1586e-005
0.000489516
0.000979032
0.000571102
0.000652688
0.00146855
8.1586e-005
0.00611895
8.1586e-005
0.0280656
0.000244758
0.000489516
0.0377743
0.000244758
0.00040793
0.00236599
0.000652688
0.00081586
0
0.0240679
0
0.000571102
0.00040793
8.1586e-005
0.00122379
0.00040793
0.0142776
0
0.000326344
0.000244758
0.00318186
0.000326344
0.0011422
0.000326344
0.000163172
0.000489516
0.000489516
0
0
0
0
0.0229257
0
0
0.000244758
0.000571102
0.00040793
0.000897446
0.00130538
0.00261075
0.000897446
0.00513992
0.000163172
0.0011422
0
0.00775067
0.00106062
0.000163172
0.00244758
0.00138696
0.00130538
8.1586e-005
0.0137065
0.000897446
0.00277393
0.00195806
0.00416089
0.00195806
0.00146855
0.00734274
0.00236599
0.00261075
0.0075875
0.00212124
0.00375296
0.00717957
0.00571102
0.00571102
0.00473199
0.00807702
0.0109325
0.0119116
0.0278208
0.151668