0
0
0.00621118
0.00248447
0.00414079
0.00248447
0.00124224
0.00124224
0.000207039
0.00289855
0.000207039
0.00331263
0.000621118
0
0.00766046
0
0.000207039
0.00165631
0.000414079
0.000207039
0
0.00848861
0.000207039
0.000207039
0.000621118
0
0.000828157
0
0.0047619
0
0
0
0.000828157
0
0.000414079
0
0
0
0
0
0
0
0
0.0115942
0
0
0
0
0
0
0
0.000207039
0
0.000621118
0
0
0
0.000207039
0
0
0.000414079
0.000207039
0
0
0.000621118
0
0
0
0
0
0
0.000207039
0
0
0
0
0
0
0
0
0
0
0
0
0
0.00248447
0
0
0
0
0
0
0
0
0
0
0
0
0
0.000414079
0
0
0
0
0
0
0.0010352
0
0
0.000207039
0
0.000207039
0
0.000207039
0
0
0
0.000207039
0
0
0
0
0
0
0
0
0
0
0.0180124
0
0
0
0.000414079
0.000207039
0
0.0010352
0.000414079
0
0.00165631
0
0.0010352
0.000621118
0.00496894
0.00124224
0.000207039
0.00289855
0.00289855
0.00310559
0.00641822
0.026087
0.0142857
0.0202899
0.0267081
0.0380952
0.0250518
0.0221532
0.0302277
0.0118012
0.0111801
0.0138716
0.00310559
0.00703934
0.0113872
0.0057971
0.00393375
0.0047619
0.00393375
0.00289855
0.0010352
0
0.0921325
0
0.000621118
0.00207039
0.00207039
0.00207039
0.00144928
0.00310559
0.0010352
0.00434783
0.000414079
0.00538302
0.00186335
0.00124224
0.00621118
0.000828157
0.00165631
0.00289855
0.00207039
0.00144928
0.000828157
0.0169772
0
0.000207039
0.00289855
0.000207039
0.00165631
0.00207039
0.00538302
0.000207039
0.00207039
0.000621118
0.00310559
0.00165631
0.00124224
0.00248447
0.00351967
0.00207039
0.00124224
0.0010352
0
0
0
0.0426501
0
0.000207039
0.000828157
0.000621118
0.0010352
0.00269151
0.00289855
0.00165631
0.00186335
0.00351967
0.000621118
0.0010352
0.000828157
0.00351967
0.00165631
0.0010352
0.00414079
0.00310559
0.00248447
0.000207039
0.0196687
0.00144928
0.00186335
0.00310559
0.00393375
0.0010352
0.00289855
0.00910973
0.00351967
0.00455487
0.00641822
0.00186335
0.00269151
0.00641822
0.00703934
0.00745342
0.0161491
0.0215321
0.0372671
0.0463768
0.00207039
0.135404