0.000273373
0.0404593
0.0117551
0.00847458
0.00437397
0.00300711
0.00328048
0.00300711
0.00218699
0.00246036
0.00109349
0.00437397
0.00136687
0.00082012
0.0041006
0.00300711
0.00492072
0.00273373
0.00464735
0.00300711
0.00574084
0.00738108
0.00492072
0.00656096
0.00847458
0.0092947
0.0112083
0.00956807
0.0128486
0.00956807
0.0101148
0.0131219
0.00683434
0.0092947
0.00355385
0.00574084
0.00628759
0.0041006
0.00546747
0.00574084
0.00437397
0.000273373
0
0.0150355
0.00082012
0.00082012
0.00109349
0.00082012
0.000546747
0.00164024
0.00082012
0.00082012
0.000546747
0.00328048
0.000273373
0
0.000546747
0
0.000546747
0
0.000273373
0.000546747
0.000273373
0
0.00082012
0
0
0
0
0
0
0.000273373
0
0
0
0.000273373
0
0.000546747
0.000273373
0
0.000273373
0.000273373
0
0
0
0.00218699
0
0
0
0
0
0
0
0.000273373
0
0
0
0
0.000273373
0.000546747
0
0.000273373
0
0.000273373
0
0
0.000546747
0
0.000273373
0.000273373
0
0.000273373
0.000546747
0
0
0.000273373
0
0
0
0.000273373
0
0
0.000273373
0
0
0
0.000273373
0
0.00683434
0
0.00082012
0.000273373
0.000546747
0.000546747
0.000273373
0.00109349
0.000273373
0.000546747
0.00082012
0.00109349
0.000546747
0.00082012
0.00273373
0.00355385
0.00136687
0.0041006
0.00464735
0.00628759
0.00765446
0.0114817
0.00902132
0.00984144
0.0106616
0.00984144
0.0147622
0.0150355
0.0207764
0.020503
0.0224166
0.0196829
0.016129
0.00902132
0.0109349
0.00874795
0.00464735
0.00519409
0.00519409
0.00328048
0.00382723
0.00136687
0.0109349
0.00109349
0.00328048
0.00328048
0.00300711
0.00300711
0.00191361
0.00246036
0.00246036
0.00273373
0.00164024
0.00136687
0.00300711
0.000546747
0.00164024
0.00164024
0.00164024
0.00328048
0.00109349
0.00246036
0.00136687
0.00300711
0.000546747
0.00191361
0.00218699
0.00164024
0.00246036
0.00191361
0.00136687
0.00164024
0.00300711
0.000273373
0.00218699
0.00082012
0.00246036
0.00136687
0.00164024
0.00109349
0.00109349
0.00109349
0.000546747
0.000273373
0
0.00628759
0.000546747
0.00082012
0.00136687
0.00273373
0.00136687
0.00191361
0.00328048
0.00218699
0.00164024
0.00191361
0.00109349
0.00136687
0.00191361
0.00246036
0.00136687
0.00273373
0.00191361
0.00136687
0.00164024
0.00246036
0.00437397
0.00246036
0.00218699
0.00246036
0.00273373
0.00246036
0.00273373
0.00355385
0.00191361
0.00382723
0.00437397
0.00656096
0.00574084
0.0082012
0.00874795
0.00956807
0.0103882
0.0188628
0.0281575
0.0393658
0.0541279
0.0631493