0
0.000170882
0.00922761
0.00239234
0.00358852
0.00170882
0.00153794
0.00273411
0.000683527
0.00119617
0.000512645
0.00119617
0.000341763
0.000341763
0.00615174
0
0
0.00102529
0.000512645
0.000341763
0
0.0124744
0
0
0.000683527
0
0.00119617
0.000170882
0.00341764
0
0.000170882
0.000170882
0.00136705
0
0.000512645
0.000170882
0.000170882
0.000341763
0.000170882
0
0
0
0
0.0181135
0
0
0
0
0
0
0.000341763
0
0
0.000512645
0
0
0
0.000854409
0.000170882
0
0
0
0
0
0.00273411
0
0
0
0
0
0
0.000170882
0
0
0
0
0
0
0
0
0
0
0
0
0
0.00580998
0
0
0
0
0
0
0
0
0
0
0
0
0
0.000512645
0
0
0
0.000170882
0
0
0.00222146
0
0
0
0
0.000170882
0
0.000341763
0
0
0
0.000683527
0.000170882
0.000170882
0
0.000170882
0
0
0
0
0
0
0.0194805
0
0
0.000341763
0
0.000170882
0.000170882
0.000683527
0.000683527
0.000512645
0.00256323
0
0.000683527
0.000341763
0.00683527
0.00170882
0.00102529
0.00410116
0.00478469
0.00324675
0.00410116
0.0324675
0.0199932
0.0254614
0.0307587
0.037594
0.027512
0.0208476
0.0261449
0.0093985
0.0112782
0.0189679
0.00358852
0.00649351
0.0123035
0.00666439
0.00410116
0.00734792
0.00512645
0.00205058
0.00256323
0.000170882
0.0876623
0.000170882
0.000854409
0.000683527
0.00136705
0.00307587
0.00205058
0.00290499
0.00102529
0.00410116
0.000170882
0.00222146
0.00205058
0.000512645
0.00649351
0.00102529
0.000854409
0.00222146
0.000683527
0.000683527
0.000683527
0.0174299
0
0.00136705
0.0018797
0.000512645
0.00239234
0.00341764
0.00444293
0.000170882
0.00222146
0.000854409
0.00427204
0.00170882
0.0018797
0.00341764
0.0018797
0.00170882
0.000683527
0.00136705
0.000170882
0
0
0.0362269
0
0
0.00170882
0.00170882
0.000854409
0.00239234
0.00170882
0.00205058
0.00119617
0.0018797
0.000512645
0.00153794
0.000854409
0.00461381
0.00136705
0.000170882
0.00324675
0.00256323
0.00153794
0.000854409
0.0172591
0.0018797
0.0018797
0.00136705
0.00341764
0.000854409
0.00170882
0.0093985
0.00393028
0.00358852
0.00529733
0.00393028
0.00256323
0.0056391
0.00632262
0.00580998
0.0170882
0.0174299
0.0423787
0.0449419
0.00119617
0.111586