0
0
0
0
0
0
0
0
0
0
0
0.000772201
0
0
0
0
0
0
0
0
0
0
0
0
0
0
0
0
0
0
0
0
0
0
0
0
0
0
0
0
0
0
0
0
0
0
0
0
0
0
0
0
0
0
0
0
0
0
0
0
0
0
0
0
0
0
0
0
0
0
0
0
0
0
0
0
0
0
0
0
0
0
0
0
0
0
0
0
0
0
0
0
0
0
0
0
0
0
0
0
0
0
0
0
0
0
0
0
0
0
0
0
0
0
0
0
0
0
0
0
0
0
0
0
0
0
0
0
0.000772201
0
0
0
0
0
0
0
0
0
0
0
0
0
0
0
0
0
0
0
0
0.003861
0.0015444
0.0046332
0.00694981
0.00694981
0.00540541
0.0015444
0.0223938
0.003861
0.0216216
0.0355212
0.000772201
0.0138996
0.0208494
0.0216216
0.0138996
0.0177606
0.0015444
0
0
0
0.181467
0
0
0
0
0.0023166
0.0023166
0.00617761
0
0.00617761
0
0.0162162
0.000772201
0
0.0447876
0
0.000772201
0.00694981
0
0
0
0.0671815
0
0
0.0015444
0
0.00926641
0
0.0254826
0
0
0
0.00849421
0
0.00694981
0
0
0
0
0
0
0
0
0.0725869
0
0
0
0
0
0
0
0.0100386
0
0.0277992
0
0
0
0.0370656
0
0
0.0162162
0.0015444
0
0
0.0540541
0
0
0.00540541
0.027027
0.000772201
0
0.0416988
0
0.0223938
0.015444
0
0.0023166
0.0185328
0.0247104
0.0123552
0.00617761
0
0
0
0
0.0108108