0
0
0
0
0
0
0.000195848
0
0
0.000195848
0
0.000195848
0
0
0.000587544
0
0
0
0
0
0
0.00117509
0
0
0
0
0
0
0.000391696
0
0
0
0.000195848
0
0
0
0
0
0
0
0
0
0
0.000391696
0
0
0
0
0
0
0
0
0
0
0
0
0
0
0
0
0
0
0
0
0
0
0
0
0
0
0
0
0
0
0
0
0
0
0
0
0
0
0
0
0
0
0
0
0
0
0
0
0
0
0
0
0
0
0
0
0
0
0
0
0
0
0
0
0
0
0
0
0
0
0
0
0
0
0
0
0
0
0
0
0
0
0
0
0.000391696
0
0
0
0
0
0
0
0
0.000195848
0.000587544
0
0
0
0
0
0
0.000195848
0.000783392
0.000587544
0
0.00235018
0
0.00293772
0.00372111
0.00411281
0.00607129
0.000587544
0.0178222
0.00156678
0.0156678
0.0176263
0
0.0045045
0.0329025
0.0321191
0.0109675
0.00470035
0.000391696
0.000391696
0
0
0.166079
0
0
0
0.000391696
0.000587544
0.00097924
0.00411281
0
0.00842146
0
0.0174305
0.00117509
0
0.0524873
0
0.000195848
0.00607129
0.000195848
0.000195848
0
0.120055
0
0
0
0
0.00137094
0
0.0268312
0
0
0
0.00567959
0
0.000783392
0
0
0
0
0
0
0
0
0.127105
0
0
0
0
0
0
0
0.00274187
0
0.0299647
0
0
0
0.0231101
0
0
0.0248727
0
0
0
0.0906776
0
0
0
0.0507246
0
0
0.0166471
0
0.000195848
0.0137094
0
0
0.0127301
0.00254602
0
0
0
0
0
0
0.0274187