0
0
0
0
0.0059453
0.00237812
0.00118906
0.00356718
0
0.00237812
0
0
0
0.00237812
0.00237812
0
0
0.00118906
0.00237812
0.00118906
0.00118906
0.00118906
0
0
0
0
0
0
0
0
0
0
0
0
0
0
0
0
0
0
0
0
0
0.00237812
0
0
0
0
0
0
0
0
0
0
0
0
0
0
0
0
0
0
0
0
0.00118906
0
0
0
0
0.00118906
0
0
0
0
0
0
0
0
0
0
0
0
0
0
0
0.00118906
0
0
0
0
0
0
0
0
0
0
0
0
0
0.00118906
0
0
0
0
0
0
0
0
0
0
0
0
0
0.00118906
0
0
0
0.00118906
0
0
0
0
0
0
0
0
0
0
0.00832342
0
0
0
0
0.00118906
0
0.00118906
0
0
0.00237812
0
0
0.00237812
0.0059453
0.00237812
0.00118906
0.00475624
0.00713436
0.00237812
0.00118906
0.0107015
0.0059453
0.00356718
0.0059453
0.0130797
0.00951249
0.0107015
0.019025
0.0118906
0.0166468
0.0107015
0.0059453
0.00713436
0.0130797
0.00713436
0.0059453
0.00951249
0.00475624
0.00118906
0.00237812
0
0.156956
0
0
0
0.00118906
0.00118906
0.00475624
0.00237812
0.00356718
0.00951249
0.00118906
0.0237812
0.0059453
0.00237812
0.0439952
0.00118906
0.00237812
0.00951249
0.00356718
0.00118906
0
0.0428062
0
0.00118906
0.00475624
0
0.00713436
0.00237812
0.0214031
0
0.00237812
0
0.00475624
0.00118906
0.00951249
0.00832342
0.00356718
0.00118906
0
0
0
0
0
0.0511296
0
0
0
0.00118906
0.00118906
0.00118906
0.00713436
0.00356718
0
0.0059453
0
0.0059453
0.00118906
0.0178359
0
0
0.0059453
0.0059453
0.00356718
0
0.0214031
0
0.0107015
0.0107015
0.0107015
0.0107015
0.00118906
0.019025
0.00951249
0.0154578
0.0166468
0.00118906
0.00951249
0.0154578
0.00713436
0.00832342
0.019025
0.0166468
0.00356718
0
0
0.0439952