0
0
0
0.000434028
0.00173611
0.00130208
0.000868056
0.000868056
0.000434028
0.000868056
0
0.00173611
0.000434028
0.000434028
0.00173611
0
0
0.000434028
0
0
0
0.000868056
0
0.000434028
0
0
0
0
0.000434028
0
0
0
0.000434028
0
0
0
0
0
0
0
0
0
0
0.00130208
0
0
0
0
0
0
0
0
0
0
0
0
0
0
0
0
0
0
0
0
0.00173611
0
0
0
0
0
0
0
0
0
0.000434028
0
0
0
0
0
0
0
0
0
0
0.000434028
0
0
0
0
0
0
0
0
0
0
0
0
0
0
0
0
0.000434028
0
0
0
0.00130208
0
0
0
0
0
0
0
0
0
0
0
0
0
0
0
0
0
0
0
0
0
0.00260417
0
0
0
0
0
0
0
0.000868056
0
0.000434028
0
0.000434028
0
0.00130208
0.000434028
0
0.00303819
0.00347222
0.00520833
0.0078125
0.0177951
0.0104167
0.0182292
0.0247396
0.0329861
0.0230035
0.0282118
0.0321181
0.0221354
0.0203993
0.0273438
0.00694444
0.0121528
0.0134549
0.0125868
0.00998264
0.0112847
0.00607639
0.00347222
0.00173611
0
0.113715
0
0
0.00217014
0.000868056
0.00390625
0.00173611
0.00651042
0.00130208
0.00824653
0.00130208
0.00998264
0.00390625
0.00564236
0.0230035
0.000434028
0.00434028
0.00347222
0.00564236
0.00520833
0
0.0286458
0
0.00130208
0.00390625
0.000868056
0.00651042
0.00347222
0.015191
0
0.00434028
0.000868056
0.00607639
0.000434028
0.00434028
0.00173611
0.00217014
0.00217014
0.00260417
0
0
0
0
0.0355903
0
0
0
0.00303819
0.00260417
0.00173611
0.00217014
0.00434028
0.00173611
0.0078125
0
0.00868056
0
0.00868056
0.00303819
0
0.00651042
0.00477431
0.00173611
0
0.0134549
0.00303819
0.00217014
0.00434028
0.00390625
0.00390625
0.00694444
0.0143229
0.00911458
0.0173611
0.0143229
0.0108507
0.0221354
0.0173611
0.015625
0.0208333
0.00347222
0.00607639
0.0199653
0.000434028
0
0.0321181