0
0.000111982
0.000111982
0.00335946
0.00279955
0.00167973
0.00167973
0.00179171
0.000671892
0.0055991
0.00055991
0.00526316
0.0012318
0.000895857
0.00671893
0.000223964
0.000335946
0.00145577
0.000447928
0.00055991
0
0.00907055
0
0.000223964
0.000671892
0
0.00179171
0.000447928
0.0031355
0.000335946
0.000223964
0.000223964
0.000783875
0.000335946
0.00111982
0.00055991
0.000111982
0.000111982
0
0.000447928
0
0
0
0.0107503
0
0
0
0
0.000223964
0.000111982
0.000223964
0.000223964
0.000111982
0.000223964
0
0.000111982
0
0.000111982
0.000223964
0
0.000111982
0
0
0
0.0012318
0
0.000111982
0
0.000111982
0
0
0.000447928
0
0
0.000111982
0
0
0.000111982
0.000111982
0
0
0
0
0
0
0.00212766
0
0
0
0
0
0
0
0
0
0
0.000111982
0
0
0.00055991
0
0
0.000335946
0
0
0
0.0012318
0
0
0
0
0.000223964
0.000111982
0.000895857
0
0.000223964
0
0.000783875
0
0.000447928
0.000223964
0.000111982
0
0.000447928
0
0.000111982
0
0
0.0111982
0
0.000111982
0.000223964
0.00055991
0.000895857
0.0012318
0.00179171
0.0019037
0.00111982
0.00257559
0.000671892
0.00167973
0.000671892
0.00537514
0.00212766
0.0012318
0.00391937
0.00380739
0.00347144
0.00302352
0.025196
0.0192609
0.0202688
0.0236282
0.0335946
0.0244121
0.0230683
0.0344905
0.0157895
0.0155655
0.0191489
0.00481523
0.00649496
0.0131019
0.00649496
0.00615901
0.00447928
0.00358343
0.00246361
0.000783875
0
0.0655095
0
0
0.000783875
0.00235162
0.00291153
0.00111982
0.00246361
0.000223964
0.00425532
0.000447928
0.00638298
0.00156775
0.00145577
0.0120941
0.000447928
0.0012318
0.00414334
0.00111982
0.000671892
0
0.0166853
0
0.000111982
0.00235162
0
0.00201568
0.00111982
0.00907055
0
0.0012318
0.000111982
0.00369541
0.000335946
0.00156775
0.00156775
0.00100784
0.00055991
0
0
0
0
0
0.0304591
0
0
0
0.000447928
0.00111982
0.00201568
0.00201568
0.00223964
0.00111982
0.00425532
0.000223964
0.00212766
0
0.00817469
0.00257559
0
0.00291153
0.00391937
0.00111982
0
0.0210526
0.000111982
0.00223964
0.00246361
0.00638298
0.000895857
0.00167973
0.0151176
0.00324748
0.00459127
0.0115342
0.00291153
0.00503919
0.0135498
0.00996641
0.049944
0.0143337
0.00862262
0.0805151
0.00235162
0
0.1