0
0
0.00600601
0.0015015
0.00825826
0.00525526
0.00225225
0
0.0015015
0.00525526
0.0015015
0.00600601
0.0015015
0.000750751
0
0
0
0.003003
0.000750751
0
0.000750751
0.00225225
0
0
0.0015015
0
0
0
0.0015015
0
0
0
0.000750751
0
0.000750751
0
0
0
0
0.000750751
0
0
0
0.00675676
0
0
0
0
0.000750751
0
0
0.00225225
0
0
0
0
0
0.0015015
0
0
0
0.000750751
0
0
0.003003
0
0
0
0
0
0
0.0015015
0
0
0
0
0
0
0
0
0
0
0
0
0
0.00225225
0
0
0
0
0
0
0
0
0
0
0.000750751
0
0
0.000750751
0
0
0
0
0
0
0.00825826
0
0
0
0
0.000750751
0
0.00225225
0
0
0
0
0.000750751
0.000750751
0.0015015
0
0
0
0
0
0
0
0.00675676
0
0
0.000750751
0
0
0.000750751
0.00225225
0.000750751
0
0
0
0
0.000750751
0.0045045
0.00525526
0.000750751
0.00375375
0.00900901
0.00375375
0.003003
0.0142643
0.00825826
0.003003
0.0165165
0.0247748
0.0187688
0.0247748
0.0345345
0.0127628
0.0262763
0.0135135
0.00525526
0.0112613
0.0165165
0.0142643
0.00900901
0.00675676
0.00825826
0.00675676
0.0015015
0
0.0818318
0
0.000750751
0.00375375
0.00375375
0.003003
0.00225225
0.00375375
0.0015015
0.0112613
0.0015015
0.0112613
0.00225225
0.00225225
0.0202703
0.0015015
0.003003
0.00825826
0.003003
0.003003
0.000750751
0.015015
0
0.00225225
0.003003
0
0.000750751
0.000750751
0.00750751
0.000750751
0.00375375
0
0.0015015
0
0.003003
0.003003
0.00225225
0.000750751
0
0.000750751
0
0
0
0.0262763
0
0
0
0.0015015
0.0015015
0.003003
0.00600601
0.0045045
0.0015015
0.0015015
0.000750751
0.00525526
0
0.00750751
0.000750751
0
0.00675676
0.00525526
0.0015015
0
0.00900901
0
0.00225225
0.00675676
0.0045045
0.00900901
0.00750751
0.00675676
0.00900901
0.0105105
0.0127628
0.0015015
0.00600601
0.0202703
0.0105105
0.0247748
0.0187688
0.03003
0.0105105
0.042042
0
0.0645646