0
0
0
0
0
0
0
0
0
0
0
0
0
0
0
0
0
0
0
0
0
0
0
0
0
0
0
0
0
0
0
0
0
0
0
0
0
0
0
0
0
0
0
0
0
0
0
0
0
0
0
0
0
0
0
0
0
0
0
0
0
0
0
0
0
0
0
0
0
0
0
0
0
0
0
0
0
0
0
0
0
0
0
0
0
0
0
0
0
0
0
0
0
0
0
0
0
0
0
0
0
0
0
0
0
0
0
0
0
0
0
0
0
0
0
0
0
0
0
0
0
0
0
0
0
0
0
0
0
0
0
0
0
0
0
0
0
0
0
0
0
0
0
0
0
0
0.00100806
0.00100806
0
0.00604839
0
0.00201613
0.00201613
0.00705645
0.00604839
0.00201613
0.00604839
0
0.015121
0.0131048
0
0.00100806
0.0191532
0.0241935
0.0171371
0.0131048
0.00201613
0
0
0
0.232863
0
0
0
0
0.00302419
0.0131048
0.00907258
0
0.0262097
0
0.0715726
0.00201613
0
0.0625
0
0.00100806
0.015121
0.00302419
0
0
0.0705645
0
0
0.00302419
0
0.0211694
0
0.0352823
0
0.00100806
0
0.0252016
0
0.015121
0.00100806
0
0
0
0
0
0
0
0.0816532
0
0
0
0
0
0
0.00100806
0.00806452
0
0.0554435
0
0
0
0.0211694
0
0
0.0171371
0
0
0
0.0332661
0
0
0.00100806
0.0120968
0
0
0.00806452
0
0
0.00302419
0
0
0.00100806
0
0
0
0
0
0
0
0.00705645