0
0
0
0
0
0
0
0
0
0
0
0
0
0
0.0025
0
0
0
0
0
0
0
0
0
0
0
0
0
0.0025
0
0
0
0
0
0
0
0
0
0
0
0
0
0
0
0
0
0
0
0
0
0
0
0
0
0
0
0
0
0
0
0
0
0
0
0
0
0
0
0
0
0
0
0
0
0
0
0
0
0
0
0
0
0
0
0
0
0
0
0
0
0
0
0
0
0
0
0
0
0
0
0
0
0
0
0
0
0
0
0
0
0
0
0
0
0
0
0
0
0
0
0
0
0
0
0
0
0
0
0.0025
0
0
0
0
0
0
0
0
0
0
0
0
0
0.005
0.0025
0
0
0.0025
0
0
0.0025
0
0
0.0075
0.01
0.0025
0
0.0175
0
0.0125
0.015
0
0.0025
0.0075
0.01
0
0.0025
0.0025
0
0
0
0.12
0
0
0
0.01
0.005
0.0075
0.015
0.0025
0.0125
0
0.055
0
0
0.1
0
0
0.0075
0.005
0
0
0.0975
0
0
0
0
0.015
0
0.0475
0
0
0
0.0275
0
0.01
0.0025
0.0025
0.0025
0
0
0
0
0
0.1075
0
0
0
0
0
0.0025
0.01
0.0175
0
0.0375
0
0.01
0
0.03
0
0
0.02
0.005
0
0
0.03
0
0
0.0125
0.02
0.0025
0
0.0125
0
0.0025
0.0075
0
0
0.01
0
0
0
0
0
0
0
0.0075