0
0
0
0.00256016
0.00256016
0.00179211
0.00128008
0.00281618
0.00128008
0.00179211
0.000512033
0.00332821
0.00102407
0.00102407
0.00281618
0.000768049
0.00102407
0.000512033
0.000768049
0.000768049
0
0.00409626
0.000256016
0.000512033
0.000768049
0.000256016
0.000512033
0
0.00256016
0.000512033
0.000256016
0.000512033
0.000768049
0.000256016
0.000512033
0.00128008
0
0
0.000768049
0.000512033
0.000256016
0.000256016
0
0.00742448
0
0.000256016
0.00102407
0.000256016
0.000256016
0.000256016
0.0015361
0.000256016
0.000512033
0.000768049
0
0.000768049
0
0.000256016
0.000512033
0.000256016
0.000512033
0.000768049
0
0.000256016
0.00128008
0
0.000512033
0
0.000512033
0.000256016
0
0.000512033
0.000256016
0.000512033
0.000768049
0
0.000512033
0.000768049
0.000256016
0
0
0.00102407
0
0
0
0.0015361
0
0
0
0
0
0
0.000256016
0
0.000256016
0.000256016
0.000512033
0.000256016
0.000256016
0.00128008
0
0
0.000256016
0.000512033
0
0.000256016
0.00230415
0
0.000256016
0.000768049
0.000512033
0.000768049
0.000256016
0.000768049
0
0.000512033
0
0.000512033
0.000512033
0.000768049
0.000512033
0.000512033
0.000256016
0.000256016
0
0.000512033
0.000512033
0
0.00742448
0.000256016
0.000512033
0.000256016
0.000256016
0.00128008
0.00230415
0.00281618
0.000768049
0.00102407
0.00102407
0.0015361
0.00409626
0.00281618
0.00230415
0.00435228
0.00384025
0.00614439
0.00640041
0.00563236
0.00844854
0.0125448
0.0122888
0.015361
0.016385
0.0386585
0.0343062
0.046595
0.0578597
0.047619
0.0325141
0.0261137
0.015873
0.0110087
0.0112647
0.0130568
0.00665643
0.00896057
0.00486431
0.00358423
0.00230415
0.00102407
0.0381464
0.000512033
0.00179211
0.00256016
0.00358423
0.00384025
0.00281618
0.00409626
0.0015361
0.00665643
0.000512033
0.00614439
0.00204813
0.0015361
0.00486431
0.00204813
0.000768049
0.00460829
0.00128008
0.0015361
0.00102407
0.00819252
0.000256016
0.000768049
0.00128008
0.000256016
0.00179211
0.00102407
0.00460829
0
0.00332821
0.000512033
0.00460829
0.0015361
0.00128008
0.00281618
0.00128008
0.000256016
0.00204813
0
0
0
0
0.0125448
0
0
0.000512033
0.00128008
0.00204813
0.0015361
0.0015361
0.00384025
0.00128008
0.00204813
0.000768049
0.00281618
0
0.00358423
0.00409626
0.000512033
0.00332821
0.00230415
0.00230415
0
0.00768049
0.00128008
0.00384025
0.00486431
0.00204813
0.00281618
0.00256016
0.00972862
0.00537634
0.00947261
0.0179211
0.00947261
0.00947261
0.0504352
0.0192012
0.0227855
0.0330261
0.00384025
0.0107527
0.00384025
0
0.0325141