0
0
0
0.00375
0.003125
0.003125
0.00125
0.00125
0
0.001875
0
0.001875
0.00125
0.000625
0
0
0
0
0.00125
0
0
0.000625
0
0
0
0.000625
0
0.000625
0
0
0
0
0
0
0
0
0
0
0
0
0
0
0
0
0
0
0
0
0
0
0
0
0
0
0
0
0
0
0
0
0
0
0
0
0.000625
0
0
0
0
0
0
0
0
0
0
0
0
0
0
0
0
0
0
0
0
0.000625
0
0
0
0
0
0
0
0
0
0
0
0
0
0
0
0
0
0
0
0
0
0
0
0
0
0
0
0.000625
0
0
0
0
0
0
0
0
0
0
0
0
0
0
0.00125
0
0
0
0
0
0
0
0
0
0.000625
0
0.000625
0
0.00375
0.001875
0.0025
0.000625
0.003125
0.003125
0.0125
0.0225
0.014375
0.030625
0.0275
0.03125
0.02
0.02625
0.016875
0.013125
0.011875
0.01875
0.0075
0.00625
0.014375
0.00875
0.00625
0.00625
0.004375
0.0025
0.00125
0
0.075
0
0.003125
0.0025
0.00375
0.01375
0.001875
0.003125
0.001875
0.0125
0
0.0125
0.003125
0.003125
0.013125
0.000625
0.004375
0.005625
0.008125
0.001875
0.00125
0.021875
0
0.000625
0.001875
0
0.00625
0.0025
0.013125
0.000625
0.003125
0.000625
0.004375
0.00125
0.005
0.004375
0.001875
0.003125
0.000625
0.00125
0
0
0
0.0275
0
0
0.00125
0
0.001875
0.00375
0.003125
0.003125
0.003125
0.008125
0.000625
0.00625
0.0025
0.00875
0.003125
0.0025
0.0075
0.0075
0.00125
0
0.01875
0.01
0.0075
0.008125
0.014375
0.01375
0.00875
0.0175
0.013125
0.01375
0.02625
0.008125
0.016875
0.0275
0.019375
0.01875
0.01125
0.02125
0.005
0.01
0
0.030625