0
0
0.000505051
0.00252525
0.0020202
0.00151515
0.000505051
0.0020202
0
0.00252525
0.00151515
0.0020202
0
0.0010101
0.0040404
0.0010101
0
0.000505051
0
0.0010101
0
0.000505051
0
0
0.0020202
0
0.0010101
0
0.000505051
0
0.0010101
0
0.0010101
0
0
0.000505051
0
0
0
0
0
0
0
0.00151515
0
0
0
0
0
0
0
0
0
0.000505051
0
0
0
0
0
0
0
0
0
0
0.000505051
0
0
0
0
0
0
0
0
0.000505051
0
0
0
0
0
0
0
0
0
0
0
0
0
0
0
0
0
0
0
0
0.000505051
0
0
0
0
0.000505051
0
0
0
0
0
0
0
0
0
0
0
0
0
0
0
0
0
0
0
0
0
0
0
0
0
0
0
0
0.0020202
0
0
0
0.000505051
0.0010101
0
0
0
0
0.0020202
0.000505051
0.00151515
0
0.0040404
0.0020202
0.000505051
0.0040404
0.00454545
0.00555556
0.00757576
0.0272727
0.0262626
0.0313131
0.0343434
0.0308081
0.020202
0.0207071
0.0207071
0.0166667
0.0166667
0.0136364
0.00555556
0.00757576
0.0121212
0.00656566
0.0030303
0.00858586
0.00808081
0.00606061
0.00151515
0.000505051
0.0636364
0.000505051
0.00151515
0.0020202
0.0040404
0.00353535
0.0010101
0.0040404
0.00151515
0.00808081
0.00252525
0.0111111
0.00505051
0.00454545
0.0116162
0.0010101
0.0020202
0.00353535
0.00353535
0.000505051
0.000505051
0.0186869
0
0.000505051
0.00151515
0.00151515
0.00505051
0.000505051
0.00505051
0
0.0020202
0.000505051
0.00606061
0.0020202
0.00353535
0.0010101
0.0020202
0
0.0010101
0.00151515
0
0
0
0.0247475
0
0
0.0030303
0.000505051
0
0.0030303
0.00454545
0.00505051
0.00252525
0.00656566
0.00151515
0.00757576
0.00151515
0.0146465
0.00505051
0.0020202
0.00858586
0.0106061
0.00555556
0
0.0131313
0.00555556
0.0116162
0.0106061
0.010101
0.0106061
0.0131313
0.0161616
0.0126263
0.0166667
0.0222222
0.0136364
0.0207071
0.0186869
0.0252525
0.0237374
0.0126263
0.0151515
0.00757576
0.00656566
0
0.0308081