0
0
0.00394454
0.00215157
0.00442266
0.00394454
0.00215157
0.00334688
0.00167344
0.00262969
0.000956252
0.00262969
0.00143438
0.00167344
0.00155391
0.000597657
0.00119531
0.00143438
0.00119531
0.000358594
0.000717189
0.00119531
0.000119531
0.000717189
0.000597657
0
0.00107578
0.000119531
0.00131485
0.000119531
0.000119531
0.000119531
0.000239063
0.000119531
0.000478126
0
0.000239063
0.000717189
0
0.000119531
0
0.000119531
0
0.00131485
0
0.000119531
0
0.000119531
0
0.000119531
0
0
0
0.000119531
0
0
0
0.000119531
0.000119531
0
0
0
0
0
0.000119531
0.000119531
0
0.000239063
0
0
0
0.000119531
0
0.000119531
0
0
0
0
0.000119531
0
0.000119531
0
0
0
0
0.000358594
0
0
0
0
0
0.000119531
0
0
0
0
0
0.000119531
0
0
0.000239063
0
0
0.000119531
0
0.000119531
0.000358594
0
0.000119531
0
0.000119531
0.000119531
0
0.000478126
0
0.000239063
0.000119531
0.000239063
0.000119531
0
0
0.000119531
0
0.000119531
0
0
0
0
0.000717189
0.000119531
0
0
0.000119531
0.000119531
0.000239063
0.000478126
0.000119531
0.000119531
0.000597657
0.000239063
0.000358594
0.000119531
0.00083672
0.00107578
0.00083672
0.00239063
0.00466173
0.00669376
0.00729142
0.0141047
0.0147024
0.0390868
0.105068
0.172364
0.0900072
0.043868
0.0300024
0.0168539
0.0118336
0.0108774
0.00502032
0.00561798
0.00561798
0.00513985
0.00334688
0.00358594
0.00358594
0.0019125
0.00131485
0.000119531
0.0161367
0.000239063
0.0019125
0.00107578
0.00155391
0.000956252
0.00215157
0.00239063
0.00143438
0.00215157
0.000597657
0.00274922
0.00155391
0.0019125
0.00286875
0.00143438
0.00083672
0.00143438
0.000597657
0.000956252
0.000478126
0.00370547
0.000597657
0.000478126
0.000358594
0.000239063
0.00215157
0.00083672
0.00167344
0.000597657
0.00119531
0.00083672
0.00119531
0.00083672
0.000956252
0.00083672
0.00119531
0.00083672
0.000717189
0.00083672
0.000717189
0
0
0.0064547
0
0.000717189
0.00119531
0.000239063
0.000597657
0.00083672
0.00107578
0.00131485
0.000239063
0.00203203
0.000358594
0.00215157
0.00083672
0.0022711
0.00083672
0.00083672
0.00251016
0.00131485
0.00155391
0.00119531
0.00442266
0.00083672
0.0019125
0.00107578
0.00274922
0.00155391
0.00262969
0.00274922
0.00310782
0.0041836
0.00370547
0.00215157
0.00502032
0.0106383
0.0158977
0.0536696
0.0315563
0.0417165
0.0178102
0.00968205
0.00155391
0.0236672