0
0.0261137
0.047363
0.0376344
0.0281618
0.0284178
0.0171531
0.00998464
0.0117768
0.0174091
0.00844854
0.00870456
0.00563236
0.00896057
0.00793651
0.00435228
0.00332821
0.00358423
0.0030722
0.00230415
0.00281618
0.00256016
0.00179211
0.0015361
0.00179211
0.00204813
0.00204813
0.000256016
0.00281618
0.00128008
0.00179211
0.00281618
0.0015361
0.000512033
0.0015361
0.00179211
0.0015361
0.000768049
0.0015361
0.000256016
0.0015361
0.000768049
0
0.00537634
0
0.000256016
0
0.000256016
0
0.000768049
0.000512033
0
0
0
0.00102407
0.000256016
0
0.000768049
0.000512033
0
0.000512033
0.000512033
0
0
0.00128008
0
0.000256016
0
0.000256016
0
0.000256016
0.000512033
0
0
0.000256016
0.000256016
0
0.000256016
0
0.000512033
0
0
0
0.000256016
0
0.00179211
0
0
0
0
0
0.000256016
0.000256016
0
0.000256016
0
0
0.000768049
0
0.000768049
0.000256016
0.000256016
0
0
0.00102407
0.000256016
0.00128008
0
0.000512033
0.000512033
0
0.000512033
0.000256016
0.000512033
0
0
0.000512033
0.00102407
0
0
0.000512033
0.000256016
0.000256016
0
0.000512033
0
0
0
0.0368664
0.00128008
0.00102407
0.00128008
0.00179211
0.0015361
0.00128008
0.00230415
0.00179211
0.0015361
0.00179211
0.00256016
0.00358423
0.00358423
0.00512033
0.00614439
0.00358423
0.00768049
0.00819252
0.0112647
0.0104967
0.0225294
0.0199693
0.0248336
0.0179211
0.0232975
0.0145929
0.015617
0.0143369
0.00947261
0.0104967
0.00947261
0.00332821
0.00563236
0.00563236
0.00844854
0.00512033
0.00563236
0.00486431
0.00230415
0.0030722
0.0015361
0.0179211
0.00102407
0.00102407
0.00179211
0.00358423
0.00230415
0.00256016
0.00384025
0.00102407
0.0030722
0.00128008
0.00435228
0.00204813
0.0015361
0.00896057
0.00179211
0.000768049
0.00128008
0.00128008
0.0015361
0.000256016
0.0128008
0.000768049
0.000256016
0.0015361
0.000768049
0.00102407
0.00128008
0.00563236
0
0.00102407
0.000512033
0.00204813
0.000512033
0.00179211
0.00102407
0.000512033
0.000768049
0.000512033
0.000768049
0
0.000256016
0
0.016385
0
0
0.000512033
0.00102407
0.00102407
0.000768049
0.00102407
0.00102407
0.00102407
0.00537634
0
0.00102407
0.00128008
0.00665643
0.000768049
0.000512033
0.0030722
0.000768049
0.00179211
0.000512033
0.0140809
0.00204813
0.00204813
0.0015361
0.00332821
0.0015361
0.00128008
0.00665643
0.00281618
0.00332821
0.00512033
0.000768049
0.00179211
0.00460829
0.00409626
0.00358423
0.00819252
0.00537634
0.00640041
0.0112647
0.0133129
0.0693804