0
0.000547945
0.000182648
0.00109589
0.00164384
0.00127854
0.000913242
0.00109589
0.000730594
0.00255708
0.000365297
0.00146119
0.000913242
0.000730594
0.00200913
0.000730594
0.000547945
0.00109589
0.000913242
0.000913242
0.000913242
0.00237443
0.000913242
0.00146119
0.000730594
0.000913242
0.000730594
0.00164384
0.00200913
0.000547945
0.00127854
0.000913242
0.00127854
0.00109589
0.000182648
0.00109589
0.000547945
0.000365297
0.000365297
0.000365297
0
0.000730594
0
0.00365297
0.000182648
0
0.000182648
0.000547945
0.000547945
0.000547945
0.000365297
0.000182648
0.000182648
0.000365297
0.000365297
0.000365297
0
0.000913242
0.000365297
0.000182648
0.000182648
0.000547945
0.000182648
0.000365297
0.00164384
0
0.000547945
0.000182648
0
0
0
0.000547945
0
0.000182648
0.000365297
0.000182648
0.000182648
0.000182648
0
0.000182648
0.000182648
0
0
0
0
0.00127854
0
0
0
0
0
0.000182648
0
0.000182648
0.000365297
0
0.000182648
0
0.000182648
0.000182648
0.000182648
0
0.000182648
0.000365297
0.000182648
0
0.000730594
0
0.000182648
0.000547945
0
0.000913242
0.000365297
0.000913242
0
0.000547945
0
0.000182648
0.000365297
0.000182648
0.000182648
0.000182648
0.000182648
0.000547945
0.000182648
0.000730594
0.000182648
0
0.00456621
0
0.00109589
0.000365297
0.000913242
0.000913242
0.00182648
0.00200913
0.00164384
0.00109589
0.00310502
0.00127854
0.00273973
0.00219178
0.00383562
0.00328767
0.0056621
0.00584475
0.00694064
0.00474886
0.00712329
0.016621
0.0160731
0.0182648
0.0252055
0.043105
0.0352511
0.0336073
0.0325114
0.0242922
0.0336073
0.0252055
0.00894977
0.0138813
0.0178995
0.0118721
0.00949772
0.00840183
0.00986301
0.0056621
0.00401826
0.000730594
0.0471233
0.000365297
0.00109589
0.00347032
0.0056621
0.00438356
0.00383562
0.00456621
0.00200913
0.00675799
0.00127854
0.0060274
0.00328767
0.00127854
0.00694064
0.00127854
0.00237443
0.00456621
0.00146119
0.00237443
0.000365297
0.0100457
0
0.000913242
0.00219178
0.000547945
0.00438356
0.00365297
0.00657534
0.000365297
0.00255708
0.000730594
0.00292237
0.00109589
0.00310502
0.00273973
0.00146119
0.00237443
0.000913242
0.000182648
0.000365297
0
0
0.0208219
0
0.000365297
0.000365297
0.00146119
0.00146119
0.000913242
0.00273973
0.00273973
0.00237443
0.00547945
0.000365297
0.00383562
0.000182648
0.00876712
0.00219178
0.000182648
0.0056621
0.00365297
0.00347032
0.000182648
0.0144292
0.00127854
0.00840183
0.0107763
0.0052968
0.00840183
0.0100457
0.0211872
0.0217352
0.0149772
0.0248402
0.0237443
0.0124201
0.010411
0.0199087
0.00730594
0.00511416
0.00840183
0.00694064
0.000182648
0
0.0182648