0.00585938
0.0146484
0.0371094
0.046875
0.0458984
0.0380859
0.0380859
0.0292969
0.0214844
0.015625
0.0107422
0.0175781
0.0126953
0.0117188
0.0185547
0.015625
0.0214844
0.015625
0.0117188
0.0136719
0.0078125
0.0146484
0.00390625
0.0117188
0.00878906
0.00195313
0.00878906
0.0078125
0.00976563
0.00878906
0.0078125
0.0078125
0.00488281
0.00390625
0.00390625
0.00488281
0.00585938
0
0.00292969
0.00390625
0.00195313
0
0
0.0283203
0
0.00195313
0
0.000976563
0.000976563
0
0.00390625
0
0.000976563
0
0
0
0
0.000976563
0.000976563
0
0
0
0
0
0
0
0.000976563
0.00195313
0
0.00195313
0.000976563
0
0
0
0.000976563
0.000976563
0
0
0
0.000976563
0
0
0
0
0
0.000976563
0
0
0
0
0.00195313
0
0
0
0
0
0.000976563
0.00195313
0.000976563
0.000976563
0.000976563
0
0
0
0
0.00292969
0.000976563
0
0
0
0
0.00195313
0
0.000976563
0
0.00195313
0
0
0
0
0
0
0
0
0
0
0.000976563
0.000976563
0.0263672
0.000976563
0.00195313
0.000976563
0.00292969
0.000976563
0.000976563
0
0.000976563
0.000976563
0.000976563
0.000976563
0.000976563
0.00195313
0.000976563
0
0
0.000976563
0
0
0.000976563
0.00195313
0.000976563
0.000976563
0
0
0
0
0.000976563
0
0
0.00195313
0
0.00195313
0
0.000976563
0.00195313
0
0.000976563
0
0.000976563
0.000976563
0.00488281
0
0.00292969
0.00292969
0.00195313
0
0.00292969
0.000976563
0.000976563
0.000976563
0
0
0.000976563
0.00195313
0.000976563
0.00195313
0.00195313
0.000976563
0.000976563
0.000976563
0.000976563
0.00292969
0
0.00292969
0.000976563
0
0
0.00195313
0
0
0
0
0
0
0
0
0.000976563
0.000976563
0.00195313
0
0.000976563
0.000976563
0
0.0146484
0
0.000976563
0.000976563
0.000976563
0.000976563
0
0
0
0.000976563
0
0.000976563
0
0.00195313
0.000976563
0
0.000976563
0.000976563
0.000976563
0.000976563
0.000976563
0.000976563
0.00195313
0
0.000976563
0.00292969
0.000976563
0.000976563
0.00195313
0.00488281
0.00292969
0.00195313
0.00195313
0.00195313
0.00683594
0.00585938
0.00390625
0.00488281
0.00878906
0.00976563
0.0107422
0.0126953
0.137695