0.0055371
0.0193798
0.0564784
0.0780731
0.0470653
0.0321152
0.0287929
0.017165
0.0149502
0.0193798
0.00996678
0.0110742
0.0127353
0.0110742
0.0110742
0.0155039
0.00996678
0.00941307
0.00885936
0.00830565
0.00885936
0.0105205
0.00332226
0.00885936
0.00664452
0.00885936
0.00664452
0.00775194
0.00830565
0.00276855
0.00387597
0.00276855
0.00332226
0.00609081
0.00110742
0.00276855
0.00166113
0.00221484
0.00166113
0.00110742
0.00055371
0.00110742
0
0.0359911
0
0
0
0.00110742
0.00110742
0.00055371
0.00055371
0
0.00055371
0.00110742
0.00221484
0.00055371
0
0.00055371
0.00055371
0
0.00110742
0.00055371
0
0
0.00221484
0
0
0
0.00055371
0.00055371
0
0
0
0.00055371
0.00055371
0
0
0.00055371
0
0
0
0
0
0
0
0.00276855
0
0
0.00055371
0.00055371
0.00055371
0
0.00055371
0
0
0
0
0.00055371
0
0
0.00055371
0
0
0.00110742
0.00055371
0
0
0
0.00055371
0.00055371
0
0.00110742
0
0.00110742
0
0
0
0.00110742
0.00055371
0.00055371
0
0.00110742
0
0.00166113
0
0.00055371
0
0
0.0365449
0
0.00055371
0.00221484
0.00110742
0.00276855
0.00055371
0.00055371
0.00276855
0.00166113
0.00166113
0.00055371
0
0.00166113
0.00166113
0
0.00110742
0.00110742
0.00055371
0.00055371
0.00166113
0.00055371
0
0.00166113
0.00055371
0.00055371
0.00110742
0.00110742
0.00055371
0.00110742
0.00166113
0.00166113
0.00110742
0.00110742
0.00221484
0.00110742
0.00221484
0
0.00055371
0
0
0.00166113
0.00276855
0.00166113
0.00110742
0.00276855
0.00055371
0
0.00055371
0.00332226
0
0.00055371
0.00110742
0.00166113
0.00166113
0.00055371
0.00055371
0.00055371
0.00055371
0.00055371
0
0.00055371
0
0.00055371
0
0.00055371
0
0.00110742
0.00110742
0.00110742
0.00110742
0
0
0.00055371
0
0
0
0
0
0
0
0
0.00055371
0
0
0.00941307
0
0.00055371
0.00055371
0.00055371
0
0.00110742
0.00166113
0.00166113
0.00055371
0.00110742
0.00166113
0.00055371
0.00055371
0.00166113
0.00055371
0.00055371
0.00221484
0.00055371
0
0.00166113
0.00110742
0.00110742
0.00221484
0.00166113
0.00221484
0.00110742
0.00055371
0.00110742
0.00110742
0.00221484
0
0.00221484
0.00276855
0.00498339
0.00775194
0.00664452
0.00996678
0.00830565
0.00941307
0.00885936
0.00775194
0.1866