0
0.0221354
0.0672743
0.0577257
0.0303819
0.0290799
0.0186632
0.0208333
0.0212674
0.0282118
0.0104167
0.0299479
0.0164931
0.0125868
0.030816
0.0121528
0.0117188
0.0195313
0.0164931
0.0125868
0.00694444
0.0364583
0.000868056
0.00737847
0.0104167
0.00303819
0.00737847
0.00477431
0.015625
0.00130208
0.00260417
0.000868056
0.00564236
0.00260417
0.00260417
0.00303819
0.000434028
0.00260417
0.00173611
0.000868056
0.000434028
0
0
0.0238715
0
0
0
0.000868056
0
0
0.00130208
0
0.000434028
0.00260417
0
0
0
0.00260417
0
0
0.000868056
0.000434028
0
0
0.00434028
0
0
0.000434028
0.00130208
0
0
0.00173611
0
0
0.000434028
0
0
0.00173611
0.000434028
0.000868056
0
0
0
0
0
0.00520833
0
0
0
0
0
0
0
0
0.000434028
0
0.00390625
0.000434028
0
0.00173611
0
0
0.000868056
0
0.000434028
0
0.00824653
0
0.000434028
0
0.000434028
0.00303819
0.00173611
0.00651042
0
0
0.000434028
0.00434028
0.00130208
0.00477431
0.00217014
0.00347222
0.000434028
0.000868056
0.000434028
0.000868056
0
0
0.0377604
0
0.00260417
0.00173611
0.00217014
0.00477431
0.00477431
0.00651042
0.00651042
0.00434028
0.00911458
0.00564236
0.00390625
0.00260417
0.00694444
0.00477431
0
0.00390625
0.00347222
0.00173611
0
0.00737847
0.00130208
0.000434028
0.00173611
0.00173611
0.000434028
0.000434028
0.00217014
0
0
0.00347222
0.000434028
0.000434028
0.00130208
0.00130208
0.00173611
0.00303819
0.00260417
0.00130208
0.000434028
0
0.0130208
0
0
0
0.000434028
0
0.000434028
0
0
0.000868056
0
0.00130208
0
0.000434028
0.00130208
0.000434028
0.000868056
0.000434028
0.000868056
0
0
0.00217014
0
0.000434028
0.000434028
0
0.000434028
0
0.000868056
0
0
0
0.00130208
0
0
0.000434028
0
0.000434028
0.000434028
0
0
0
0
0.00347222
0
0
0
0
0.000868056
0
0.000868056
0.000434028
0.000434028
0
0.000434028
0
0
0.00130208
0
0
0.00173611
0.000434028
0
0
0.00390625
0.000434028
0.000868056
0.00347222
0.00173611
0.00173611
0.000434028
0.00694444
0.00217014
0.00173611
0.00173611
0.00260417
0.00303819
0.00520833
0.00477431
0.00347222
0.00607639
0.00477431
0.00824653
0.00911458
0.00564236
0.0568576