0.00241546
0.0256039
0.0246377
0.0545894
0.036715
0.0304348
0.0309179
0.0207729
0.0227053
0.0236715
0.0231884
0.0202899
0.0202899
0.0207729
0.0251208
0.0178744
0.0193237
0.0173913
0.0164251
0.0130435
0.00531401
0.0202899
0.00144928
0.0057971
0.0140097
0.00338164
0.00772947
0.00772947
0.00966184
0.00338164
0.00386473
0.00289855
0.00483092
0.00144928
0.00289855
0.00144928
0.00144928
0.00193237
0.00144928
0.000483092
0.000483092
0
0.000483092
0.0328502
0
0
0
0
0.000483092
0.000483092
0
0.000483092
0
0
0
0.000483092
0
0.000483092
0
0.000483092
0.000966184
0
0
0
0.00144928
0
0
0
0.000483092
0.000483092
0
0.000966184
0
0.000483092
0
0
0
0.000483092
0.000966184
0
0
0
0
0
0
0.00144928
0
0
0
0
0
0.000483092
0.000483092
0
0
0
0.000483092
0
0
0
0.000483092
0
0
0.00193237
0.000483092
0
0
0
0
0
0
0.000966184
0.000483092
0.000483092
0.000483092
0
0
0
0.000483092
0
0.000483092
0
0.000483092
0.000966184
0.000483092
0.000966184
0.000483092
0
0.0333333
0.000483092
0.00144928
0.000483092
0.000966184
0.00241546
0.00338164
0.00241546
0.00144928
0.00338164
0.00483092
0.00144928
0.00338164
0.000966184
0.00483092
0.00193237
0.000483092
0.00386473
0.00386473
0.00193237
0.00434783
0.00289855
0.00338164
0.00289855
0.00241546
0.00193237
0.000483092
0.000966184
0.00241546
0
0.00193237
0.00144928
0.000966184
0.00193237
0.000966184
0.00241546
0.000483092
0.00144928
0.00193237
0
0.000483092
0.000483092
0.00338164
0
0
0.000483092
0
0.00193237
0.00144928
0.00144928
0
0
0.000966184
0.00144928
0.000483092
0.000483092
0.000483092
0
0
0.000483092
0
0
0
0.000483092
0
0
0
0.000483092
0
0
0.000483092
0
0
0
0.00144928
0
0.000483092
0.000483092
0
0
0
0.000483092
0
0
0
0.00821256
0
0.000483092
0.000966184
0
0.000483092
0
0.000483092
0.000966184
0.000483092
0.00193237
0.00193237
0
0.000483092
0.000483092
0.00241546
0.000483092
0.000483092
0.000966184
0.000483092
0.000483092
0.00144928
0
0.00193237
0.000966184
0.00144928
0
0.00193237
0.00193237
0.00193237
0.00144928
0.00193237
0.00193237
0.00144928
0.00338164
0.00483092
0.00531401
0.00676329
0.00628019
0.0057971
0.00966184
0.0101449
0.15314