0
0
0
0
0
0
0
0
0
0
0
0
0
0
0
0
0
0
0
0
0
0
0
0
0
0
0
0
0
0
0
0
0
0
0
0
0
0
0
0
0
0
0
0
0
0
0
0
0
0
0
0
0
0
0
0
0
0
0
0
0
0
0
0
0
0
0
0
0
0
0
0
0
0
0
0
0
0
0
0
0
0
0
0
0
0
0
0
0
0
0
0
0
0
0
0
0
0
0
0
0
0
0
0
0
0
0
0
0
0
0
0
0
0
0
0
0
0
0
0
0
0
0
0
0
0
0
0
0
0
0
0
0
0
0
0
0
0
0
0
0
0
0
0
0
0.00111111
0
0
0
0.00111111
0
0
0
0.00111111
0
0
0.00222222
0
0.00111111
0.01
0
0
0.0155556
0.00333333
0.00111111
0
0
0
0
0
0.306667
0
0
0
0
0
0
0.00444444
0
0.0177778
0
0.0477778
0
0
0.133333
0
0
0.00444444
0
0
0
0.122222
0
0
0
0
0.00111111
0
0.0711111
0
0
0
0.0155556
0
0
0
0
0
0
0
0
0
0
0.135556
0
0
0
0
0
0
0
0
0
0.00555556
0
0
0
0.0555556
0
0
0
0
0
0
0.0266667
0
0
0
0
0
0
0.0133333
0
0
0.00111111
0
0
0
0
0
0
0
0
0
0
0.00111111