0
0
0
0
0
0
0
0
0
0
0
0
0
0
0
0
0
0
0
0
0
0
0
0
0
0
0
0
0
0
0
0
0
0
0
0
0
0
0
0
0
0
0
0
0
0
0
0
0
0
0
0
0
0
0
0
0
0
0
0
0
0
0
0
0
0
0
0
0
0
0
0
0
0
0
0
0
0
0
0
0
0
0
0
0
0
0
0
0
0
0
0
0
0
0
0
0
0
0
0
0
0
0
0
0
0
0
0
0
0
0
0
0
0
0
0
0
0
0
0
0
0
0
0
0
0
0
0
0
0
0
0
0
0
0
0
0
0
0
0
0
0
0
0
0
0
0
0
0
0.00222222
0
0
0
0.00555556
0
0
0.0122222
0
0.00222222
0.0122222
0
0
0.0422222
0.0277778
0.00333333
0
0
0
0
0
0.226667
0
0
0
0
0
0
0.00222222
0
0.0111111
0
0.0233333
0
0
0.0622222
0
0
0.00888889
0
0
0
0.117778
0
0
0
0
0.00111111
0
0.0433333
0
0
0
0.00888889
0
0
0
0
0
0
0
0
0
0
0.133333
0
0
0
0
0
0
0
0
0
0.0277778
0
0
0
0.0666667
0
0
0
0
0
0
0.0988889
0
0
0
0.00666667
0
0
0.0333333
0
0
0.00888889
0
0
0
0
0
0
0
0
0
0
0.0111111