0
0.000625
0.00125
0.000625
0
0
0
0.000625
0.000625
0
0.000625
0.000625
0.000625
0.000625
0.00125
0
0
0.00125
0.000625
0
0.000625
0
0
0
0.000625
0
0
0.000625
0
0
0
0
0.000625
0.001875
0
0.000625
0
0
0
0.000625
0.000625
0
0
0.0025
0
0
0
0
0.000625
0
0
0.000625
0
0
0.000625
0
0
0
0
0.000625
0
0
0.000625
0
0
0
0
0
0
0
0
0
0
0
0
0.000625
0.000625
0
0
0
0
0
0
0
0
0.000625
0
0
0
0
0
0
0
0
0
0
0.000625
0
0
0
0
0
0
0.000625
0
0
0
0
0
0
0
0
0
0
0
0.000625
0
0.00125
0
0
0
0
0
0.000625
0
0
0
0
0.00125
0
0
0.000625
0
0
0.001875
0.00125
0.000625
0.00125
0.001875
0.00125
0.001875
0
0.001875
0.001875
0.00375
0.006875
0.0075
0.01625
0.030625
0.036875
0.04375
0.048125
0.040625
0.04
0.059375
0.0575
0.043125
0.06375
0.160625
0.106875
0.045
0.021875
0.02125
0.01875
0.00625
0.0075
0.0075
0.00375
0.00375
0.00375
0.006875
0.00125
0.003125
0.003125
0.001875
0.001875
0.000625
0
0.000625
0.00125
0.001875
0.000625
0.00125
0.00125
0.000625
0
0.000625
0.00125
0.001875
0.000625
0
0.000625
0
0
0
0.000625
0
0
0.001875
0.000625
0
0
0.000625
0
0.000625
0.000625
0
0
0
0
0
0
0
0.00125
0
0.000625
0
0.00125
0
0
0
0
0.000625
0.00125
0.000625
0.000625
0
0.00125
0.000625
0
0
0
0.000625
0.000625
0
0
0
0.00125
0
0
0
0
0.000625
0
0
0
0
0.000625
0
0
0
0
0.000625
0
0
0.00375