0
0.000891266
0.000891266
0.0026738
0.000891266
0.00178253
0.000891266
0.00178253
0.00356506
0.000891266
0.000891266
0.000891266
0.00178253
0
0.0026738
0
0.0026738
0
0.00356506
0.0026738
0.000891266
0.00623886
0.000891266
0.000891266
0.000891266
0
0.000891266
0.000891266
0
0.000891266
0
0
0.000891266
0
0.000891266
0.00178253
0
0.000891266
0.00178253
0.000891266
0
0.000891266
0
0.00534759
0.00178253
0
0
0
0.000891266
0.000891266
0.000891266
0.00178253
0
0
0
0
0
0.000891266
0
0
0
0
0
0
0.0026738
0
0
0.000891266
0
0
0
0
0
0
0
0
0
0.000891266
0
0
0
0.000891266
0
0
0
0.000891266
0
0
0
0
0
0
0
0
0.000891266
0
0
0
0
0
0
0
0
0
0
0
0
0
0
0
0
0
0
0
0.00178253
0.000891266
0
0
0
0
0
0
0
0
0
0
0
0
0.0552585
0
0.0026738
0
0
0.00178253
0.00178253
0.00178253
0.00178253
0.000891266
0.0026738
0.0026738
0.00534759
0.00445633
0.00534759
0.00891266
0.00178253
0.00891266
0.00980392
0.00802139
0.0115865
0.0115865
0.0178253
0.0124777
0.0124777
0.0204991
0.0222816
0.0365419
0.0481283
0.23262
0.114973
0.0178253
0.0151515
0.016934
0.0142602
0.013369
0.00445633
0.00713012
0.00802139
0.00534759
0.00891266
0.00178253
0.00891266
0.00623886
0.0026738
0.0026738
0
0.000891266
0.00178253
0.00178253
0.000891266
0.00356506
0
0.000891266
0.0026738
0.00178253
0.00178253
0
0.00178253
0
0
0.000891266
0.000891266
0.0026738
0.000891266
0.000891266
0.000891266
0.00178253
0.0026738
0.000891266
0.000891266
0
0
0
0
0.00178253
0
0
0
0
0
0.000891266
0.000891266
0.000891266
0
0.00623886
0
0.000891266
0.000891266
0
0
0
0
0
0
0
0.000891266
0.000891266
0
0
0.000891266
0
0
0
0
0.000891266
0.0026738
0
0
0
0.000891266
0
0.000891266
0
0.00178253
0
0.000891266
0
0.000891266
0.000891266
0
0
0.00178253
0
0
0.0026738
0.00356506
0.0650624