0
0
0
0
0.000349406
0
0
0
0
0.000698812
0.000349406
0.00174703
0.000698812
0.00174703
0.00209644
0.00174703
0.00174703
0.00279525
0.00524109
0.00384347
0.00314465
0.0143256
0.00314465
0.00908456
0.00838574
0.00733753
0.0108316
0.00978337
0.012928
0.00384347
0.0059399
0.00628931
0.00768693
0.00454228
0.00419287
0.00454228
0.00419287
0.00209644
0.00384347
0.000698812
0.000698812
0.000349406
0
0.0171209
0
0
0
0.000349406
0
0.000698812
0.000698812
0.000698812
0
0.00209644
0
0.000349406
0
0.00209644
0
0
0.000698812
0.000349406
0
0
0.00209644
0
0
0
0
0
0
0.000698812
0
0
0
0
0
0
0.000349406
0
0
0
0
0
0
0.000698812
0
0
0
0
0
0
0
0
0.000698812
0
0.000349406
0
0
0.000349406
0
0
0.000698812
0
0
0
0.00104822
0
0
0.000349406
0
0
0
0.00139762
0
0
0
0.000349406
0
0
0.000349406
0
0
0
0
0
0
0
0.00384347
0
0
0
0.00139762
0.000698812
0.00139762
0.00139762
0.00139762
0.000349406
0.00244584
0.00209644
0.00314465
0.00104822
0.00768693
0.00873515
0.00419287
0.00943396
0.0132774
0.0188679
0.0122292
0.0296995
0.024109
0.0342418
0.0618449
0.148847
0.219427
0.0489168
0.0279525
0.0185185
0.0125786
0.0136268
0.00733753
0.00733753
0.0059399
0.00768693
0.00628931
0.00489168
0.00314465
0.00349406
0.000349406
0
0.0122292
0
0
0.00104822
0.00244584
0.00104822
0.000349406
0.000698812
0
0.00209644
0
0
0.000698812
0.000349406
0.000349406
0
0
0
0.000349406
0
0
0.000349406
0
0
0
0
0.00104822
0
0.000349406
0
0
0
0.000349406
0.000349406
0
0
0
0
0
0
0
0
0
0.000698812
0
0
0
0
0
0
0
0
0.000349406
0.000349406
0
0
0
0.000349406
0
0
0.000349406
0
0
0
0.00104822
0
0
0
0
0
0
0.000349406
0
0
0
0
0
0.000349406
0.000349406
0
0
0
0
0
0
0.00628931