0
0
0
0
0
0
0
0
0
0
0
0
0
0
0
0
0
0
0
0
0
0.000854701
0
0
0
0
0
0
0.00042735
0
0
0
0.00042735
0
0
0
0
0
0
0
0
0
0
0.0042735
0
0
0
0
0
0
0
0
0
0
0
0
0
0
0
0
0
0.00042735
0
0
0.000854701
0
0
0
0.00042735
0
0
0.00042735
0
0
0
0
0
0
0
0
0
0
0
0
0
0
0
0
0
0
0
0
0
0
0
0
0
0
0
0
0
0
0
0
0
0
0.00042735
0
0
0
0
0
0
0.00042735
0
0
0
0
0
0.00042735
0
0
0
0
0
0
0
0
0.00940171
0
0
0
0
0
0
0.00042735
0.00042735
0
0.00299145
0.00042735
0.0017094
0
0.00811966
0.00299145
0
0.00726496
0.00555556
0.0042735
0.00470085
0.0431624
0.0111111
0.015812
0.0183761
0.0320513
0.0175214
0.0179487
0.0474359
0.017094
0.0260684
0.0418803
0.0192308
0.0217949
0.0440171
0.108547
0.0358974
0.0145299
0.0320513
0.00811966
0.00128205
0
0.204274
0
0
0
0.0034188
0.0034188
0.00384615
0.0034188
0.00042735
0.00982906
0
0.00940171
0.000854701
0.00042735
0.0128205
0
0.00128205
0.00470085
0.000854701
0.00042735
0
0.0286325
0
0
0
0
0.00128205
0
0.00641026
0
0
0
0.00213675
0
0.0017094
0.00128205
0
0
0
0
0
0
0
0.0350427
0
0
0
0
0
0
0
0
0
0.00042735
0
0
0
0.00128205
0
0
0
0
0
0
0.00598291
0
0
0
0
0
0
0.0017094
0
0
0
0
0
0
0
0
0
0
0
0
0
0.0230769