0
0
0.000256016
0.000512033
0.000512033
0.000768049
0.00179211
0.00128008
0.00102407
0.00230415
0.00128008
0.00128008
0.000256016
0.00102407
0.0015361
0.0015361
0.0015361
0.00179211
0.00102407
0.000256016
0.00102407
0.000256016
0.000768049
0
0
0
0.000512033
0.000256016
0
0
0
0.000256016
0
0
0
0
0
0
0
0
0
0
0
0.000512033
0
0
0
0
0
0
0
0
0
0
0
0
0
0.000256016
0
0
0
0.000256016
0
0
0.000256016
0
0
0
0.000256016
0.000256016
0
0
0
0
0
0
0
0
0
0
0.000256016
0
0
0
0.000256016
0
0
0
0
0
0
0
0
0
0
0
0
0
0
0
0
0
0.000256016
0
0
0.000512033
0
0
0
0
0
0.000256016
0.000256016
0.000512033
0
0.000256016
0
0
0
0
0
0
0.000512033
0
0.000256016
0
0
0
0.00128008
0.00102407
0.00128008
0.00204813
0.00588838
0.0112647
0.0204813
0.0304659
0.0360983
0.0276498
0.0256016
0.0240655
0.0176651
0.016129
0.00844854
0.00819252
0.0102407
0.00665643
0.00793651
0.00921659
0.00896057
0.0112647
0.016129
0.0212494
0.0225294
0.0171531
0.0181772
0.0294419
0.0337942
0.0453149
0.184588
0.136201
0.0253456
0.0209933
0.0192012
0.015617
0.00844854
0.00844854
0.00665643
0.00563236
0.00179211
0.00102407
0.00640041
0
0.000512033
0.000768049
0.000768049
0.000512033
0.000256016
0.00128008
0.000256016
0.00102407
0.000256016
0.00128008
0.000768049
0.000256016
0.000512033
0
0
0.000512033
0.000512033
0.000256016
0.000256016
0.00128008
0
0
0
0.000256016
0
0.000256016
0.000512033
0
0.00102407
0.000256016
0.000768049
0.000256016
0.000256016
0
0
0.000256016
0.000256016
0
0
0
0
0.000768049
0
0.000256016
0
0
0.000256016
0.000256016
0.000512033
0
0
0.000768049
0
0
0
0.000768049
0.000512033
0.000256016
0.000256016
0.000256016
0.000256016
0
0.000768049
0.000256016
0.000768049
0.000512033
0.000256016
0.000256016
0.000256016
0.00102407
0.000768049
0.00102407
0.000512033
0.000256016
0.000256016
0.000256016
0.000512033
0.00128008
0.00128008
0.0015361
0.000768049
0.000256016
0.000256016
0.00230415