0
0
0.00917993
0.00244798
0.00673195
0.00489596
0.00550796
0.00856793
0.00489596
0.00979192
0.00611995
0.00795594
0.00550796
0.00183599
0.00489596
0.00428397
0.00122399
0.00367197
0.00244798
0.00367197
0.00183599
0.00367197
0
0.00122399
0.00183599
0.000611995
0.00244798
0
0.00489596
0.00122399
0.00122399
0.000611995
0.000611995
0.000611995
0.000611995
0.000611995
0.00183599
0
0
0.000611995
0
0
0
0.00550796
0.000611995
0
0.00183599
0
0
0
0
0
0
0
0
0
0.000611995
0
0
0
0.000611995
0
0.000611995
0.000611995
0.000611995
0
0
0
0
0
0
0.000611995
0
0
0
0
0
0
0
0.00122399
0
0
0
0
0
0
0
0
0
0
0
0
0
0
0
0
0
0
0
0
0
0
0.000611995
0
0
0
0.000611995
0
0
0
0
0
0
0
0.000611995
0
0
0.000611995
0.000611995
0
0.00122399
0.000611995
0
0
0
0
0
0
0.0428397
0.00122399
0.00183599
0.00122399
0
0.00122399
0.000611995
0.00183599
0.000611995
0.00122399
0.000611995
0.00183599
0.00122399
0.00489596
0.00305998
0.00305998
0.00489596
0.00489596
0.00856793
0.0116279
0.0165239
0.00795594
0.0165239
0.0238678
0.0991432
0.179315
0.0305998
0.0104039
0.00856793
0.0128519
0.00734394
0.00734394
0.00673195
0.00305998
0.00367197
0.00305998
0.00244798
0.00611995
0.00122399
0.00305998
0.000611995
0.000611995
0.00244798
0.00122399
0.00428397
0.000611995
0
0.00122399
0
0.00183599
0
0.00122399
0.000611995
0.00244798
0.00183599
0.000611995
0.00183599
0.00183599
0.000611995
0
0.00122399
0.00244798
0
0.00122399
0.000611995
0.00122399
0.00183599
0.00122399
0.00122399
0
0.00183599
0
0.000611995
0.000611995
0.00183599
0.000611995
0
0.00122399
0.00183599
0
0.000611995
0.00122399
0.00122399
0.00122399
0
0.0287638
0.000611995
0.00122399
0.000611995
0.000611995
0.000611995
0.000611995
0
0.00183599
0.000611995
0.000611995
0.000611995
0.000611995
0.000611995
0
0
0.000611995
0
0.00122399
0.000611995
0.000611995
0.00122399
0
0.00122399
0
0.000611995
0.000611995
0.000611995
0.000611995
0
0.00122399
0
0
0
0.000611995
0
0.000611995
0.00122399
0
0
0.00367197
0.000611995
0.215422