0
0
0.000190476
0.000190476
0.000952381
0.000380952
0.000571429
0.000952381
0.000380952
0.000952381
0
0.00361905
0.000761905
0.000571429
0.00190476
0.00228571
0.000952381
0.00228571
0.00419048
0.00380952
0.004
0.00780952
0.00933333
0.0213333
0.0272381
0.0108571
0.00857143
0.0032381
0.00628571
0.00285714
0.00380952
0.0032381
0.00247619
0.00285714
0.00304762
0.00228571
0.00152381
0.00114286
0.00152381
0.000952381
0.00152381
0.000190476
0
0.00590476
0
0.000380952
0.00114286
0.000190476
0.000952381
0.000761905
0.00114286
0.000190476
0.000190476
0.000761905
0.000380952
0.000380952
0.000190476
0.000761905
0.000761905
0
0.000190476
0.000571429
0.000380952
0
0.000571429
0
0.000380952
0.000190476
0.000190476
0
0.000190476
0.000571429
0
0.000952381
0.000190476
0
0.000190476
0.000380952
0
0
0.000380952
0.000380952
0
0
0
0.00228571
0
0
0
0
0
0
0
0
0
0
0.000952381
0
0
0.000190476
0
0
0
0
0
0
0.000571429
0
0.000190476
0
0
0.000571429
0
0.00133333
0
0.000571429
0
0.000380952
0
0.000761905
0.000190476
0.000190476
0
0.000190476
0.000190476
0
0
0
0.0102857
0
0
0.000190476
0.00152381
0.000571429
0.00190476
0.00342857
0.00419048
0.00171429
0.0032381
0.00209524
0.00552381
0.00266667
0.00647619
0.00590476
0.00419048
0.0102857
0.0125714
0.0100952
0.0133333
0.0245714
0.032381
0.0430476
0.0569524
0.0822857
0.116571
0.11981
0.0438095
0.0260952
0.0179048
0.0154286
0.0072381
0.00533333
0.0072381
0.00514286
0.00457143
0.00457143
0.00266667
0.00285714
0.00247619
0.000952381
0.0112381
0.000380952
0.000952381
0.000761905
0.000952381
0.00171429
0.000380952
0.00133333
0.000380952
0.00114286
0.000380952
0.00114286
0.000952381
0.000761905
0.00228571
0.000380952
0.000761905
0.000380952
0.000761905
0.000571429
0.000761905
0.00266667
0.000571429
0.000380952
0.000571429
0.000380952
0.00171429
0.000380952
0.000761905
0.000190476
0.000952381
0.000190476
0.00133333
0.000571429
0.000380952
0.00114286
0.000571429
0.000190476
0.000571429
0.000190476
0
0
0
0.004
0
0.000761905
0.000571429
0
0.000761905
0.000190476
0.000190476
0.00133333
0.000380952
0.000761905
0.000190476
0.000571429
0.000571429
0.00285714
0.000761905
0.000190476
0.000952381
0.000761905
0.000190476
0.000761905
0.00438095
0.000190476
0.000761905
0.000952381
0.00190476
0.00114286
0.000190476
0.00190476
0.000952381
0.00190476
0.00171429
0.000952381
0.00171429
0.00190476
0.0032381
0.00190476
0.00114286
0.000952381
0.000571429
0.000190476
0
0.0110476