0
0.000868056
0.000578704
0.00144676
0.000289352
0.000868056
0.00144676
0.00462963
0.00318287
0.00520833
0.00694444
0.00636574
0.00665509
0.00578704
0.00549769
0.00578704
0.00376157
0.00607639
0.00491898
0.00491898
0.00376157
0.00607639
0.00347222
0.00347222
0.00462963
0.00260417
0.00434028
0.00347222
0.00202546
0.00376157
0.00231481
0.00347222
0.00173611
0.00260417
0.00289352
0.00202546
0.00115741
0.000868056
0.00260417
0.000578704
0.00115741
0
0
0.0164931
0.000578704
0.00115741
0.000578704
0.000578704
0.000578704
0
0
0.000289352
0
0.00115741
0
0.000578704
0
0.000289352
0
0.000289352
0.000289352
0
0
0
0
0
0
0
0
0
0
0
0
0
0
0
0
0
0
0
0
0.000289352
0
0.000289352
0
0
0
0
0
0
0.000289352
0
0
0
0.000289352
0
0
0.000289352
0
0
0
0
0
0.000289352
0
0.000289352
0.000289352
0
0
0
0
0
0.000289352
0
0
0.000289352
0
0.000289352
0
0
0
0
0
0
0
0.000289352
0
0
0.0358796
0.000578704
0.000289352
0.000868056
0.000289352
0.000289352
0.000868056
0.000578704
0.000289352
0.00115741
0.000868056
0.00173611
0.00144676
0.00289352
0.00549769
0.00868056
0.0078125
0.0185185
0.0170718
0.0138889
0.00868056
0.00983796
0.00868056
0.00578704
0.010706
0.0170718
0.0260417
0.140046
0.235243
0.0138889
0.0104167
0.0109954
0.00491898
0.00347222
0.0072338
0.00260417
0.00318287
0.00260417
0.00405093
0.00173611
0.00173611
0.00202546
0.00405093
0.000868056
0.00231481
0.00115741
0.000578704
0.00115741
0.00115741
0.000578704
0.00115741
0.000868056
0.000289352
0.000578704
0.000578704
0
0.000289352
0.000868056
0.000578704
0.000578704
0.000578704
0.000289352
0.000868056
0
0
0
0.000578704
0.000289352
0.000868056
0.000289352
0.000578704
0.000289352
0.000289352
0.000289352
0
0.000868056
0.000289352
0.000289352
0.000289352
0.000289352
0.000578704
0
0
0
0
0.0170718
0.000578704
0
0
0.000578704
0.000578704
0.000289352
0
0.000578704
0
0.000289352
0.000868056
0.000289352
0.000289352
0.000868056
0.000289352
0
0.000289352
0
0.000289352
0
0.000578704
0.000289352
0
0
0.000289352
0.000289352
0
0.00144676
0.000578704
0.000289352
0.000289352
0.00115741
0
0.000289352
0.000578704
0.00144676
0.000578704
0.000289352
0.000868056
0.000868056
0
0.130208