0
0.0146605
0.00462963
0.00308642
0.00308642
0.00308642
0
0.00385802
0.00231481
0.00231481
0.00308642
0.00385802
0.00540123
0.00848765
0.0154321
0.0146605
0.00925926
0.00925926
0.00694444
0.00154321
0
0.00231481
0.00231481
0.00308642
0
0.000771605
0.000771605
0
0
0
0
0
0
0
0
0
0
0
0
0
0
0
0
0
0
0
0
0
0
0
0
0
0
0
0
0
0
0
0
0
0
0
0
0
0
0
0
0
0
0
0
0
0
0
0
0
0
0
0
0
0
0
0
0
0
0
0
0
0
0
0
0
0
0
0
0
0
0
0
0
0
0
0
0
0
0
0
0
0
0
0
0
0
0
0
0
0
0
0
0
0
0
0
0
0
0
0
0
0
0
0
0
0
0
0
0
0
0
0
0
0
0
0
0
0
0
0
0
0.00540123
0.00231481
0.00848765
0.0138889
0.0239198
0.033179
0.0362654
0.0478395
0.0640432
0.0979938
0.121914
0.0848765
0.0470679
0.0185185
0.00925926
0.00771605
0.00540123
0.00694444
0.00694444
0.00462963
0.00925926
0.00231481
0.00771605
0.000771605
0.00308642
0.000771605
0.00462963
0.00154321
0.00154321
0.00385802
0.00462963
0.00385802
0.000771605
0.00617284
0.00231481
0.00540123
0
0.00231481
0.000771605
0.00154321
0.000771605
0.00231481
0.00385802
0.000771605
0
0.00154321
0.00231481
0.00154321
0.000771605
0.00231481
0
0.000771605
0.000771605
0
0.00154321
0.000771605
0.00385802
0.000771605
0
0
0.00231481
0.000771605
0.000771605
0
0
0.00154321
0
0
0.00308642
0.000771605
0
0.000771605
0
0.00154321
0.000771605
0.00154321
0.000771605
0.000771605
0
0.000771605
0.00231481
0
0.00308642
0.00231481
0.00308642
0.00231481
0.000771605
0.00231481
0.000771605
0.000771605
0.00231481
0
0.000771605
0.00385802
0.00154321
0
0.00385802
0.000771605
0.00231481
0.00231481
0.00385802
0.00308642
0.00385802
0.00694444
0.00617284
0.0131173
0.0216049
0.0308642