0
0.00156863
0.00313725
0.0027451
0.00235294
0.0027451
0.0027451
0.00235294
0.00117647
0.0027451
0.0027451
0.00117647
0.000784314
0.000784314
0.00117647
0.000784314
0
0.000784314
0.00117647
0.00117647
0.00117647
0.00117647
0.000784314
0.00117647
0.000392157
0
0.000784314
0.000784314
0.000784314
0.000392157
0.000784314
0
0.00117647
0.000784314
0.000784314
0.00117647
0.00117647
0.000784314
0
0.000392157
0
0
0
0.00431373
0.000392157
0
0
0.000392157
0
0
0.000784314
0.00117647
0
0
0
0.000392157
0
0.000392157
0.000392157
0
0.000784314
0.000392157
0.000392157
0.000392157
0.000392157
0
0.000392157
0.000392157
0.000392157
0.000392157
0.000392157
0
0
0.000784314
0
0
0.000784314
0.000392157
0
0
0.000392157
0
0
0
0
0.00235294
0
0
0
0
0
0
0
0
0.000784314
0
0
0.000392157
0
0.00156863
0.000784314
0.000392157
0.000392157
0
0
0
0.00156863
0.000392157
0
0
0.000392157
0.000392157
0.000392157
0.00117647
0.000392157
0.00117647
0.000392157
0.00117647
0.000392157
0
0.000784314
0.000784314
0
0.00117647
0
0
0.000392157
0
0.0509804
0.0027451
0.00156863
0.00117647
0.00196078
0.0027451
0.00156863
0.0027451
0.00313725
0.00431373
0.00509804
0.00470588
0.00627451
0.00392157
0.00705882
0.00666667
0.00862745
0.00666667
0.00784314
0.00784314
0.0101961
0.0152941
0.012549
0.0105882
0.0133333
0.0168627
0.0262745
0.0172549
0.0247059
0.0835294
0.300392
0.025098
0.0129412
0.00862745
0.0113725
0.0109804
0.00745098
0.0054902
0.00588235
0.00352941
0.00431373
0.00235294
0.0121569
0.00352941
0.0027451
0.0027451
0.00235294
0.00196078
0.00156863
0.000784314
0.00117647
0.00156863
0.000784314
0.000392157
0.000784314
0.00156863
0.00156863
0.000392157
0
0.000784314
0.00117647
0.00117647
0.000784314
0.00196078
0
0.000392157
0.000392157
0.000392157
0.000392157
0.000784314
0.000392157
0.00117647
0
0.00156863
0.000392157
0.000784314
0.000392157
0.000392157
0.000784314
0.00117647
0.000392157
0
0.000784314
0.000392157
0.000784314
0.0129412
0
0.000392157
0.000392157
0.000392157
0.000392157
0.000784314
0.000784314
0.000392157
0.000784314
0
0.000392157
0.000784314
0
0.00196078
0
0
0
0
0
0.000784314
0.00196078
0
0.000392157
0
0
0.00156863
0.000392157
0.00196078
0.000784314
0.000392157
0.00117647
0.000784314
0.000392157
0.000392157
0.000392157
0.00117647
0.00117647
0.00235294
0.000784314
0.000392157
0.00117647
0.0615686