0
0.00058072
0
0
0
0
0.00116144
0.00058072
0
0.00058072
0.00058072
0
0
0
0.00058072
0
0
0
0.00116144
0.00116144
0
0.00116144
0.00058072
0
0
0
0
0
0.00058072
0
0
0.00058072
0.00058072
0
0.00116144
0
0
0
0
0
0
0
0
0.00116144
0.00058072
0
0
0.00058072
0
0
0
0
0.00058072
0
0.00058072
0
0
0.00058072
0
0
0.00058072
0
0
0.00058072
0
0
0
0
0.00058072
0
0.00058072
0
0
0
0.00058072
0
0
0.00058072
0
0
0
0.00058072
0.00058072
0
0
0
0
0
0
0
0.00058072
0
0
0
0
0
0
0
0
0
0
0
0
0
0
0
0
0
0
0
0
0
0.00058072
0
0
0
0.00058072
0
0
0.00058072
0.00058072
0
0
0.00058072
0.00116144
0.00058072
0.00058072
0
0.0029036
0
0.00116144
0.0029036
0.00522648
0.00696864
0.0116144
0.0174216
0.0197445
0.0232288
0.0116144
0.00929152
0.014518
0.0174216
0.0110337
0.0203252
0.018583
0.0191638
0.0150987
0.0203252
0.0255517
0.0162602
0.0255517
0.0150987
0.014518
0.0180023
0.0307782
0.0296167
0.0528455
0.0534262
0.167247
0.124855
0.0400697
0.0162602
0.0180023
0.0121951
0.00638792
0.0058072
0.00406504
0.0029036
0.00464576
0.00058072
0.0139373
0
0.00058072
0
0.00058072
0.00116144
0
0.00058072
0
0.00058072
0
0
0
0.00116144
0.00058072
0
0
0.00058072
0.00058072
0
0
0.00058072
0.00058072
0
0
0
0
0.00058072
0
0
0
0.00116144
0.00058072
0
0
0.00058072
0.00058072
0
0.00058072
0
0.00058072
0
0
0.00116144
0
0.00058072
0
0
0
0
0.00058072
0
0
0.00116144
0
0
0.00058072
0
0
0
0.00058072
0.00058072
0
0
0.00058072
0
0.00116144
0.00058072
0.00116144
0.00058072
0
0.00058072
0
0
0.00174216
0
0.00058072
0.00116144
0
0
0
0
0
0
0
0.00174216