0
0
0
0
0
0
0
0
0
0
0.00104058
0.00104058
0
0
0.00104058
0
0
0
0
0
0
0
0
0
0.00104058
0
0
0
0
0.00104058
0
0
0
0
0.00104058
0
0
0
0
0
0
0
0
0.00520291
0
0.00104058
0
0.00104058
0
0
0
0
0
0.00104058
0.00104058
0
0
0.00104058
0
0
0.00104058
0
0
0
0.00104058
0
0
0
0
0
0
0
0
0
0
0.00104058
0
0
0
0.00104058
0
0
0.00104058
0
0
0
0
0
0
0
0.00104058
0
0
0
0
0
0
0
0
0
0.00104058
0
0
0
0
0
0.00104058
0
0
0
0
0
0
0
0
0
0
0
0.00104058
0
0.00104058
0
0
0
0
0
0
0
0.00104058
0.00104058
0
0.00104058
0
0.00104058
0.00104058
0.00104058
0.00416233
0.00208117
0.00208117
0.00312175
0.00832466
0.0270552
0.0166493
0.0166493
0.0322581
0.0416233
0.0426639
0.0322581
0.0260146
0.0197711
0.0187305
0.0114464
0.0228928
0.0270552
0.0270552
0.0312175
0.0530697
0.0811655
0.200832
0.100937
0.0385016
0.0176899
0.0104058
0.00936524
0.00416233
0.0062435
0.00312175
0.00208117
0.00208117
0.00104058
0.00208117
0
0
0.00416233
0.00104058
0
0
0
0.00104058
0.00104058
0
0.00208117
0
0
0
0
0
0
0
0
0
0.00104058
0
0.00104058
0.00104058
0
0.00104058
0
0
0
0.00104058
0
0
0
0
0
0
0.00104058
0
0
0
0
0
0
0
0
0
0
0
0
0
0.00104058
0
0
0
0
0
0
0
0
0
0
0
0
0.00104058
0
0
0
0
0
0
0.00104058
0
0
0
0
0
0
0.00104058
0.00104058
0
0
0
0
0
0