0
0.00104058
0
0
0
0
0.00208117
0
0.00104058
0
0.00104058
0
0
0.00104058
0.00104058
0.00104058
0.00104058
0.00208117
0
0
0.00104058
0.00104058
0
0
0
0.00208117
0.00208117
0.00104058
0.00208117
0.00104058
0.00312175
0
0
0.00520291
0
0.00104058
0
0
0
0
0
0
0
0.0187305
0.00104058
0.00104058
0
0
0
0
0
0
0
0.00104058
0
0
0.00104058
0
0
0
0.00104058
0
0
0
0
0
0
0
0
0
0
0
0.00104058
0
0
0
0
0
0.00104058
0
0
0
0
0
0
0.00104058
0
0
0
0
0
0
0
0
0
0
0
0
0
0
0
0
0
0
0
0
0
0
0
0
0
0
0
0
0
0
0.00104058
0
0
0
0
0
0
0.00104058
0
0
0
0
0.0228928
0
0
0.00104058
0.00104058
0
0
0.00104058
0.00312175
0
0.00104058
0.00208117
0.0104058
0.0156087
0.0301769
0.0176899
0.0280957
0.0260146
0.0312175
0.024974
0.024974
0.024974
0.0322581
0.024974
0.024974
0.0156087
0.0385016
0.0332986
0.0478668
0.0520291
0.12487
0.110302
0.0385016
0.0187305
0.0187305
0.012487
0.00312175
0.0062435
0.00416233
0.00312175
0.00312175
0.00104058
0.00832466
0
0.00208117
0.00312175
0.00312175
0.00104058
0.00104058
0.00312175
0.00208117
0
0.00416233
0.00104058
0.00208117
0.00104058
0
0.00104058
0
0.00104058
0
0
0
0.00104058
0
0
0
0
0
0
0
0
0
0
0.00104058
0
0
0
0
0
0
0.00104058
0.00104058
0
0
0.00312175
0
0
0.00104058
0
0.00104058
0
0
0
0
0
0
0
0
0
0
0
0.00104058
0.00208117
0
0
0
0.00104058
0.00104058
0
0
0.00104058
0
0
0
0
0
0.00104058
0
0.00104058
0
0
0.00104058
0.00104058
0
0.00104058
0
0.00416233