0
0.000353294
0.000529942
0.000706589
0.00194312
0.00167815
0.00167815
0.00176647
0.00097156
0.00326797
0.000706589
0.00229641
0.00114821
0.000883236
0.00247306
0.00229641
0.00211977
0.00423953
0.00503445
0.00547606
0.00830242
0.012277
0.00680092
0.00962727
0.00927398
0.00777248
0.0106872
0.00706589
0.00945063
0.00326797
0.00432786
0.00362127
0.00203144
0.00220809
0.00194312
0.00220809
0.000883236
0.000706589
0.00097156
0.000441618
0.000264971
0
0
0.00618265
0
0
0.000264971
0.000353294
0.000264971
0.000264971
0.000353294
0.000706589
8.83236e-005
0.000441618
0.000176647
0.000176647
8.83236e-005
0.000264971
0.000176647
0
8.83236e-005
8.83236e-005
8.83236e-005
0
0.000441618
0
0
8.83236e-005
0.000353294
8.83236e-005
0
0.000353294
0
8.83236e-005
0.000353294
0
8.83236e-005
0.000264971
0
8.83236e-005
0
0
0
0
0
0.0015015
0
0
0
8.83236e-005
0.000176647
8.83236e-005
0.000176647
0
0.000176647
0
8.83236e-005
0
8.83236e-005
8.83236e-005
0
0
8.83236e-005
8.83236e-005
0
0
0.00105988
0
0
0.000176647
0
0.000353294
8.83236e-005
0.000529942
0
8.83236e-005
8.83236e-005
0.000264971
0
8.83236e-005
0
0.000441618
8.83236e-005
0.000176647
0
0.000441618
8.83236e-005
0
0.101749
0.000883236
0.00211977
0.00141318
0.000883236
0.00158983
0.00176647
0.00123653
0.00220809
0.00220809
0.00291468
0.00229641
0.00397456
0.00309133
0.00715421
0.00759583
0.00503445
0.012277
0.0112171
0.0139551
0.0103339
0.0159866
0.0128952
0.0131602
0.0173114
0.0218159
0.0434552
0.130189
0.0976859
0.0500795
0.0383325
0.0287935
0.0188129
0.0119237
0.0123653
0.00768415
0.00874404
0.00865571
0.00565271
0.00547606
0.00432786
0.0018548
0.0128952
0.000618265
0.000353294
0.00114821
0.00114821
0.00123653
0.000706589
0.00167815
0.000794913
0.00123653
0.000618265
0.00105988
0.00114821
0.000794913
0.00194312
0.000353294
0.000176647
0.00114821
0.00114821
0.000176647
0.000441618
0.00291468
8.83236e-005
8.83236e-005
0.000441618
0.000441618
0.000794913
0.000264971
0.00194312
0.000264971
0.000441618
0
0.000529942
0.000441618
0.000264971
0.000794913
0.000176647
0.000176647
0.000176647
8.83236e-005
0.000264971
8.83236e-005
0
0.00406289
0
8.83236e-005
8.83236e-005
0.000441618
0.000176647
0.000441618
0.000176647
8.83236e-005
0.000264971
0.000618265
8.83236e-005
0.000264971
0.000176647
0.00132485
0.000264971
0.000176647
0.000618265
0.000529942
0.000264971
0.000264971
0.00256138
0.000441618
0.000441618
0.000264971
0.000794913
0.000264971
0.000264971
0.0015015
0.000353294
0.00097156
0.00097156
0.000529942
8.83236e-005
0.00141318
0.000706589
0.000529942
0.000618265
0.000883236
0.000529942
0.000264971
0.000794913
0.0191662