0
0.000195618
0.00136933
0.000391236
0.000782473
0.000586854
0.000195618
0.00176056
0.000782473
0.00156495
0.000195618
0.00136933
0.000391236
0.000586854
0.000586854
0.000391236
0.00117371
0.000978091
0.000391236
0.000391236
0.000586854
0.000391236
0.000195618
0.000195618
0
0
0
0
0
0
0.000195618
0
0.000195618
0
0
0
0
0
0
0
0
0
0
0
0
0
0
0
0
0
0
0.000195618
0
0
0
0
0
0
0
0
0
0
0
0
0
0
0.000391236
0
0
0
0
0
0
0.000195618
0
0
0
0
0
0.000195618
0
0
0
0.000195618
0
0.000195618
0
0
0.000195618
0
0
0
0
0.000391236
0
0
0
0.000195618
0.000195618
0
0.000195618
0.000195618
0
0
0
0.000195618
0.000195618
0
0.000195618
0
0
0.000391236
0.000195618
0
0.000391236
0.000195618
0.000195618
0.000586854
0.000782473
0.000391236
0.000782473
0.000782473
0.000586854
0.000782473
0.000195618
0.000391236
0.000391236
0
0.143779
0.0301252
0.0246479
0.0185837
0.0125196
0.0105634
0.0086072
0.00625978
0.00528169
0.00880282
0.00586854
0.00978091
0.00821596
0.00528169
0.00625978
0.00293427
0.0043036
0.0064554
0.00625978
0.00391236
0.00665102
0.0105634
0.0140845
0.0187793
0.0201487
0.0252347
0.0162363
0.0246479
0.032277
0.0420579
0.136933
0.143975
0.0510563
0.0217136
0.0178013
0.00919405
0.00938967
0.00410798
0.00195618
0.00273865
0.00117371
0.000782473
0.00273865
0
0.000195618
0.000586854
0.000978091
0.00117371
0.000195618
0.000586854
0.000782473
0.000586854
0.000195618
0.000391236
0.000195618
0.000586854
0.000586854
0.000195618
0.000586854
0.000391236
0.000978091
0
0.000195618
0.000195618
0
0.000195618
0.000586854
0.000391236
0.000586854
0.000195618
0.000195618
0
0
0.000195618
0.000195618
0.000391236
0.000195618
0.000978091
0.000391236
0
0
0.000195618
0
0
0
0.000782473
0
0
0.000978091
0.000195618
0
0.000195618
0.000391236
0.000391236
0.000195618
0.000586854
0.000195618
0.000195618
0.000391236
0.000391236
0.000978091
0.000195618
0.000195618
0.000195618
0.000195618
0.000195618
0.000391236
0.000586854
0.000586854
0.000195618
0.000195618
0.000391236
0.000195618
0.000195618
0.000391236
0.000195618
0.000391236
0.000195618
0.000391236
0.000195618
0.000391236
0.000391236
0.000391236
0.000586854
0.000195618
0
0
0.00352113