0
0
0
0
0
0.000772201
0
0
0
0
0
0
0
0.000772201
0
0
0
0
0
0
0
0
0
0.000772201
0.000772201
0
0.000772201
0
0
0
0
0.000772201
0
0
0
0
0.000772201
0
0.000772201
0.000772201
0
0
0
0.0023166
0
0
0.0015444
0
0
0
0
0
0
0.000772201
0
0
0.000772201
0.000772201
0
0
0.000772201
0
0.000772201
0
0.000772201
0
0
0
0
0
0.000772201
0
0
0.000772201
0
0
0
0
0
0
0
0
0
0
0
0.000772201
0
0
0
0
0.000772201
0
0
0
0
0
0
0
0
0
0
0
0
0
0
0
0.000772201
0
0
0
0
0
0
0
0
0
0
0
0
0
0
0
0
0
0
0
0
0
0.0015444
0
0
0
0
0.0015444
0.000772201
0.000772201
0.000772201
0
0
0.0023166
0
0
0
0.000772201
0.0023166
0.0030888
0.00617761
0.00772201
0.0293436
0.0555985
0.0656371
0.0563707
0.0254826
0.046332
0.0586873
0.0571429
0.042471
0.0633205
0.15444
0.13668
0.0416988
0.0208494
0.0247104
0.0162162
0.00540541
0.00849421
0.0046332
0.0023166
0.0030888
0.000772201
0.00926641
0.000772201
0.0015444
0.0015444
0.0023166
0.000772201
0
0.000772201
0.000772201
0
0
0.000772201
0.000772201
0.000772201
0
0.000772201
0.000772201
0
0
0
0.000772201
0
0
0
0.000772201
0
0
0
0
0
0.000772201
0
0.000772201
0
0
0
0
0
0
0
0
0
0
0.000772201
0
0
0
0
0
0
0
0.000772201
0.000772201
0
0
0
0
0
0
0
0
0.000772201
0
0
0
0
0
0.000772201
0
0
0
0
0
0
0.0015444
0
0
0
0.000772201
0.000772201
0
0
0
0.000772201
0
0.000772201