0
0
0
0
0.00159574
0.00106383
0.00106383
0
0.00159574
0.00159574
0
0.00106383
0
0
0.00106383
0
0
0.00106383
0.000531915
0
0.000531915
0.000531915
0
0
0
0
0.000531915
0
0.00106383
0
0.00106383
0
0
0
0.000531915
0
0
0
0
0
0
0
0
0.00478723
0
0
0
0
0
0
0
0
0
0
0
0.000531915
0
0
0
0
0
0
0
0
0.000531915
0
0
0
0
0
0
0
0
0
0
0
0
0
0
0
0
0
0
0
0
0.000531915
0
0
0
0
0
0
0.000531915
0
0
0
0
0
0
0
0
0
0
0
0
0
0.000531915
0
0
0
0
0
0
0.00106383
0
0
0
0
0
0
0.00106383
0
0
0.000531915
0.000531915
0
0
0
0.00478723
0
0
0
0
0.000531915
0.000531915
0
0.00212766
0.000531915
0.00159574
0.00159574
0.00212766
0
0.00425532
0.00212766
0.000531915
0.00744681
0.00319149
0.0101064
0.0037234
0.043617
0.0164894
0.0223404
0.0132979
0.0276596
0.0244681
0.0159574
0.0547872
0.0180851
0.0255319
0.0553191
0.0202128
0.0335106
0.0526596
0.062234
0.0356383
0.00744681
0.0207447
0.0117021
0
0
0.182979
0
0
0.000531915
0.00691489
0.00797872
0.0037234
0.00159574
0.000531915
0.00957447
0
0.0106383
0.00212766
0.000531915
0.0143617
0
0.00159574
0.00159574
0
0.000531915
0
0.0265957
0
0
0.00159574
0
0.00106383
0.00159574
0.00265957
0
0.00159574
0
0.00106383
0
0.00212766
0.00159574
0
0
0
0
0
0
0
0.0228723
0
0
0
0
0
0
0.00106383
0.000531915
0
0.000531915
0
0
0
0.00159574
0
0
0
0
0
0
0.0101064
0
0
0
0.000531915
0
0
0.00585106
0
0
0.00319149
0
0
0.000531915
0.00106383
0
0
0
0
0
0
0.0345745