0
0.00280112
0
0.00560224
0.00280112
0.00560224
0.0112045
0.00280112
0
0.00560224
0.00280112
0.00560224
0.00840336
0.00560224
0.00280112
0
0.00280112
0.00560224
0
0.00560224
0.00840336
0
0.00280112
0.00280112
0.00840336
0.00280112
0
0
0.00560224
0.00280112
0
0
0
0.00280112
0
0.00280112
0.00280112
0
0.00280112
0
0
0
0
0.00840336
0
0.00280112
0
0
0
0
0
0
0
0
0
0
0
0
0
0
0
0
0
0
0
0
0
0
0
0
0
0
0
0
0
0
0
0
0
0
0
0
0
0
0
0.00280112
0
0
0
0
0
0
0
0
0.00280112
0
0.00280112
0
0
0
0
0
0
0
0
0
0
0
0
0
0
0
0
0
0
0
0
0
0
0.00280112
0
0
0
0
0
0
0
0
0.0420168
0
0
0
0.00560224
0.00280112
0
0.00280112
0
0
0.00280112
0.00560224
0.00560224
0
0.00280112
0.00280112
0.0140056
0.00560224
0.00560224
0.0280112
0.0112045
0.0140056
0.0336134
0.0252101
0.0196078
0.0448179
0.103641
0.0616246
0.022409
0.0364146
0.0168067
0.0140056
0.00560224
0.0112045
0.0112045
0.00840336
0.00280112
0.00280112
0.0140056
0.00840336
0.0140056
0.0112045
0.00840336
0.00560224
0
0.00560224
0.00280112
0.00280112
0.00840336
0
0.00280112
0.00280112
0
0.00560224
0.00560224
0
0.00280112
0
0.00280112
0
0
0
0.00280112
0
0
0.00280112
0.00280112
0.00280112
0
0
0
0
0.00280112
0.00280112
0
0.00280112
0
0
0
0
0
0
0
0
0
0.0196078
0
0
0
0
0.00280112
0
0
0
0
0.00280112
0.00280112
0.00280112
0
0
0
0
0.00840336
0
0
0
0
0
0.00560224
0.00280112
0.00280112
0
0
0
0
0.00280112
0
0
0.00280112
0.00280112
0.00560224
0.00280112
0.00840336
0.00840336
0
0.00280112
0
0.0756303