0
0
0.001221
0.000610501
0.002442
0
0.001221
0.000610501
0.0018315
0.002442
0.002442
0.0042735
0.00732601
0.00732601
0.00671551
0.003663
0.00488401
0.00915751
0.00915751
0.01221
0.0140415
0.014652
0.014652
0.0189255
0.0164835
0.00915751
0.00671551
0.00915751
0.00793651
0.0030525
0.0030525
0.000610501
0.001221
0.00488401
0.00488401
0.00915751
0.00488401
0.002442
0.0042735
0.000610501
0.001221
0
0
0.0030525
0
0
0
0
0
0
0
0
0
0
0
0
0
0
0
0
0
0
0
0
0.001221
0
0
0
0
0
0
0.000610501
0
0
0
0
0
0
0
0
0
0
0
0
0
0.002442
0
0
0
0
0
0
0
0
0
0
0
0
0
0
0
0
0
0
0
0
0.000610501
0
0
0.000610501
0
0.000610501
0
0
0
0
0
0.000610501
0.000610501
0
0
0
0
0
0
0.000610501
0
0
0.003663
0
0.000610501
0
0
0.001221
0.000610501
0.002442
0.000610501
0
0.001221
0.001221
0.001221
0.000610501
0.0030525
0.00671551
0.0018315
0.0115995
0.00976801
0.0128205
0.0189255
0.0274725
0.035409
0.047619
0.0616606
0.0909646
0.112332
0.0610501
0.0360195
0.018315
0.0140415
0.010989
0.00732601
0.00610501
0.00732601
0.0115995
0.00610501
0.00549451
0.00671551
0.0030525
0.0030525
0.001221
0.0164835
0.001221
0.000610501
0.003663
0.001221
0.000610501
0.003663
0.003663
0.000610501
0.002442
0.002442
0.000610501
0.002442
0.0030525
0.0018315
0.000610501
0
0.003663
0.001221
0.000610501
0.001221
0.001221
0
0.002442
0.0030525
0
0.001221
0
0.002442
0
0
0.000610501
0.0018315
0
0.000610501
0
0
0
0.000610501
0
0.000610501
0
0
0.0030525
0
0
0
0
0
0
0.000610501
0.0018315
0
0.000610501
0
0.000610501
0
0.0018315
0.000610501
0.000610501
0
0.001221
0
0.000610501
0.001221
0
0.001221
0.0018315
0.001221
0.001221
0
0.002442
0.000610501
0.0018315
0.001221
0.001221
0.000610501
0.001221
0.0018315
0
0.000610501
0.002442
0.000610501
0
0
0.00793651