0
0
0
0.000333
0.0001665
0.000333
0.0001665
0.000666001
0
0.002331
0.000333
0.0011655
0.0004995
0.000333
0.002664
0.0001665
0.000999001
0.002664
0.000832501
0.001332
0.001998
0.00799201
0.0024975
0.0034965
0.0048285
0.00499501
0.00782551
0.00616051
0.010323
0.003996
0.00732601
0.003663
0.00616051
0.002997
0.0038295
0.0044955
0.0034965
0.002331
0.0041625
0.002331
0.0014985
0.0001665
0
0.0208125
0.0001665
0.0004995
0.001665
0.000666001
0.000832501
0.0011655
0.000999001
0.0021645
0.000666001
0.0024975
0.000999001
0.001332
0.0004995
0.001665
0.001332
0.000333
0.001665
0.001998
0.000832501
0
0.0028305
0.000666001
0.000832501
0.0011655
0.0011655
0.000999001
0.0004995
0.001665
0.0004995
0.0011655
0.000999001
0.0001665
0.000333
0.0011655
0.0004995
0.0004995
0.000832501
0.000333
0
0.0001665
0
0.00566101
0
0.0001665
0.0001665
0.0004995
0.000832501
0.000666001
0.000832501
0.0001665
0.000666001
0
0.000999001
0.000999001
0.0001665
0.0011655
0.0001665
0
0.000999001
0.000666001
0.001332
0.000666001
0.002664
0.0001665
0.000333
0.000666001
0.0001665
0.0004995
0.0004995
0.001665
0.0004995
0.000999001
0.000333
0.0011655
0.000666001
0.0004995
0.000999001
0.000832501
0.000666001
0.000666001
0.000333
0.000333
0
0
0.00616051
0
0.0001665
0.000666001
0.000999001
0.0004995
0.001332
0.0011655
0.0011655
0.000832501
0.0014985
0.0011655
0.002997
0.000666001
0.004662
0.004662
0.001332
0.00616051
0.00699301
0.00532801
0.003663
0.0174825
0.013986
0.0201465
0.0268065
0.0835831
0.161339
0.190143
0.04329
0.018648
0.0171495
0.0184815
0.00549451
0.00949051
0.010323
0.0101565
0.004329
0.00549451
0.004662
0.001998
0.000666001
0.000333
0.025641
0
0.000666001
0.000832501
0.000333
0.002331
0.001665
0.0014985
0.000333
0.0034965
0.000333
0.0011655
0.000999001
0.000666001
0.0018315
0.000333
0.0004995
0.000666001
0.000832501
0.000333
0.000333
0.003663
0
0.000333
0.0001665
0.0001665
0.000666001
0.0001665
0.001665
0
0.0001665
0
0.000666001
0.0001665
0.0004995
0.000333
0.0001665
0
0.0001665
0
0.0001665
0
0
0.00499501
0
0
0.000333
0
0
0
0
0
0
0.0004995
0
0
0
0.000333
0
0
0.000832501
0.000333
0.0001665
0
0.00333
0.0001665
0.0001665
0.0001665
0.0001665
0.0001665
0
0.000832501
0
0
0.000333
0
0
0.0001665
0.0001665
0
0.0001665
0
0
0
0
0.014319