0
0.000546448
0
0.000273224
0.00245902
0.000819672
0.000819672
0.00136612
0.000819672
0.000546448
0.000273224
0.000819672
0.00163934
0.00163934
0.00136612
0.0010929
0.00136612
0.000819672
0.000819672
0.000273224
0.000546448
0.00191257
0.000273224
0.000819672
0.000546448
0.00136612
0.0010929
0.000819672
0.0010929
0.000546448
0.000273224
0
0
0
0
0
0
0.000273224
0.000273224
0
0
0
0
0.000819672
0
0
0
0
0
0
0
0
0
0.000273224
0
0.000273224
0
0.000273224
0
0
0
0.000273224
0
0
0.0010929
0
0
0
0.000273224
0
0
0
0
0
0.000273224
0
0
0
0
0
0
0
0
0.000273224
0.000273224
0.000273224
0
0
0
0
0
0
0
0
0
0
0.000273224
0.000273224
0
0.000273224
0
0.000273224
0
0
0.000273224
0
0.0010929
0
0.000546448
0
0.000273224
0.000819672
0
0.000546448
0
0
0
0.000546448
0
0.000546448
0
0
0.000546448
0
0.000819672
0
0
0
0.00163934
0.000819672
0.00245902
0.00300546
0.0057377
0.0114754
0.0188525
0.0259563
0.029235
0.0284153
0.0379781
0.0251366
0.0240437
0.0243169
0.0150273
0.0172131
0.0125683
0.010929
0.0079235
0.00928962
0.00710382
0.0177596
0.0169399
0.0191257
0.0174863
0.0245902
0.0251366
0.0259563
0.0284153
0.0617486
0.160656
0.106831
0.0256831
0.0174863
0.0188525
0.00819672
0.0079235
0.0068306
0.0068306
0.00464481
0.00218579
0.000273224
0.0079235
0
0.00163934
0.000819672
0.000546448
0.000819672
0.000273224
0.000273224
0.000546448
0.000546448
0.000273224
0.000546448
0
0
0.000819672
0.000546448
0.000546448
0.000819672
0.000546448
0
0
0.0010929
0
0.000273224
0.000819672
0
0.000546448
0
0.000273224
0
0.000546448
0
0
0.000273224
0
0.000273224
0.000273224
0
0.000273224
0.000273224
0
0
0
0.000546448
0
0
0
0
0
0.000546448
0.000546448
0.000273224
0
0.0010929
0.000546448
0.000273224
0
0.000546448
0.000273224
0.000273224
0.000273224
0.000546448
0.000273224
0
0.000819672
0.000546448
0.000273224
0.000273224
0.000273224
0.000273224
0.000273224
0.000273224
0.000273224
0.000273224
0.000273224
0
0.000819672
0.000273224
0.000819672
0.000546448
0.000273224
0
0.000273224
0
0
0.00300546