0
0
0
0.000421496
0.000210748
0.000632244
0.000421496
0.000421496
0.000632244
0.000210748
0
0.000632244
0.00126449
0.000421496
0.00105374
0
0.00126449
0.000421496
0.00168599
0.00295047
0.00316122
0.00695469
0.00358272
0.00737619
0.00821918
0.0056902
0.00821918
0.00821918
0.0103267
0.00421496
0.00632244
0.0056902
0.00505796
0.00252898
0.00295047
0.00316122
0.00105374
0.00295047
0.00231823
0.00147524
0.000632244
0
0
0.0115911
0
0
0.000632244
0.000632244
0.000632244
0.000632244
0.00189673
0.00105374
0.000842993
0.000632244
0.000632244
0.000632244
0.000421496
0.00126449
0.000632244
0.000210748
0.000632244
0.000210748
0.000210748
0
0.00231823
0
0.000421496
0.000210748
0.000210748
0.000210748
0
0.00168599
0
0.000632244
0.00105374
0
0.000210748
0.00105374
0.000421496
0.000210748
0
0
0.000210748
0
0
0.00379347
0
0
0.000210748
0
0
0.000632244
0
0
0.000421496
0
0.000842993
0
0
0.00126449
0.000210748
0.000210748
0.000632244
0.000210748
0.000210748
0
0.00252898
0
0
0.000632244
0.000632244
0.00105374
0.000421496
0.00252898
0
0.00147524
0
0.00168599
0.000421496
0.00147524
0.00147524
0.000421496
0.00105374
0.00105374
0.000842993
0.000632244
0
0
0.0164384
0.000210748
0.000632244
0.00147524
0.00168599
0.00105374
0.00168599
0.00505796
0.00463646
0.00484721
0.00674394
0.00547945
0.00716544
0.00463646
0.00758693
0.00674394
0.00463646
0.0103267
0.00821918
0.00821918
0.0118019
0.0170706
0.0195996
0.023393
0.024236
0.0383562
0.109589
0.218757
0.0998946
0.0278188
0.0168599
0.0128556
0.00653319
0.0052687
0.00716544
0.00442571
0.00210748
0.00189673
0.00147524
0.00231823
0.000842993
0
0.0101159
0
0.000210748
0.000632244
0.00105374
0.000632244
0.000842993
0.000842993
0.000421496
0.00189673
0.000632244
0.00252898
0.000421496
0.000632244
0.00147524
0.000632244
0.000421496
0.000421496
0.000632244
0.000210748
0
0.00189673
0
0.000210748
0.000210748
0.000210748
0.000210748
0.000632244
0.000842993
0.000421496
0
0.000421496
0.000210748
0.000632244
0.000210748
0.000632244
0.000210748
0.000210748
0.000210748
0.000632244
0
0
0
0.00442571
0
0.000210748
0
0
0.000421496
0
0.000632244
0
0
0.000210748
0
0.000210748
0
0.000842993
0.000421496
0.000210748
0.00147524
0.000210748
0
0
0.00189673
0.000632244
0.00105374
0.00126449
0.000210748
0.000632244
0.000421496
0.00147524
0
0.000421496
0.000421496
0.000632244
0.000421496
0.000632244
0.000632244
0.000210748
0.000632244
0.000632244
0.000210748
0.000210748
0
0.0136986