0
0
0
0
0.00178571
0
0
0.000892857
0
0.00178571
0
0.000892857
0.000892857
0.00178571
0.00535714
0.00357143
0.00446429
0.0107143
0.00714286
0.000892857
0.00178571
0.00714286
0
0.00178571
0.00178571
0
0.000892857
0.000892857
0.00178571
0.00178571
0.000892857
0
0.000892857
0
0.000892857
0
0
0
0
0
0
0
0
0.00178571
0
0
0
0
0
0
0
0
0
0
0
0
0
0.000892857
0
0
0
0
0
0
0
0
0
0
0
0
0
0
0
0
0
0
0
0
0
0.000892857
0
0
0
0
0
0
0
0
0
0
0
0
0
0
0
0
0
0
0
0.000892857
0
0
0
0
0
0
0.00178571
0
0
0
0
0.000892857
0
0.00267857
0
0
0.000892857
0.00178571
0.000892857
0.000892857
0.000892857
0.000892857
0.000892857
0
0
0.000892857
0
0
0.00803571
0.000892857
0.000892857
0.00178571
0.000892857
0
0.000892857
0.000892857
0
0.000892857
0.00446429
0.00446429
0.00535714
0.00446429
0.0107143
0.0178571
0.00267857
0.00892857
0.00714286
0.0116071
0.0151786
0.0241071
0.0339286
0.0464286
0.0517857
0.0919643
0.130357
0.1375
0.0330357
0.0392857
0.0196429
0.0223214
0.0151786
0.00446429
0.0116071
0.0116071
0.00714286
0.00267857
0.00535714
0.00267857
0.00625
0.000892857
0.0133929
0.00178571
0.00267857
0.00178571
0.00446429
0.00446429
0.00267857
0.00357143
0.000892857
0.00535714
0.00178571
0.00267857
0.000892857
0.00267857
0.00357143
0.000892857
0.00267857
0.00178571
0.000892857
0.00267857
0.000892857
0.00267857
0
0
0.000892857
0
0.00267857
0
0.00267857
0
0
0
0.00178571
0.00178571
0
0.000892857
0.000892857
0.000892857
0.00267857
0
0
0
0
0.00178571
0
0
0.00178571
0
0.00178571
0
0.00178571
0.000892857
0
0.00178571
0.000892857
0
0
0.000892857
0.000892857
0.000892857
0.000892857
0.000892857
0
0
0.000892857
0
0
0
0.000892857
0
0.000892857
0
0.000892857
0.000892857
0
0.000892857
0
0.000892857
0.00178571
0
0
0
0
0
0
0.0116071