0
0
0
0
0.000378788
0.000378788
0.000757576
0
0
0
0
0.000757576
0.000378788
0
0.00189394
0
0.000378788
0
0
0
0
0.00151515
0
0
0
0
0
0
0.000757576
0
0.000378788
0
0.000378788
0
0.000378788
0
0
0
0
0
0
0
0
0.00833333
0
0
0
0
0
0
0
0
0
0
0
0
0
0
0
0
0
0
0
0
0
0
0
0
0
0
0
0
0
0
0
0
0
0
0
0
0
0
0
0
0
0.000378788
0
0
0
0
0
0
0
0
0
0
0
0
0
0
0
0
0
0
0
0
0
0
0
0
0
0
0
0
0
0
0
0
0
0
0
0
0
0
0
0
0
0
0.00871212
0
0
0
0
0
0
0.000378788
0.000378788
0
0.0030303
0
0.00151515
0
0.00606061
0.00265152
0.000757576
0.00643939
0.00530303
0.00568182
0.0030303
0.0481061
0.00719697
0.0174242
0.0128788
0.0291667
0.0204545
0.0174242
0.055303
0.0212121
0.0208333
0.0420455
0.0174242
0.0174242
0.0314394
0.0871212
0.0159091
0.0132576
0.0674242
0.00492424
0.000757576
0
0.219318
0
0
0.000378788
0.00189394
0.00643939
0.00340909
0.00265152
0.000378788
0.00643939
0
0.0094697
0.00227273
0
0.0121212
0
0.00151515
0.00416667
0.00113636
0
0
0.0246212
0
0
0
0
0.0030303
0.000378788
0.00681818
0
0
0
0.00227273
0
0.00151515
0
0
0
0
0
0
0
0
0.0253788
0
0
0
0
0
0
0.000378788
0.000378788
0
0.000757576
0
0
0
0.00189394
0
0
0.000378788
0
0
0
0.00757576
0
0
0
0.000378788
0
0
0.00416667
0
0
0.000378788
0
0
0.000757576
0
0
0.000378788
0
0
0
0
0.0382576