0
0
0
0
0
0
0
0
0
0
0
0
0
0
0
0
0
0
0
0
0
0
0
0
0
0
0
0
0
0
0
0
0
0
0
0
0
0
0
0
0
0
0
0
0
0
0
0
0
0
0
0
0
0
0
0
0
0
0
0
0
0
0
0
0
0
0
0
0
0
0
0
0
0
0
0
0
0
0
0
0
0
0
0
0
0
0
0
0
0
0
0
0
0
0
0
0
0
0
0
0
0
0
0
0
0
0
0
0
0
0
0
0
0
0
0
0
0
0
0
0
0
0
0
0
0
0
0
0.00777778
0
0.00111111
0.00444444
0
0
0
0.00111111
0.00111111
0.00111111
0.00111111
0.00333333
0.00222222
0.00111111
0.00111111
0.00222222
0.00111111
0.00111111
0.00111111
0.00111111
0.00333333
0.00555556
0.00444444
0.0122222
0.0211111
0.03
0.08
0.182222
0.287778
0.165556
0.0377778
0.0155556
0.0111111
0.00777778
0.01
0.01
0.00444444
0.00111111
0.00111111
0.00111111
0.00111111
0
0
0
0
0
0
0
0
0
0
0
0
0
0.00111111
0
0.00111111
0
0
0
0
0
0
0.00111111
0
0
0
0
0
0
0
0
0
0
0
0
0
0
0
0
0
0
0
0
0
0.00111111
0
0
0.00111111
0
0
0
0
0
0
0.00111111
0
0
0
0
0
0
0
0
0
0
0
0
0
0
0
0
0
0
0
0
0
0
0
0
0
0
0
0
0
0
0
0.0677778