0.0127778
0.0433333
0.0677778
0.05
0.0455556
0.0177778
0.0188889
0.0127778
0.00611111
0.00611111
0.00277778
0.00722222
0.00277778
0.00333333
0.00333333
0.00555556
0.00388889
0.005
0.00222222
0.00277778
0.00333333
0.00444444
0.000555556
0.00444444
0.00666667
0.005
0.00666667
0.00833333
0.01
0.00611111
0.00777778
0.0105556
0.0144444
0.0116667
0.0188889
0.0127778
0.00944444
0.0144444
0.0155556
0.00888889
0.0105556
0.01
0
0.0416667
0.00555556
0.0111111
0.005
0.00444444
0.00277778
0.00388889
0.005
0.00111111
0.00222222
0.00222222
0.000555556
0.000555556
0.00222222
0.00222222
0.00166667
0.000555556
0.00111111
0.00111111
0
0
0.00111111
0.00111111
0.000555556
0.00111111
0.000555556
0.000555556
0
0.00111111
0
0
0.000555556
0
0.00111111
0
0.000555556
0
0.000555556
0
0
0
0
0.000555556
0
0
0.000555556
0
0
0
0
0.000555556
0
0
0
0.00111111
0.000555556
0.000555556
0
0
0
0
0.000555556
0.000555556
0.00222222
0
0
0
0
0
0.00166667
0.000555556
0
0.00111111
0.000555556
0
0
0.00111111
0.000555556
0.000555556
0
0.00111111
0.00111111
0.00111111
0.000555556
0
0.0111111
0
0.000555556
0.000555556
0
0.00111111
0.00277778
0.00222222
0.00111111
0
0.00166667
0.00111111
0.00111111
0
0.00777778
0.00333333
0.00333333
0.00944444
0.0111111
0.00888889
0.01
0.0116667
0.00833333
0.00555556
0.00444444
0.00277778
0.00166667
0.00111111
0.00111111
0.000555556
0.00111111
0.00111111
0.00111111
0.00166667
0
0.000555556
0.00111111
0.00166667
0.000555556
0
0
0
0.00555556
0
0
0.000555556
0
0
0
0.000555556
0
0.000555556
0
0
0.000555556
0
0.00111111
0
0
0
0
0
0.000555556
0.00222222
0
0
0
0
0
0
0
0
0
0
0.000555556
0
0.000555556
0
0
0
0
0
0
0
0
0.00888889
0
0
0.000555556
0
0.00111111
0.000555556
0
0
0
0.00111111
0.000555556
0.00166667
0
0.00333333
0
0
0
0.00111111
0
0
0.00833333
0
0.00222222
0.000555556
0.00166667
0.00222222
0.00111111
0.005
0.00111111
0.000555556
0.00277778
0.00166667
0.00333333
0.00777778
0.00666667
0.00444444
0.00444444
0.00722222
0.00833333
0.01
0.0138889
0.11