0
0.00982143
0.0205357
0.0258929
0.0339286
0.0410714
0.0607143
0.0517857
0.0392857
0.0285714
0.0348214
0.0133929
0.0133929
0.0125
0.00982143
0.0125
0.00357143
0.00625
0.00982143
0.00803571
0.00535714
0.00178571
0.00178571
0.00625
0.00357143
0.0142857
0.00535714
0.000892857
0.00535714
0.00892857
0.0142857
0.0169643
0.0160714
0.01875
0.01875
0.0223214
0.01875
0.01875
0.0205357
0.00714286
0.0125
0.0133929
0
0.0928571
0.0116071
0.0116071
0.00892857
0.00892857
0.00357143
0.00446429
0.00446429
0.00803571
0.00625
0.00357143
0.00446429
0.00357143
0.000892857
0.00178571
0.00446429
0.00267857
0.00535714
0.00178571
0.00267857
0.000892857
0.00357143
0.000892857
0
0.000892857
0
0.00267857
0
0.00178571
0.000892857
0.00267857
0
0
0.000892857
0
0
0
0
0.000892857
0
0.000892857
0
0
0
0
0
0
0
0
0.00178571
0
0.00178571
0
0
0.000892857
0
0
0
0
0.000892857
0
0
0
0
0
0
0
0
0.000892857
0
0
0
0
0.000892857
0
0
0
0.00178571
0
0
0
0
0
0
0
0.00267857
0
0
0
0.00178571
0
0
0
0
0
0
0
0
0
0
0
0
0
0
0
0
0
0
0
0
0
0
0
0
0
0
0
0
0
0
0
0
0
0
0
0
0
0
0
0
0
0
0
0
0
0
0
0
0
0
0
0
0
0
0
0
0
0
0
0
0
0
0
0.000892857
0
0
0
0
0
0
0
0
0
0
0
0
0
0
0
0
0.00178571
0
0
0
0
0
0
0
0
0
0
0
0
0
0
0
0
0.000892857
0
0
0
0
0
0
0
0.000892857
0
0.000892857
0
0
0.000892857
0
0.00178571
0.000892857
0.000892857
0.000892857
0.000892857
0.000892857
0.00267857
0
0.00446429
0.000892857
0.0696429