0
0.000948767
0.00147586
0.00231921
0.00305714
0.00484925
0.00506009
0.00621969
0.00495467
0.00769555
0.00822264
0.0105419
0.0102256
0.0143369
0.0132827
0.0130719
0.0145478
0.0129665
0.0127556
0.0117015
0.0100148
0.0106473
0.00927683
0.00506009
0.00716846
0.00463841
0.00474383
0.00411132
0.00463841
0.00368965
0.00200295
0.00200295
0.00210837
0.000843348
0.00179211
0.00210837
0.00221379
0.000948767
0.00126502
0.00126502
0.00105419
0.00073793
0
0.0449083
0.000210837
0.000210837
0.00073793
0.000210837
0.000105419
0.000105419
0.000527093
0.000105419
0
0.000316256
0.000210837
0.000210837
0
0.000421674
0.000421674
0.000105419
0.000210837
0.000210837
0.000105419
0
0.000316256
0.000105419
0.000105419
0.000105419
0.000105419
0.000210837
0.000105419
0.000421674
0
0.000316256
0.000105419
0
0
0.000210837
0.000210837
0.000105419
0
0.000210837
0
0
0
0.00073793
0.000105419
0.000316256
0
0
0.000105419
0
0
0
0.000105419
0.000210837
0.000316256
0.000316256
0
0.000210837
0
0
0.000105419
0.000105419
0.000105419
0
0.000316256
0
0
0.000105419
0
0.000210837
0.000105419
0
0
0.000105419
0.000210837
0.000421674
0.000210837
0.000210837
0.000316256
0.000210837
0.000210837
0
0.000210837
0
0.000210837
0.000105419
0.00822264
0.000316256
0.000527093
0.000843348
0.000527093
0.000210837
0.000421674
0.000843348
0.000421674
0.000316256
0.000210837
0.000632511
0.000105419
0.000421674
0.000421674
0.000316256
0.000105419
0.000421674
0.000105419
0.000421674
0.000105419
0.000948767
0.000210837
0.000316256
0.00073793
0.000527093
0.000527093
0.000316256
0.000527093
0.000105419
0.000316256
0.000948767
0.000105419
0.000210837
0.000316256
0.000210837
0.000316256
0.000210837
0.000527093
0.000843348
0.000316256
0.000316256
0.00316256
0.000210837
0.000316256
0.000948767
0.000316256
0.000421674
0.000527093
0.000843348
0.000316256
0.000948767
0.000316256
0.00073793
0.000527093
0.00073793
0.00073793
0.000210837
0.000421674
0.000210837
0.000210837
0.000632511
0.000210837
0.000316256
0.000105419
0.000210837
0.000421674
0.000105419
0.000632511
0.000316256
0.000316256
0.000210837
0.000421674
0.000632511
0.000948767
0.000632511
0.000210837
0.000210837
0.00073793
0.000316256
0.000421674
0.00073793
0.000421674
0.000210837
0
0.00611427
0
0.000210837
0.000316256
0.000210837
0.000421674
0.000421674
0.00073793
0.000316256
0.000421674
0.000632511
0.000843348
0.000421674
0.000105419
0.000948767
0.000948767
0.000316256
0.000632511
0.000527093
0.000421674
0.000421674
0.00147586
0.000316256
0.000421674
0.000421674
0.000948767
0.0011596
0.000527093
0.00105419
0.00073793
0.000632511
0.000421674
0.000421674
0.000948767
0.00189753
0.00200295
0.00073793
0.0011596
0.00210837
0.00137044
0.00147586
0.00105419
0.618596