0
0.0247104
0.0239382
0.03861
0.0370656
0.0285714
0.0239382
0.0208494
0.00694981
0.0108108
0.00772201
0.0185328
0.00694981
0.00617761
0.00926641
0.0100386
0.0146718
0.0162162
0.0123552
0.0254826
0.0185328
0.030888
0.0285714
0.0416988
0.0378378
0.0285714
0.0239382
0.0162162
0.0123552
0.0123552
0.00772201
0.0015444
0.003861
0.0023166
0.000772201
0.0023166
0
0.0015444
0.000772201
0
0.000772201
0
0
0.0023166
0
0.000772201
0.000772201
0.000772201
0
0
0.0015444
0
0
0.000772201
0
0
0.000772201
0
0
0
0
0
0
0
0
0
0.000772201
0
0
0
0
0
0
0
0
0
0
0
0
0
0
0
0
0
0
0
0
0
0
0
0.0015444
0
0
0
0
0
0
0
0
0
0
0
0
0
0
0
0
0
0
0
0
0
0
0
0
0
0
0
0
0.000772201
0.000772201
0
0
0.000772201
0
0
0.000772201
0
0.0030888
0
0
0
0
0
0
0
0
0.000772201
0.000772201
0
0.000772201
0
0
0
0
0.000772201
0
0
0
0.000772201
0
0
0.000772201
0
0
0
0.000772201
0.000772201
0.000772201
0.0015444
0
0
0.000772201
0.0023166
0.0015444
0.000772201
0.000772201
0.003861
0
0
0.00617761
0
0
0
0.000772201
0.0015444
0
0
0.000772201
0.0023166
0.0015444
0.0015444
0
0.000772201
0
0
0.0015444
0.000772201
0.000772201
0.000772201
0.000772201
0.0030888
0
0.000772201
0.0023166
0.0015444
0.000772201
0.000772201
0.0030888
0
0.000772201
0.000772201
0.0046332
0.000772201
0.000772201
0.000772201
0
0
0
0.0015444
0
0
0
0.0146718
0
0
0.000772201
0.0030888
0.0015444
0
0.0015444
0.000772201
0.0015444
0.0046332
0
0
0.0015444
0.0123552
0.000772201
0.000772201
0.0046332
0.00540541
0.0023166
0.000772201
0.0216216
0.0015444
0.0015444
0.0023166
0.00694981
0.00540541
0.00617761
0.0146718
0.003861
0.00617761
0.015444
0.0023166
0.00540541
0.011583
0.00540541
0.0023166
0.00849421
0.00849421
0.00849421
0.019305
0.00617761
0.0864865