5.88651e-005
0.000824111
0.00141276
0.00306098
0.00512126
0.00629856
0.00665175
0.00900636
0.0108312
0.0223687
0.0155992
0.0143631
0.0171297
0.0180127
0.0118319
0.0101248
0.00841771
0.00641629
0.00635743
0.00582764
0.00553332
0.0050624
0.00306098
0.00364964
0.00376737
0.0023546
0.00294325
0.00176595
0.0025312
0.00105957
0.00176595
0.0011773
0.000882976
0.000882976
0.0013539
0.000882976
0.000824111
0.000647516
0.000882976
0.000588651
0.000529786
0.000294325
0.000294325
0.0320815
0.000294325
0.000412056
0.000176595
5.88651e-005
0.000412056
0.00023546
0.00035319
0.00011773
0.00011773
0.00023546
0.00011773
0.000470921
0.00023546
0.00035319
0.000176595
0.000176595
0.00023546
0.00023546
0.00011773
0.00011773
0.000647516
0.000176595
0.00011773
0.000176595
0.000294325
0.000176595
0.000176595
0.000294325
0.000176595
0.000176595
0.00035319
5.88651e-005
0.00023546
5.88651e-005
0.000294325
0.000176595
5.88651e-005
5.88651e-005
0
0.000294325
0
0.000529786
0
0
5.88651e-005
0.00011773
0.00011773
0.00035319
0.00011773
5.88651e-005
0.000470921
0
0.000470921
0.000176595
0.00023546
0.000706381
0.000294325
0.00023546
0.00011773
0.000529786
0.00011773
0.00023546
0.000588651
5.88651e-005
0.000529786
0.000294325
0.00035319
0.000470921
0.000176595
0.000588651
0.000294325
0.00011773
0.00023546
0.000529786
0.000176595
0.000412056
0.000412056
0.000529786
0.000176595
0.00011773
0.000176595
0.00011773
0.000176595
0.00011773
0.0180127
0.000412056
0.000588651
0.000765246
0.000470921
0.000765246
0.000941841
0.000765246
0.000765246
0.000706381
0.00158936
0.00141276
0.00153049
0.00141276
0.00335531
0.00329644
0.00200141
0.00470921
0.00459148
0.00435602
0.0037085
0.00570991
0.0035319
0.00364964
0.00500353
0.00712267
0.0072404
0.00294325
0.00264893
0.00141276
0.00206028
0.0025312
0.00176595
0.0025312
0.0023546
0.00300212
0.00223687
0.00229574
0.00259006
0.00123617
0.00129503
0.000647516
0.00718154
0.00035319
0.000412056
0.000529786
0.00105957
0.00129503
0.000588651
0.000706381
0.000588651
0.000941841
0.000176595
0.000529786
0.000529786
0.00011773
0.00129503
0.00035319
0.000294325
0.000412056
0.000647516
0.000470921
0.00023546
0.0011773
5.88651e-005
5.88651e-005
0.000765246
5.88651e-005
0.000470921
0.000412056
0.000706381
0
0.00035319
0.000176595
0.000294325
0.00023546
0.000706381
0.000294325
0.000176595
5.88651e-005
0.000176595
0.00011773
0.00023546
0.00023546
0
0.00565105
0
0
0.00011773
0.00023546
0.000176595
0.000294325
0.00035319
5.88651e-005
5.88651e-005
0.000412056
0.000294325
0.00023546
0.000176595
0.000765246
0.00035319
5.88651e-005
0.000588651
0.000824111
0.000294325
0.000294325
0.00111844
0
0.000706381
0.000647516
0.000706381
0.000470921
0.000470921
0.000765246
0.000529786
0.000529786
0.00158936
0.000412056
0.000824111
0.00111844
0.00105957
0.00105957
0.00105957
0.00153049
0.00123617
0.00129503
0.00105957
0.55033