0.0136986
0.0387414
0.0224743
0.0265411
0.0143408
0.0113442
0.0113442
0.00877568
0.00663527
0.0083476
0.00620719
0.00620719
0.00770548
0.00299658
0.00663527
0.00449486
0.00342466
0.00535103
0.00535103
0.00556507
0.00535103
0.00963185
0.00791952
0.00984589
0.0132705
0.010488
0.0216182
0.0224743
0.0250428
0.0218322
0.0235445
0.0276113
0.0231164
0.0194777
0.0177654
0.0166952
0.0169092
0.0122003
0.0136986
0.0072774
0.00963185
0.0072774
0.00128425
0.0479452
0.00342466
0.00321062
0.00299658
0.00214041
0.00192637
0.00256849
0.00192637
0.00107021
0.000856164
0.00171233
0.00107021
0.00256849
0.000642123
0.00128425
0.000642123
0.00128425
0.000856164
0.000856164
0.000856164
0.000856164
0.00192637
0.000642123
0.00107021
0.000642123
0.000856164
0.000214041
0.000214041
0.00107021
0.000214041
0.000642123
0.00107021
0.000214041
0
0.000214041
0.000642123
0.000428082
0.000214041
0.000214041
0.000214041
0
0
0.00256849
0
0
0
0.000428082
0.000214041
0.000428082
0.000214041
0.000428082
0.000642123
0
0.000856164
0.000428082
0.000428082
0
0
0.000428082
0.000642123
0.000214041
0.000214041
0.000214041
0.00107021
0
0.000214041
0.000214041
0.000428082
0.000642123
0.000214041
0.000856164
0
0
0.000856164
0.000642123
0.000856164
0.000856164
0.00107021
0.000856164
0.000856164
0.000642123
0.00107021
0.000642123
0.000428082
0.000214041
0.0132705
0.000428082
0.000856164
0.00171233
0.00214041
0.00107021
0.00149829
0.00171233
0.00128425
0.00149829
0.00107021
0.000214041
0.00107021
0.000214041
0.00256849
0.00214041
0.000642123
0.00214041
0.00171233
0.000642123
0.000428082
0.00577911
0.000856164
0.00107021
0.000856164
0.00214041
0.00107021
0.00128425
0.00428082
0.00107021
0.00171233
0.00428082
0.00149829
0.00107021
0.00321062
0.00256849
0.00192637
0.00171233
0.00278253
0.00171233
0.000642123
0.000214041
0.0284675
0.000856164
0.000856164
0.00171233
0.0036387
0.00171233
0.000642123
0.00342466
0.00149829
0.00385274
0.00235445
0.0036387
0.00256849
0.00278253
0.00299658
0.00171233
0.00149829
0.00278253
0.00107021
0.00235445
0.000214041
0.00642123
0
0.00192637
0.00128425
0.000642123
0.00171233
0.000856164
0.00149829
0.000428082
0.000856164
0.000642123
0.00128425
0.000856164
0.000856164
0.00171233
0.000856164
0.000856164
0.000856164
0.000642123
0.000856164
0.00107021
0
0.00941781
0.000214041
0
0.00235445
0.000642123
0.000428082
0.000642123
0.00149829
0.00107021
0.00107021
0.00128425
0.000642123
0.000856164
0.00128425
0.00149829
0.000428082
0.000856164
0.000856164
0.00149829
0.000214041
0.00107021
0.00235445
0.00171233
0.00149829
0.00214041
0.00171233
0.00278253
0.00192637
0.00214041
0.00171233
0.00192637
0.00171233
0.00256849
0.00321062
0.00385274
0.00321062
0.0036387
0.00556507
0.00770548
0.00813356
0.00620719
0.00791952
0.0492295