0
0.0013741
0.0013741
0.00188939
0.00188939
0.00309172
0.00171762
0.00257643
0.00343525
0.00927516
0.00532463
0.00738578
0.0103057
0.018035
0.0242185
0.024562
0.0261079
0.0322913
0.0250773
0.0240467
0.0247338
0.0197527
0.010134
0.0128822
0.0103057
0.00687049
0.0115081
0.0106493
0.00807283
0.00498111
0.00618344
0.00463758
0.00549639
0.00515287
0.00549639
0.00480934
0.00549639
0.00326348
0.00583992
0.00669873
0.0063552
0.00188939
0
0.0386465
0.00704225
0.00824459
0.0121951
0.0103057
0.0106493
0.0116798
0.0154586
0.0115081
0.0120234
0.0175198
0.010821
0.0163174
0.00738578
0.0195809
0.0140845
0.00257643
0.0118516
0.00979045
0.0077293
0.000858811
0.0159739
0.00206115
0.00446582
0.00446582
0.0063552
0.00291996
0.00206115
0.0063552
0.00154586
0.00360701
0.00498111
0.000343525
0.000858811
0.00223291
0.00206115
0.00171762
0.0013741
0.000687049
0.000858811
0.000171762
0
0.00790107
0
0
0.000171762
0.000343525
0.000343525
0.00103057
0.00120234
0.000171762
0.00171762
0
0.0013741
0.000515287
0.000171762
0.00103057
0.000343525
0.000858811
0.000343525
0.000687049
0.000515287
0.000515287
0.00257643
0.000171762
0.000515287
0.000343525
0.000171762
0.00103057
0.000171762
0.00120234
0.000171762
0.000343525
0.000171762
0.000858811
0.000171762
0.000858811
0.000343525
0.000515287
0.000515287
0.000687049
0.000515287
0.000343525
0.000171762
0
0.00498111
0.000515287
0.000343525
0.000687049
0.000515287
0.000171762
0.000343525
0.00120234
0.0013741
0.000343525
0.000515287
0.0013741
0.00120234
0.00120234
0.0027482
0.00206115
0.00120234
0.00446582
0.00360701
0.00257643
0.00188939
0.00618344
0.00309172
0.00257643
0.00154586
0.00188939
0.00120234
0.00171762
0.00480934
0.0013741
0.0013741
0.00395053
0.000687049
0.00103057
0.00360701
0.0013741
0.000687049
0.00103057
0.000515287
0
0.000343525
0.000343525
0.0214703
0
0.000343525
0.000515287
0.000515287
0.000515287
0.000858811
0.00188939
0
0.00343525
0.000171762
0.00463758
0.000687049
0.000171762
0.00858811
0
0.000343525
0.0013741
0.00171762
0.000343525
0.000171762
0.010821
0
0.000515287
0.00120234
0.000343525
0.00309172
0.000171762
0.00738578
0.000171762
0.000858811
0.000171762
0.00188939
0.000515287
0.00103057
0.000687049
0.000343525
0.000687049
0.000171762
0.000515287
0.000343525
0.000171762
0
0.0158021
0.000171762
0.000171762
0.000171762
0.000858811
0.000343525
0.000343525
0.00206115
0.00120234
0.000343525
0.00188939
0
0.00103057
0
0.00446582
0.00120234
0.000171762
0.00206115
0.00223291
0.000343525
0.000343525
0.00704225
0.000687049
0.000858811
0.00154586
0.00223291
0.0013741
0.000687049
0.00291996
0.000687049
0.00257643
0.0027482
0.000343525
0.00188939
0.00206115
0.00240467
0.00154586
0.00120234
0.00291996
0.00171762
0.000858811
0
0.017348