0
0
0.00632244
0.00158061
0.0022831
0.00105374
0.000351247
0.000702494
0.000878117
0.00052687
0.000175623
0
0
0
0
0.000175623
0
0
0
0
0
0
0
0
0
0
0
0
0
0
0
0
0
0
0
0
0
0
0
0
0
0
0
0
0
0
0
0
0
0
0
0
0
0
0
0
0
0
0
0
0
0
0
0
0
0
0
0
0
0
0
0
0
0
0
0
0
0
0
0
0
0
0
0
0
0
0
0
0
0
0
0
0
0
0
0
0
0
0
0
0
0
0
0
0
0
0
0
0
0
0
0
0
0
0
0
0
0
0
0
0
0
0
0
0
0
0
0
0
0
0
0
0
0
0
0
0
0
0
0
0
0
0
0
0
0
0
0
0
0
0
0
0
0
0
0
0
0
0
0
0
0
0
0
0
0
0
0
0
0
0
0
0
0
0
0
0
0
0
0.000175623
0
0
0.000351247
0
0
0.000702494
0.000351247
0.000175623
0.00052687
0.000175623
0
0.000351247
0
0
0.000175623
0.000351247
0.000175623
0.00052687
0.000702494
0
0.00105374
0.00105374
0.00052687
0.000702494
0.00122936
0.00158061
0.00105374
0.000351247
0.00280998
0.00140499
0
0
0
0.0103618
0
0.000175623
0.00403934
0.00860555
0.00368809
0.00421496
0.0119424
0.00579557
0.0126449
0.0142255
0.0119424
0.0170355
0.00807868
0.0321391
0.0279241
0.012118
0.0426765
0.0295047
0.0425009
0.00105374
0.0632244
0.0189673
0.0295047
0.0280998
0.019143
0.0172111
0.0251142
0.0237092
0.0258166
0.0309097
0.0302072
0.0224798
0.0244117
0.0407446
0.056902
0.0516333
0.0361784
0.0414471
0.0207236
0.0328416
0
0.0295047