0
0.0014275
0.00255447
0.00315552
0.00375657
0.00518407
0.0054846
0.00540947
0.00661157
0.00969196
0.0120962
0.0169797
0.0126221
0.0145755
0.0145004
0.0130729
0.0119459
0.0112697
0.00894065
0.00856499
0.00653644
0.00728775
0.00398197
0.00443276
0.00465815
0.00277986
0.00323065
0.00323065
0.00315552
0.00172802
0.00180316
0.00157776
0.00165289
0.00217881
0.00300526
0.00315552
0.00202855
0.00105184
0.00112697
0.00150263
0.00135237
0.00052592
0.000300526
0.0470323
0
0.000300526
0.000300526
0.000375657
0.000150263
0.00052592
0.000375657
0.000300526
0.000375657
0.000225394
0.000225394
0.00052592
7.51315e-005
0.000901578
0.000225394
0
0.000300526
0.000150263
0
0.000225394
0.000976709
0.000225394
0.000375657
0.000300526
0.000225394
0.000150263
0
0.00052592
0.000225394
0.000225394
0.000375657
7.51315e-005
0.000150263
0.000225394
7.51315e-005
0.000150263
7.51315e-005
0.000150263
0.000150263
0.000150263
7.51315e-005
0.000751315
0
0.000150263
0.000150263
7.51315e-005
7.51315e-005
0
0.000150263
0.000150263
0.00052592
0.000150263
0.000225394
0.000225394
0.000150263
0.000450789
0.000150263
0
7.51315e-005
0.000300526
7.51315e-005
0.000150263
0.000901578
7.51315e-005
7.51315e-005
0.000150263
0.000300526
0.000375657
0.000375657
0.000150263
0.000150263
0.000601052
7.51315e-005
0.000375657
0.000225394
0.000601052
0.000225394
0.000450789
0.000450789
0.000300526
0.000300526
0.000751315
0.000150263
7.51315e-005
0.0127724
0.000375657
0.00112697
0.000601052
0.00105184
0.000751315
0.00127724
0.000976709
0.00105184
0.00105184
0.00135237
0.00052592
0.00127724
0.000450789
0.0012021
0.000976709
0.000375657
0.0014275
0.00105184
0.000976709
0.000751315
0.00270473
0.00112697
0.0014275
0.00180316
0.00217881
0.00127724
0.0014275
0.000901578
0.0012021
0.00150263
0.0014275
0.00105184
0.000751315
0.00270473
0.000676183
0.0012021
0.000901578
0.0012021
0.000826446
0.000601052
0.000225394
0.00563486
0.000225394
0.000225394
0.000601052
0.000450789
0.000450789
0.000300526
0.00052592
0.000300526
0.000751315
7.51315e-005
0.000751315
0.000450789
0.000826446
0.00105184
0.000150263
0.000676183
0.000901578
0.000450789
0.000751315
0.000375657
0.000976709
0.000150263
0.000225394
0.000751315
0.000375657
0.000826446
0.00052592
0.000976709
0
0.000450789
0.000225394
0.000751315
0.000300526
0.000225394
0.000300526
0.000225394
0.000150263
0.000375657
0.000150263
0.000375657
0.00052592
0
0.00586026
7.51315e-005
7.51315e-005
0.000150263
0.000150263
0.000450789
0.000676183
0.000826446
0.000450789
0.000300526
0.000676183
0.000225394
0.000751315
0
0.00105184
0.000225394
0.000300526
0.000601052
0.00052592
0.000450789
7.51315e-005
0.00202855
0.000375657
0.000601052
0.00112697
0.000751315
0.000375657
0.000375657
0.000901578
0.000751315
0.000676183
0.000751315
0.000601052
0.000676183
0.000751315
0.000826446
0.0012021
0.00180316
0.00157776
0.0014275
0.0012021
0.000901578
0.584373