0.000732601
0.00659341
0.0153846
0.021978
0.0278388
0.0586081
0.0593407
0.0395604
0.0263736
0.0124542
0.018315
0.0197802
0.0117216
0.0131868
0.0131868
0.0102564
0.0021978
0.00586081
0.00805861
0.003663
0.00805861
0.00805861
0.0043956
0.00805861
0.00952381
0.00659341
0.00952381
0.0131868
0.0168498
0.0139194
0.0190476
0.018315
0.0153846
0.0168498
0.0300366
0.0161172
0.0234432
0.0131868
0.0205128
0.0161172
0.014652
0.010989
0.000732601
0.0732601
0.00879121
0.00732601
0.00805861
0.00512821
0.0029304
0.00659341
0.00732601
0.0043956
0.0029304
0.003663
0.0043956
0.00659341
0.0029304
0.00586081
0.0021978
0.000732601
0.0021978
0.000732601
0.0014652
0
0.0014652
0
0.000732601
0
0
0.000732601
0
0.000732601
0.000732601
0
0
0
0
0
0
0
0.0014652
0.000732601
0
0
0
0.00586081
0
0
0
0.000732601
0
0.000732601
0
0
0
0
0
0
0.000732601
0.0014652
0
0.000732601
0.000732601
0
0
0.000732601
0.0014652
0
0
0
0.0014652
0
0
0
0
0.0014652
0
0
0.000732601
0
0.000732601
0
0
0.000732601
0
0
0
0
0.00586081
0
0.000732601
0
0.000732601
0
0
0.0014652
0.000732601
0
0
0
0.000732601
0
0
0.000732601
0
0.000732601
0.000732601
0.0021978
0.0014652
0
0.000732601
0.000732601
0
0
0.000732601
0
0
0
0
0
0
0.000732601
0
0
0
0
0.000732601
0
0
0
0.000732601
0
0
0
0
0
0
0.000732601
0
0
0
0
0.000732601
0
0
0
0.000732601
0
0
0
0
0.000732601
0
0
0
0
0
0
0
0
0.000732601
0
0
0
0
0
0
0
0
0.000732601
0
0
0
0.00512821
0
0.000732601
0
0
0
0
0
0
0
0
0
0.000732601
0
0
0
0
0
0
0.000732601
0
0
0
0.000732601
0
0.000732601
0.000732601
0.000732601
0.0014652
0.000732601
0
0
0
0
0.0014652
0.000732601
0.0021978
0.0014652
0.0021978
0.000732601
0.0014652
0.003663
0.0776557