0
0.00804924
0.0227273
0.0241477
0.0137311
0.0118371
0.00804924
0.0061553
0.00331439
0.00426136
0.00094697
0.00331439
0.00426136
0.00142045
0.00142045
0.00189394
0.00142045
0.00094697
0
0
0
0
0.00094697
0
0
0.000473485
0
0.000473485
0
0
0
0
0
0
0
0
0
0
0
0
0
0
0
0
0
0
0
0
0
0
0
0
0
0
0
0
0
0
0
0
0
0
0
0
0
0
0
0
0
0
0
0
0
0
0
0
0
0
0
0
0
0
0
0
0
0
0
0
0
0
0
0
0
0
0
0
0
0
0
0
0
0
0
0
0
0
0
0
0
0
0
0
0
0
0
0
0
0
0
0
0
0
0
0
0
0
0
0
0
0
0
0
0
0
0
0
0
0
0
0
0
0
0
0
0
0
0
0
0
0
0
0
0
0
0
0
0
0
0
0
0
0
0
0
0.000473485
0.000473485
0
0.000473485
0
0
0.00142045
0
0
0
0.000473485
0
0.000473485
0
0
0.00094697
0.00094697
0.000473485
0
0.00094697
0.000473485
0.00189394
0.00094697
0.00236742
0.00236742
0.00236742
0.00236742
0.00236742
0.00189394
0.00236742
0.00520833
0.00284091
0.00284091
0.00331439
0.00331439
0.00426136
0.00473485
0.00473485
0.00378788
0.00426136
0.00189394
0.00568182
0.00426136
0.00236742
0.00189394
0.00426136
0.0061553
0
0
0.0104167
0.000473485
0.00236742
0.00236742
0.00378788
0.00710227
0.00378788
0.00568182
0.00426136
0.00189394
0.00378788
0.00710227
0.00804924
0.00236742
0.00852273
0.0108902
0.00520833
0.0137311
0.0094697
0.0151515
0.00662879
0.0151515
0.016572
0.0213068
0.0118371
0.0184659
0.0113636
0.014678
0.016572
0.0179924
0.0227273
0.0307765
0.0284091
0.0250947
0.0411932
0.0558712
0.0563447
0.0553977
0.0449811
0.0392992
0.0307765
0.0160985
0.0639205