0.00817096
0.0452546
0.0301697
0.0188561
0.0157134
0.00628535
0.00251414
0.00188561
0.00502828
0.00502828
0.00439975
0.00565682
0.00125707
0.00125707
0.00314268
0.00314268
0.00125707
0.00251414
0.00188561
0.000628536
0
0.00691389
0.00251414
0.000628536
0.00125707
0.000628536
0.000628536
0.00125707
0.00628535
0.00125707
0.000628536
0.000628536
0.00188561
0.000628536
0.00125707
0.00188561
0.000628536
0.00188561
0.00314268
0.000628536
0
0
0
0.0251414
0
0
0.00188561
0.00251414
0.00188561
0.00251414
0.00377121
0.00502828
0.00251414
0.00691389
0.000628536
0.00251414
0
0.0106851
0.00314268
0
0.00439975
0.00377121
0.000628536
0
0.0157134
0
0.000628536
0.00314268
0.00691389
0.000628536
0
0.00754243
0
0.00125707
0.00377121
0.000628536
0
0.00188561
0.00314268
0.00251414
0.000628536
0.000628536
0
0
0
0.0307982
0
0
0
0
0
0.00125707
0.00188561
0
0.00817096
0
0.00628535
0.00188561
0.00125707
0.00817096
0
0
0.00439975
0.00314268
0.000628536
0
0.0163419
0
0.00188561
0.00251414
0
0.00565682
0.00439975
0.0106851
0
0.00251414
0
0.00314268
0
0.00251414
0.00188561
0.00377121
0.00125707
0.00125707
0
0.00125707
0
0
0.0370836
0
0
0.00125707
0.00125707
0.00251414
0.00188561
0.000628536
0.00377121
0.00125707
0.00565682
0.000628536
0
0
0.00314268
0.00314268
0
0.00314268
0.00188561
0.000628536
0.00188561
0.00942803
0
0
0
0.00125707
0.00125707
0.00314268
0.00754243
0.000628536
0.00125707
0.00691389
0.00188561
0.00188561
0.00251414
0.000628536
0.00125707
0.000628536
0.00188561
0.00251414
0
0
0.0326838
0
0
0.00125707
0.000628536
0
0.00125707
0.00314268
0.000628536
0.00314268
0.000628536
0.00439975
0.00188561
0
0.00314268
0
0.000628536
0.00188561
0.000628536
0.00125707
0.000628536
0.00754243
0
0.000628536
0.000628536
0
0.00125707
0
0.00377121
0
0.00125707
0.000628536
0.000628536
0
0.00125707
0.00188561
0
0.000628536
0.000628536
0
0.000628536
0
0
0.00817096
0
0.000628536
0.00125707
0.00188561
0.000628536
0.00188561
0.00439975
0.00188561
0.000628536
0.00188561
0
0.000628536
0.000628536
0.00377121
0.000628536
0.00125707
0.00502828
0.00377121
0.00125707
0.000628536
0.00628535
0.00314268
0.00502828
0.00377121
0.00628535
0.00377121
0.00314268
0.00439975
0.00565682
0.00502828
0.0100566
0.00377121
0.00314268
0.0113136
0.0113136
0.0113136
0.0144563
0.0125707
0.0201131
0.0219987
0.0490258
0.097423