0
0.0475913
0.0250583
0.0200078
0.0118493
0.0110723
0.0112665
0.0112665
0.00660451
0.00971251
0.00407925
0.00582751
0.0027195
0.00252525
0.0027195
0.0019425
0.001554
0.002331
0.00369075
0.00174825
0.00135975
0.00485625
0.0003885
0.001554
0.0011655
0
0.00135975
0.000777001
0.003885
0.0003885
0.000777001
0.000777001
0.00135975
0.000777001
0.000777001
0.00019425
0.0003885
0.0003885
0.000777001
0.0011655
0
0.0003885
0
0.0157343
0.00019425
0.00019425
0.00019425
0.0003885
0.000582751
0.000777001
0.000777001
0.000777001
0.000777001
0.000582751
0.00019425
0.000971251
0
0.000971251
0.000582751
0.00019425
0.000777001
0.00019425
0.000582751
0.0003885
0.0034965
0.0003885
0.000582751
0.00019425
0.000971251
0.000582751
0.0003885
0.0011655
0
0.000582751
0.0011655
0
0
0.0003885
0.0003885
0.0003885
0.0003885
0.000582751
0
0.00019425
0
0.00543901
0
0.00019425
0.00019425
0.00019425
0.000582751
0.0003885
0
0
0.0003885
0
0.0003885
0.000777001
0.00019425
0.00174825
0.0003885
0.0003885
0.000582751
0.0003885
0.0003885
0
0.0042735
0.00019425
0.000777001
0
0.0003885
0.0003885
0.000582751
0.00369075
0.00019425
0.000777001
0.000582751
0.003885
0.000582751
0.00291375
0.001554
0.000971251
0.00019425
0.0011655
0.001554
0
0
0
0.0258353
0.000582751
0.001554
0.00330225
0.00252525
0.003108
0.002331
0.00505051
0.0042735
0.003885
0.00757576
0.004662
0.00602176
0.00330225
0.010878
0.00718726
0.0011655
0.00796426
0.00660451
0.00543901
0.00291375
0.0174825
0.00485625
0.00602176
0.00660451
0.0159285
0.00912976
0.0149573
0.034188
0.0223388
0.0213675
0.0304973
0.00815851
0.00524476
0.0167055
0.00524476
0.00485625
0.00505051
0.0034965
0.00135975
0.000971251
0.0003885
0.0621601
0
0.0003885
0.000582751
0.000971251
0.000777001
0.000971251
0.0027195
0.00135975
0.00524476
0.000971251
0.00369075
0.000582751
0.000582751
0.00679876
0.000582751
0.0003885
0.001554
0.0011655
0.000582751
0.0003885
0.0141803
0
0.000582751
0.000582751
0.000582751
0.000971251
0.0003885
0.003108
0.00019425
0.001554
0.00019425
0.0011655
0.0003885
0.000971251
0.000777001
0.00135975
0.000971251
0.00019425
0.000777001
0.00019425
0.00019425
0
0.0192308
0
0.0003885
0.00019425
0.000582751
0.000777001
0.000582751
0.00135975
0.000971251
0.000582751
0.0011655
0.0003885
0.000971251
0.00019425
0.00757576
0.00174825
0
0.002331
0.000582751
0.00135975
0.0003885
0.0143745
0.0011655
0.000777001
0.000777001
0.003108
0.001554
0.0019425
0.00912976
0.002331
0.0034965
0.00660451
0.00330225
0.00291375
0.00505051
0.00621601
0.0042735
0.00621601
0.0114608
0.012432
0.0141803
0.0176768
0.0747863