0.0031746
0.0148148
0.0222222
0.0248677
0.0142857
0.0137566
0.0121693
0.0111111
0.0100529
0.00740741
0.00793651
0.0169312
0.0132275
0.00582011
0.015873
0.0047619
0.0042328
0.00529101
0.00529101
0.0026455
0.00582011
0.0201058
0.000529101
0.0010582
0.0026455
0
0.0031746
0.0015873
0.00634921
0.0010582
0
0.0010582
0.0031746
0.0010582
0.0015873
0
0.0026455
0.000529101
0.000529101
0.000529101
0.000529101
0.000529101
0
0.0253968
0
0.000529101
0
0
0
0
0.000529101
0
0
0.000529101
0
0
0
0.000529101
0
0
0
0
0
0.000529101
0.0021164
0
0
0.000529101
0
0
0
0.000529101
0
0
0.000529101
0
0
0.000529101
0.000529101
0
0
0
0
0
0
0.0026455
0
0
0
0
0
0
0
0
0
0
0.000529101
0
0
0
0
0
0
0
0
0
0.000529101
0.000529101
0.000529101
0
0
0.000529101
0
0.000529101
0
0
0.000529101
0.0015873
0
0
0
0.0015873
0.000529101
0.000529101
0
0.000529101
0.0010582
0
0.047619
0
0.0010582
0.000529101
0.0015873
0.0031746
0.0021164
0.00529101
0.0031746
0.0015873
0.00634921
0.0042328
0.0010582
0.0015873
0.00846561
0.0015873
0.000529101
0.0047619
0.0015873
0.00582011
0.0047619
0.0153439
0.0031746
0.0042328
0.0015873
0.00529101
0.0037037
0.00529101
0.0132275
0.0042328
0.0037037
0.00687831
0.0047619
0.0037037
0.00582011
0.0042328
0.0042328
0.00529101
0.0042328
0.0037037
0.0021164
0.0010582
0.0582011
0.000529101
0.000529101
0.0015873
0.0021164
0.0021164
0.0021164
0.0021164
0.000529101
0.0021164
0.0021164
0.00582011
0.000529101
0.0031746
0.00899471
0.0015873
0
0.000529101
0.000529101
0.000529101
0.000529101
0.0216931
0
0
0.0010582
0.0010582
0.000529101
0.000529101
0.0100529
0.0015873
0.0015873
0
0.000529101
0
0.000529101
0.000529101
0.0015873
0
0.000529101
0
0.000529101
0.000529101
0.000529101
0.0444444
0
0.000529101
0
0.000529101
0.000529101
0
0.000529101
0.0010582
0
0
0.000529101
0.000529101
0.0010582
0.0121693
0.0010582
0.0010582
0.0021164
0.0015873
0.0010582
0.0021164
0.0248677
0.0021164
0.0026455
0.0010582
0.0031746
0.000529101
0.0026455
0.0137566
0.0010582
0.0015873
0.0148148
0.0047619
0.0026455
0.00740741
0.00634921
0.00634921
0.00634921
0.0042328
0.010582
0.010582
0.00529101
0.128571