0
0.0166482
0.0247873
0.0288568
0.0310766
0.0303367
0.0240474
0.0277469
0.0103589
0.0173881
0.00554939
0.0122087
0.0107288
0.00739919
0.0103589
0.0081391
0.0110988
0.0122087
0.0129486
0.00961894
0.0114687
0.0244173
0.0159083
0.0218276
0.0118387
0.0144284
0.0229375
0.018128
0.018498
0.0162782
0.0155383
0.0125786
0.0129486
0.0144284
0.00887902
0.0081391
0.00702923
0.00480947
0.00480947
0.00628931
0.00406955
0.00443951
0
0.0221976
0.00147984
0.00221976
0.00258972
0.00221976
0.0018498
0.00443951
0.00295967
0.00110988
0.00221976
0.00258972
0.00110988
0.00221976
0.00110988
0.00258972
0.00332963
0.000739919
0.00258972
0.00147984
0.00110988
0
0.00517943
0.00110988
0.00221976
0.0018498
0.00147984
0.000739919
0.00147984
0.00221976
0.000739919
0.00221976
0.000369959
0
0.000739919
0.0018498
0.00221976
0
0.000739919
0.000739919
0.000369959
0
0
0.00702923
0.000369959
0
0
0.000739919
0
0.00147984
0.000369959
0.000369959
0.00110988
0
0
0.000369959
0.000369959
0.000369959
0
0
0.00147984
0.000369959
0
0
0.00332963
0
0.000369959
0.000369959
0.000369959
0.000739919
0
0.00258972
0
0.000369959
0
0.000369959
0
0.00147984
0.00147984
0.000739919
0.00110988
0.000739919
0.00147984
0.000369959
0
0
0.0110988
0
0.000369959
0.000739919
0.00147984
0.00147984
0.00147984
0.00110988
0.0018498
0.00221976
0.00110988
0.00110988
0.00110988
0.000369959
0.00369959
0.00221976
0
0.00258972
0.000739919
0.0018498
0.000739919
0.00554939
0.00110988
0.00443951
0.00665927
0.00850906
0.00924898
0.0159083
0.0144284
0.00924898
0.00776915
0.0081391
0.00369959
0.00258972
0.00480947
0.00258972
0.0018498
0.0018498
0.00110988
0.000739919
0.000739919
0
0.0122087
0
0.000739919
0
0.000739919
0.00110988
0
0.000369959
0
0.00147984
0
0.00110988
0.000369959
0.000369959
0.0018498
0
0.000739919
0.00110988
0
0
0.000369959
0.00369959
0
0
0.000739919
0
0.000369959
0.000739919
0.000369959
0
0.000369959
0
0
0.000369959
0
0.000739919
0
0.000369959
0.000369959
0
0
0
0
0.00221976
0
0
0
0
0.000369959
0.000369959
0.000739919
0.000739919
0.000369959
0.000369959
0
0.00147984
0
0.00221976
0
0
0.000739919
0.00110988
0.00110988
0.000369959
0.00665927
0.000739919
0.000739919
0.000369959
0.000369959
0.00110988
0.000369959
0.00295967
0.00147984
0.00369959
0.00258972
0.000369959
0.00258972
0.00369959
0.00332963
0.00295967
0.00702923
0.00443951
0.00554939
0.00554939
0.00443951
0.0377358