0
0
0.0173299
0.00641849
0.0160462
0.00641849
0.00770218
0.00577664
0.00449294
0.00577664
0.00192555
0.00641849
0.00385109
0.00320924
0.00898588
0
0.00385109
0.00577664
0.00513479
0
0
0.0256739
0
0
0.00320924
0
0.00898588
0.00192555
0.0173299
0
0.00256739
0
0.0115533
0
0.0109114
0.00513479
0.000641849
0.0012837
0
0
0
0
0
0.0442875
0
0
0
0
0
0
0.0012837
0.0012837
0
0.0012837
0
0
0
0.00513479
0
0
0
0
0
0
0.00577664
0
0
0
0
0
0
0.000641849
0
0
0.000641849
0
0
0
0
0
0
0
0
0
0
0.00770218
0
0
0
0
0
0
0
0
0
0
0
0
0
0.0012837
0
0
0
0
0
0
0.00256739
0
0
0
0
0
0
0
0
0
0
0.000641849
0
0.000641849
0
0
0
0
0
0
0
0
0.00834403
0
0
0
0
0
0.000641849
0
0.0012837
0.000641849
0.0012837
0
0.000641849
0
0.00256739
0
0.000641849
0
0.00256739
0.000641849
0
0.00706033
0
0.000641849
0.00385109
0.00449294
0.00256739
0.000641849
0.00577664
0
0.00449294
0.0109114
0.00256739
0.00256739
0.00962773
0.00513479
0.00706033
0.00385109
0.00706033
0.00385109
0.00256739
0
0.0590501
0
0.000641849
0.00256739
0.0012837
0.00320924
0
0.00320924
0.00192555
0.00320924
0.000641849
0.00192555
0.0012837
0.0012837
0.0160462
0.0012837
0.00256739
0.0012837
0.0012837
0.000641849
0.000641849
0.0160462
0
0.0012837
0.00385109
0
0.00192555
0.000641849
0.00641849
0
0
0
0.00320924
0
0.00192555
0.000641849
0
0.00192555
0
0.0012837
0
0
0
0.0198973
0
0
0.00192555
0.000641849
0.0012837
0.0012837
0.000641849
0.0012837
0.00192555
0.00320924
0.000641849
0.00256739
0.000641849
0.00834403
0.00192555
0.0012837
0.00513479
0.00577664
0.000641849
0.0012837
0.0218228
0.00320924
0.00320924
0.00385109
0.00770218
0.00834403
0.00385109
0.0179718
0.00577664
0.0115533
0.0115533
0.00641849
0.00834403
0.0134788
0.0224647
0.0205392
0.0231065
0.029525
0.0160462
0.0558408
0.00192555
0.124519