0
0.0524052
0.0344059
0.0192737
0.0179994
0.0157694
0.00955718
0.00669003
0.00366359
0.00493788
0.000955718
0.00398216
0.00175215
0.00143358
0.00334501
0.001115
0.00143358
0.00175215
0.00207072
0.00159286
0.000318573
0.00446002
0.000159286
0.000318573
0.00127429
0.000318573
0.000796432
0.000637146
0.00207072
0.000159286
0.000796432
0.000159286
0.000955718
0.00143358
0.000637146
0.000477859
0
0.000477859
0.000159286
0.000796432
0.000159286
0.000159286
0
0.00892004
0.000318573
0.000159286
0.000477859
0.000318573
0.000159286
0.000637146
0.000477859
0.000637146
0.000637146
0.000955718
0
0.000477859
0
0.001115
0.000318573
0.000318573
0.000318573
0.000955718
0
0.000318573
0.0023893
0.000159286
0.000159286
0.000477859
0.000318573
0.000318573
0.000159286
0.000796432
0.000159286
0.000318573
0.000637146
0
0.000159286
0.000159286
0.000796432
0.000318573
0.000159286
0.000318573
0
0
0
0.00398216
0
0
0.000159286
0
0.000159286
0
0.000477859
0
0.000477859
0.000159286
0.00127429
0.000477859
0.000318573
0.00127429
0.000637146
0.000318573
0.000318573
0
0
0
0.00461931
0.000318573
0
0.000477859
0
0.000796432
0.000159286
0.00366359
0.000318573
0.000477859
0
0.00191144
0.000637146
0.00143358
0.000796432
0.001115
0.000159286
0.00159286
0.000637146
0.000477859
0.000159286
0
0.032813
0.000796432
0.001115
0.00270787
0.00175215
0.00286716
0.00414145
0.00605288
0.00621217
0.00414145
0.00955718
0.00477859
0.0070086
0.00430073
0.0138579
0.0135393
0.00430073
0.0125836
0.0116279
0.00684932
0.00334501
0.0310608
0.00732717
0.00892004
0.0093979
0.0114686
0.0106722
0.0121058
0.0281937
0.0165658
0.0179994
0.0232558
0.00493788
0.00828289
0.0093979
0.00876075
0.00477859
0.00637146
0.00398216
0.001115
0.000477859
0
0.0590953
0
0.000318573
0.00191144
0.00223001
0.0023893
0.00143358
0.00207072
0.000159286
0.00334501
0.000477859
0.00493788
0.00270787
0.000796432
0.00637146
0.000318573
0.000955718
0.00207072
0.00127429
0.000637146
0.000318573
0.00987576
0
0.000477859
0.0023893
0
0.00191144
0.000318573
0.00366359
0
0.00143358
0
0.00143358
0.000477859
0.00175215
0.000955718
0.000477859
0.000159286
0.00127429
0
0.000159286
0
0
0.0199108
0
0
0.000318573
0.000318573
0.000477859
0.000637146
0.000637146
0.001115
0.000318573
0.00318573
0
0.00143358
0
0.00541574
0.00127429
0.000318573
0.00127429
0.00127429
0.000955718
0.000159286
0.0105129
0.000637146
0.00127429
0.001115
0.00223001
0.00207072
0.000955718
0.00573431
0.00270787
0.00398216
0.00477859
0.00175215
0.00286716
0.00525645
0.00716789
0.00653074
0.00669003
0.0117872
0.00955718
0.0140172
0.0176808
0.0856961