0
0.000747757
0.00905616
0.00747757
0.00548355
0.00656364
0.00440346
0.0057328
0.00216019
0.00498504
0.00174477
0.00448654
0.00307411
0.00332336
0.0041542
0.00265869
0.00166168
0.00240944
0.00282486
0.00240944
0.00182785
0.00465271
0.000997009
0.00174477
0.0015786
0.00149551
0.00199402
0.000997009
0.00224327
0.000830841
0.0015786
0.000581589
0.00174477
0.00124626
0.000997009
0.000997009
0.000747757
0.000332336
0.000581589
0.000664673
0.000249252
0.000249252
0
0.00672981
0.000332336
0
0.000747757
0.00041542
0.000332336
0.000747757
0.000664673
0.000581589
0.000166168
0.000249252
0.000166168
0.000249252
0.000166168
0.000830841
0.000498504
0.000166168
0.000498504
0.000581589
8.30841e-005
0.00041542
0.0015786
0.000332336
0.000166168
0.000249252
0.00041542
0.000166168
0.000332336
0.00041542
0.000166168
8.30841e-005
0.000249252
0
0.000166168
0.000249252
0.000332336
8.30841e-005
0.000249252
0.000332336
0
0.000249252
0
0.00282486
0
8.30841e-005
0.000249252
0
8.30841e-005
8.30841e-005
0.000166168
8.30841e-005
0.000498504
8.30841e-005
0.000249252
0.000249252
0.000166168
0.000332336
0.00041542
0.000332336
0.000581589
0.000332336
0.000166168
0.00041542
0.000913925
0.000166168
0.000581589
0.00041542
0.000249252
0.000581589
0.00041542
0.00108009
0.000166168
0.000747757
0.000581589
0.000747757
0.000249252
0.000581589
0.000581589
0.00041542
0.000664673
0.00108009
0.000913925
0.000581589
0.000830841
8.30841e-005
0.0270023
0.000747757
0.00149551
0.0020771
0.00174477
0.00232635
0.00299103
0.00307411
0.00390495
0.00332336
0.00540047
0.00324028
0.00432037
0.00340645
0.00814224
0.00805916
0.00672981
0.00980392
0.0112164
0.00706215
0.00681289
0.0259222
0.00756065
0.0135427
0.0117149
0.0162014
0.0135427
0.00889
0.0206049
0.00789299
0.0122134
0.0162845
0.00581589
0.00697906
0.0148721
0.00963775
0.00714523
0.00515121
0.00448654
0.00282486
0.00390495
0.00149551
0.0496843
0.00108009
0.00274177
0.00324028
0.0020771
0.00257561
0.00282486
0.00332336
0.00174477
0.00448654
0.00182785
0.00648056
0.00182785
0.00257561
0.00864074
0.00174477
0.00191093
0.00290794
0.00224327
0.00224327
0.000830841
0.00963775
0.000498504
0.0015786
0.00182785
0.00108009
0.00232635
0.000913925
0.00440346
0.000664673
0.00132935
0.0015786
0.00116318
0.000581589
0.0015786
0.00224327
0.000581589
0.000913925
0.000913925
0.000997009
0.000332336
8.30841e-005
0
0.0196078
0.000166168
0.000498504
0.00132935
0.000747757
0.00124626
0.00116318
0.00274177
0.00149551
0.00116318
0.00282486
0.00108009
0.00182785
0.000332336
0.00689598
0.0020771
0.00141243
0.00240944
0.00348953
0.00141243
0.000498504
0.0112164
0.0015786
0.00265869
0.00240944
0.00390495
0.00191093
0.00290794
0.0101363
0.00465271
0.00423729
0.011881
0.0031572
0.00382187
0.00980392
0.00897308
0.00872383
0.0124626
0.0194417
0.0142074
0.0421236
0.00556663
0.133848