0.00268817
0.0447214
0.0337243
0.0224829
0.0185728
0.00928641
0.00855327
0.00635386
0.007087
0.00610948
0.00317693
0.00806452
0.00464321
0.00953079
0.0100196
0.00928641
0.0109971
0.0139296
0.0185728
0.0251711
0.0156403
0.0322581
0.00855327
0.0175953
0.0268817
0.0166178
0.0190616
0.0185728
0.0241935
0.00904203
0.0166178
0.0146628
0.014174
0.0124633
0.0100196
0.0188172
0.0136852
0.0102639
0.00904203
0.00733138
0.00659824
0.00171065
0
0.0391007
0.00171065
0.00488759
0.00610948
0.00537634
0.00562072
0.00488759
0.00415445
0.00513197
0.00366569
0.00537634
0.00293255
0.00391007
0.0012219
0.00537634
0.00464321
0.000488759
0.0012219
0.00293255
0.00195503
0
0.00537634
0.000733138
0.0012219
0.000244379
0.00293255
0.000977517
0.000488759
0.0012219
0.000488759
0.000488759
0.000977517
0
0.000244379
0.000977517
0.0012219
0.000977517
0.000488759
0
0
0
0
0.00415445
0
0
0.000733138
0.000488759
0.000244379
0.000488759
0.0012219
0
0.0012219
0
0
0.000733138
0.000977517
0.000733138
0.000244379
0.000733138
0.000244379
0.000244379
0.000733138
0.000244379
0.00244379
0
0.000977517
0.000488759
0.000244379
0.000977517
0.000733138
0.000977517
0.000244379
0
0.000488759
0.000733138
0.000733138
0.000977517
0.00146628
0.000733138
0.000733138
0.000244379
0.0012219
0.000244379
0.000977517
0
0.0109971
0.000733138
0.000488759
0.000733138
0.0012219
0.000244379
0.0012219
0.00171065
0.00146628
0.000977517
0.00146628
0.00195503
0.00366569
0.00146628
0.00391007
0.00293255
0.00171065
0.00415445
0.00244379
0.00268817
0.00342131
0.00757576
0.00195503
0.00366569
0.00219941
0.00244379
0.0012219
0.0012219
0.00268817
0.00219941
0.00244379
0.00219941
0.000977517
0.000977517
0.00146628
0.00268817
0.00146628
0.000244379
0.000733138
0.000733138
0.000244379
0
0.0107527
0.000244379
0
0.000244379
0.000488759
0.000488759
0.000244379
0.000488759
0.000488759
0.000488759
0.000244379
0.000733138
0.000488759
0.000244379
0.000977517
0.000244379
0
0.000488759
0.000244379
0.000733138
0.000244379
0.00342131
0.000244379
0.000733138
0.000733138
0.000244379
0.000488759
0.0012219
0.000733138
0.000488759
0.000488759
0.000733138
0.000488759
0.000977517
0.000733138
0.000244379
0.000488759
0.000244379
0.000733138
0.000488759
0.000733138
0
0
0.00733138
0
0.000733138
0
0.000488759
0.00195503
0.0012219
0.0012219
0.000488759
0.0012219
0.00171065
0.000244379
0.0012219
0.000977517
0.000488759
0.000977517
0.00146628
0.00342131
0.000733138
0.00195503
0.00171065
0.00219941
0.00171065
0.00195503
0.00195503
0.00171065
0.00146628
0.00195503
0.00219941
0.000977517
0.00219941
0.0012219
0.00195503
0.00342131
0.00391007
0.00342131
0.00684262
0.00806452
0.00855327
0.0058651
0.00610948
0.00635386
0.0185728