0
0.0803878
0.0139912
0.00994109
0.0074865
0.00724104
0.00699558
0.00466372
0.0041728
0.00613648
0.00441826
0.00503191
0.00503191
0.00478645
0.00576829
0.00392734
0.00429553
0.00270005
0.00392734
0.00270005
0.00294551
0.00233186
0.00171821
0.00171821
0.0020864
0.00184094
0.00282278
0.00171821
0.00319097
0.000981836
0.00147275
0.00220913
0.00171821
0.00196367
0.00135002
0.00184094
0.00220913
0.000490918
0.00147275
0.00196367
0.00147275
0.000245459
0
0.0095729
0.000368189
0.000245459
0.00159548
0.00110457
0.000368189
0.000736377
0.000981836
0.000981836
0.000368189
0.000490918
0.000368189
0.000613648
0.000245459
0.0012273
0.000736377
0.000122729
0.000859107
0.000736377
0.000490918
0
0.0012273
0
0.000368189
0.000490918
0.000368189
0.000490918
0.000613648
0.000736377
0.000122729
0.000122729
0.00171821
0
0.000490918
0.000613648
0.000245459
0.000245459
0.000122729
0.000122729
0
0
0
0.00184094
0
0
0
0.000368189
0.000122729
0.000122729
0.000122729
0.000122729
0.000490918
0.000122729
0.000613648
0.000368189
0.000368189
0.000981836
0.000122729
0.000122729
0.000122729
0.000613648
0.000245459
0.000245459
0.00171821
0.000122729
0.000122729
0.000736377
0.000122729
0.000859107
0.000490918
0.00135002
0
0.0012273
0.000245459
0.00184094
0.000859107
0.0012273
0.00135002
0.000981836
0.0012273
0.00171821
0.000613648
0.000490918
0.000122729
0
0.0343643
0.000245459
0.000859107
0.00196367
0.00490918
0.00441826
0.0041728
0.00613648
0.00392734
0.00478645
0.00589102
0.00503191
0.00760923
0.00171821
0.00945017
0.00441826
0.00270005
0.00601375
0.00589102
0.00282278
0.00147275
0.00846834
0.0033137
0.00294551
0.00282278
0.00454099
0.00196367
0.00184094
0.00552283
0.00196367
0.00343643
0.00392734
0.00294551
0.00306824
0.00429553
0.00380461
0.00196367
0.00196367
0.00147275
0.000368189
0.000981836
0.000368189
0.0228277
0.000245459
0.000368189
0.000613648
0.000368189
0.000368189
0.000368189
0.000859107
0
0.000122729
0.000122729
0.000859107
0.000122729
0
0.00147275
0.000245459
0.000122729
0.000736377
0.000245459
0.000490918
0.000122729
0.00515464
0
0.000613648
0.000122729
0.000368189
0.000613648
0.000490918
0.00147275
0.000490918
0.000490918
0
0.0012273
0.000613648
0.000368189
0.000736377
0.000245459
0.000368189
0.000613648
0.000122729
0.000245459
0
0
0.00503191
0.000122729
0.000245459
0.000368189
0.000245459
0.000368189
0.000490918
0.000736377
0.000736377
0.000981836
0.00110457
0.000368189
0.000736377
0.000122729
0.000981836
0.000245459
0.000490918
0.000490918
0.000613648
0.000613648
0.000245459
0.00147275
0.000490918
0.00135002
0.000859107
0.00135002
0.0012273
0.00159548
0.00135002
0.00159548
0.00233186
0.00220913
0.00171821
0.00233186
0.00392734
0.00257732
0.00368189
0.00257732
0.00454099
0.00576829
0.00466372
0.0115366
0.421453