0
0.0114416
0.00686499
0.0114416
0.00457666
0.00686499
0.00686499
0.00686499
0.0114416
0.00915332
0.00457666
0.00457666
0.00686499
0.00686499
0.00686499
0.00228833
0.00686499
0.00228833
0.00686499
0.00228833
0
0.00457666
0.00228833
0.00686499
0.00228833
0.00228833
0
0.00228833
0.00686499
0
0
0.00228833
0.00686499
0
0
0
0.00228833
0.00228833
0
0
0
0
0
0.0114416
0
0
0.00228833
0
0
0
0
0.00228833
0.00228833
0.00228833
0
0
0
0
0
0.00228833
0
0
0
0
0
0
0
0
0
0
0
0
0
0.00228833
0
0
0
0
0
0
0.00457666
0
0
0
0
0.00228833
0
0
0
0
0
0.00228833
0
0
0
0
0
0.00457666
0
0
0.00228833
0
0
0
0.00228833
0
0.00686499
0
0
0
0
0
0
0.00228833
0
0
0
0.00228833
0
0
0.00228833
0
0
0
0
0.00457666
0
0
0.0183066
0
0.00228833
0
0
0
0
0
0
0.00457666
0.00457666
0
0.00228833
0.00457666
0.00457666
0.00915332
0
0.00686499
0.00228833
0
0
0.0114416
0
0.00457666
0.00228833
0.00686499
0.00228833
0.00457666
0.00457666
0
0.00457666
0.00686499
0
0.00686499
0.00915332
0
0.00457666
0.00686499
0
0
0.00228833
0
0.125858
0.00228833
0.00457666
0.00228833
0.00457666
0.00228833
0.00228833
0.00686499
0.00228833
0.00457666
0.00457666
0.00686499
0
0
0.0183066
0.00457666
0.00228833
0.00228833
0.00228833
0
0
0.0297483
0
0
0.00228833
0
0.00228833
0.00457666
0.00228833
0.00228833
0.00228833
0
0
0
0
0
0.00228833
0
0
0
0
0.00228833
0
0.0915332
0
0
0.00457666
0
0
0
0
0
0.00228833
0.00686499
0
0.00228833
0
0.01373
0.00228833
0.00457666
0.00228833
0.00457666
0
0
0.0183066
0.00228833
0.00457666
0.00228833
0.00457666
0.00457666
0
0.0160183
0
0.00686499
0
0.00228833
0.00228833
0.00915332
0.00915332
0.01373
0.0228833
0.01373
0.00686499
0.020595
0.00228833
0.0869565