0
0.023295
0.0111877
0.0185441
0.0130268
0.0116475
0.00934866
0.0091954
0.00521073
0.00980843
0.00260536
0.00536398
0.00398467
0.00306513
0.0067433
0.00199234
0.00260536
0.00321839
0.00153257
0.00153257
0.00229885
0.00704981
0.0010728
0.00091954
0.00122605
0.00091954
0.00168582
0.0010728
0.00306513
0.000766284
0.00137931
0.00153257
0.00137931
0.00091954
0.00199234
0.00091954
0.0010728
0.0010728
0.000766284
0.000306513
0.000306513
0.000153257
0.000153257
0.0150192
0.00045977
0
0
0.00091954
0.000306513
0.000613027
0.000153257
0.000153257
0.00045977
0.00045977
0.000306513
0.00045977
0
0.000613027
0.000766284
0.000306513
0.00045977
0.00045977
0.00045977
0.00045977
0.00153257
0.000153257
0.00045977
0.000153257
0.000306513
0.000153257
0.000153257
0.000766284
0
0.000306513
0
0.000153257
0
0.000306513
0
0.000153257
0.000306513
0.000306513
0.000306513
0
0
0.00214559
0
0.000153257
0.000306513
0.00045977
0.000153257
0
0.000153257
0
0.00045977
0
0.000153257
0.00045977
0
0.00045977
0.000153257
0.000306513
0.00045977
0
0.000306513
0.00045977
0.00260536
0.00045977
0.000153257
0.000306513
0.00045977
0.000153257
0.000306513
0.00183908
0.000153257
0.00045977
0.000766284
0.00137931
0.000153257
0.000306513
0.00045977
0.000306513
0.000306513
0.000613027
0.000613027
0.00137931
0.000613027
0
0.0243678
0.00153257
0.00168582
0.00153257
0.00091954
0.00199234
0.00291188
0.00337165
0.00444444
0.00153257
0.00444444
0.00398467
0.00521073
0.00214559
0.00659004
0.00551724
0.00260536
0.0102682
0.00766284
0.0067433
0.00505747
0.0242146
0.0067433
0.00720307
0.010728
0.00965517
0.00689655
0.00521073
0.016705
0.00597701
0.00888889
0.010728
0.0035249
0.00613027
0.0157854
0.0130268
0.0067433
0.00475096
0.00337165
0.0035249
0.00214559
0.00153257
0.0404598
0.00137931
0.00306513
0.00214559
0.00337165
0.00183908
0.00245211
0.0035249
0.00183908
0.00321839
0.00122605
0.00383142
0.00122605
0.00137931
0.010728
0.00183908
0.0010728
0.00260536
0.00168582
0.00122605
0.00183908
0.0145594
0
0.0010728
0.00367816
0.00122605
0.00245211
0.00199234
0.00704981
0.000766284
0.00214559
0.00122605
0.00168582
0.00137931
0.000766284
0.00153257
0.000613027
0.000613027
0.000766284
0.000766284
0.0010728
0
0
0.0171648
0.000766284
0.0010728
0.000613027
0.00153257
0.000766284
0.00183908
0.00199234
0.00153257
0.00214559
0.00214559
0.00137931
0.00214559
0.00153257
0.00475096
0.00245211
0.00137931
0.00291188
0.00337165
0.00367816
0.0010728
0.0101149
0.00153257
0.00260536
0.00245211
0.00490421
0.00337165
0.00367816
0.00735632
0.00413793
0.00536398
0.00873563
0.0045977
0.00551724
0.00704981
0.00934866
0.0108812
0.0140996
0.0111877
0.0122605
0.0142529
0.0193103
0.140996