0
0.0690315
0.0153017
0.0137367
0.00886802
0.00869414
0.0060859
0.00643366
0.00625978
0.00904191
0.0060859
0.0050426
0.00434707
0.0039993
0.00365154
0.00365154
0.00643366
0.00417319
0.00556425
0.00434707
0.00347766
0.00730308
0.00469484
0.00486872
0.00573813
0.00521648
0.00521648
0.00678143
0.00834637
0.00312989
0.00452095
0.0060859
0.00486872
0.00417319
0.00312989
0.00660755
0.00312989
0.00312989
0.00243436
0.00278212
0.00191271
0.000347766
0
0.0250391
0.000347766
0.0010433
0.00260824
0.00226048
0.00208659
0.00121718
0.00278212
0.00173883
0.00243436
0.00121718
0.000347766
0.000521648
0.000347766
0.00156495
0.000869414
0.000347766
0.0010433
0.00121718
0.000695531
0.000173883
0.00156495
0.000521648
0
0.000521648
0.000869414
0.000173883
0.000173883
0.000695531
0.000347766
0.000347766
0.000869414
0.000347766
0.000347766
0.000347766
0.000521648
0
0.000347766
0.000347766
0.000695531
0
0
0.0039993
0
0
0
0.000521648
0.000173883
0.000347766
0.000695531
0.000347766
0.000521648
0.000173883
0.00121718
0.000521648
0.000347766
0.00139106
0.000347766
0.000347766
0.000869414
0
0.000347766
0.000521648
0.00139106
0
0.000695531
0.000173883
0
0.0010433
0
0.00208659
0.000347766
0.00139106
0.000869414
0.00173883
0.000347766
0.00156495
0.000521648
0.00156495
0.000521648
0.000347766
0.000521648
0
0
0
0.0335594
0.000695531
0.00121718
0.00139106
0.00347766
0.00260824
0.00365154
0.00486872
0.00591202
0.00539037
0.00695531
0.00295601
0.00782473
0.00260824
0.0114763
0.0071292
0.00173883
0.00799861
0.00973744
0.0039993
0.00208659
0.010433
0.00191271
0.00417319
0.00347766
0.00208659
0.00260824
0.00191271
0.00295601
0.00226048
0.00173883
0.00452095
0.00139106
0.00156495
0.00347766
0.00226048
0.00260824
0.000869414
0.000869414
0.00139106
0.000869414
0.000695531
0.0283429
0.000173883
0.000347766
0.000521648
0.00156495
0.00139106
0.00139106
0.000869414
0.000347766
0.00208659
0.000521648
0.00243436
0.000695531
0
0.00139106
0.000347766
0.000869414
0.000869414
0.000869414
0.000521648
0.000173883
0.00278212
0.000347766
0
0.000695531
0.000521648
0.000521648
0.0010433
0.00208659
0.000347766
0.000521648
0
0.000695531
0.000521648
0.000521648
0.000521648
0.000521648
0.000347766
0.000521648
0.000173883
0.000347766
0.000347766
0
0.00625978
0.000347766
0.000521648
0.00121718
0.000695531
0.000695531
0.000695531
0.000521648
0.00139106
0
0.00156495
0.000695531
0.000173883
0
0.00121718
0.0010433
0.000173883
0.00121718
0.000695531
0.0010433
0.000869414
0.0039993
0.000521648
0.00121718
0.00121718
0.00243436
0.00139106
0.0010433
0.00191271
0.00226048
0.00278212
0.00243436
0.00260824
0.00278212
0.00695531
0.00486872
0.00556425
0.0039993
0.00591202
0.00782473
0.011824
0.0114763
0.278039