0
0.0137845
0.0194236
0.0469925
0.0538847
0.0451128
0.0426065
0.0313283
0.0225564
0.0175439
0.0169173
0.0131579
0.00877193
0.0100251
0.014411
0.0106516
0.00877193
0.00438596
0.0056391
0.00250627
0.0018797
0.00626566
0.00501253
0.00689223
0.0056391
0.00814536
0.0112782
0.00877193
0.014411
0.0162907
0.0131579
0.0213033
0.0263158
0.0263158
0.0263158
0.0244361
0.0238095
0.0263158
0.0169173
0.0225564
0.0119048
0.0100251
0
0.0219298
0.00313283
0.00689223
0.00501253
0.00438596
0.0056391
0.00250627
0.00313283
0.00313283
0.0018797
0.000626566
0
0.00313283
0.000626566
0.0037594
0.0018797
0
0.0018797
0.00125313
0.0018797
0
0.00501253
0.00125313
0.000626566
0
0.000626566
0.000626566
0
0.00250627
0.0018797
0.0018797
0.00125313
0.000626566
0.000626566
0.000626566
0
0
0.0018797
0
0
0
0
0.00438596
0
0
0
0.000626566
0.000626566
0
0.000626566
0
0.000626566
0.0018797
0
0
0
0.000626566
0
0
0.000626566
0.00125313
0.00125313
0.000626566
0.00125313
0
0.000626566
0.000626566
0
0.00125313
0
0.0037594
0
0
0.000626566
0.00125313
0.000626566
0.000626566
0.00125313
0.00125313
0.000626566
0.000626566
0.0018797
0
0.000626566
0
0.0112782
0
0.000626566
0
0.000626566
0.00125313
0
0
0
0
0.00125313
0
0
0
0.00125313
0
0
0.0018797
0.00125313
0
0
0.000626566
0
0.000626566
0.000626566
0.000626566
0.0018797
0.000626566
0.000626566
0
0
0.00313283
0.000626566
0
0.00125313
0.00125313
0.0018797
0
0
0.000626566
0.000626566
0
0.00438596
0
0
0
0.000626566
0
0
0
0
0.0018797
0
0.00125313
0
0.000626566
0
0
0
0.000626566
0
0.0018797
0
0.00250627
0
0
0.000626566
0.000626566
0.000626566
0
0.0018797
0
0
0
0.000626566
0
0.000626566
0
0
0
0.00125313
0.000626566
0
0
0
0.0056391
0.000626566
0
0.000626566
0
0
0.00125313
0
0
0
0
0
0.00125313
0
0.000626566
0
0
0
0.00125313
0.000626566
0
0.0018797
0
0.000626566
0.00125313
0.0018797
0.00250627
0.0018797
0.0018797
0.000626566
0.00250627
0.00313283
0.00125313
0.00250627
0.0037594
0.00250627
0.00501253
0.00313283
0.00626566
0.00438596
0.0125313
0.0093985
0.0194236