0
0.080661
0.0231334
0.0162791
0.0122399
0.0115055
0.00966952
0.00807834
0.00795594
0.0102815
0.00550796
0.00734394
0.00636475
0.00758874
0.00930233
0.00587515
0.00660955
0.00991432
0.00832313
0.00697674
0.00783354
0.00795594
0.00501836
0.00501836
0.00538556
0.00538556
0.00550796
0.00477356
0.00550796
0.00403917
0.00367197
0.00305998
0.00367197
0.00305998
0.00257038
0.00159119
0.00232558
0.00305998
0.00244798
0.00232558
0.00183599
0.00134639
0
0.0148103
0.000611995
0.000611995
0.00183599
0.000979192
0.00146879
0.000979192
0.00159119
0.00110159
0.000734394
0.00146879
0.000856793
0.00122399
0.000611995
0.00220318
0.00110159
0.000489596
0.00232558
0.000734394
0.000734394
0.000734394
0.00244798
0.000734394
0.000611995
0.000856793
0.000367197
0.000489596
0.000734394
0.00195838
0.000734394
0.000734394
0.000979192
0.000244798
0.000734394
0.00122399
0.00110159
0.000489596
0.00122399
0.000734394
0.000367197
0.000122399
0.000367197
0.00281518
0
0.000611995
0.000122399
0.000611995
0.000734394
0.000367197
0.000122399
0.00110159
0.00159119
0.000122399
0.000489596
0.000979192
0.00110159
0.00122399
0.000611995
0.00110159
0.00110159
0.000611995
0.00110159
0.000979192
0.00269278
0.000367197
0.000856793
0.00195838
0.00122399
0.00208078
0.00110159
0.00257038
0.000367197
0.00257038
0.00159119
0.00146879
0.00232558
0.00257038
0.00195838
0.00244798
0.00171359
0.00220318
0.00330477
0.00269278
0.00208078
0.000489596
0.0384333
0.00244798
0.00195838
0.00281518
0.00379437
0.00318237
0.00379437
0.00403917
0.00379437
0.00465116
0.00403917
0.00318237
0.00379437
0.00489596
0.00575275
0.00722154
0.00379437
0.00881273
0.00783354
0.00771114
0.0100367
0.0167687
0.0133415
0.0122399
0.0132191
0.0143207
0.00783354
0.00905753
0.00893513
0.00428397
0.00416157
0.00575275
0.00416157
0.00354957
0.00758874
0.00709914
0.00379437
0.00403917
0.00330477
0.00208078
0.00195838
0.000489596
0.0166463
0.000979192
0.00110159
0.000979192
0.00171359
0.00122399
0.000979192
0.00195838
0.00122399
0.00318237
0.000611995
0.00232558
0.000856793
0.00232558
0.00318237
0.00134639
0.00134639
0.000856793
0.00134639
0.00122399
0.000979192
0.00342717
0.000489596
0.000979192
0.00171359
0.000611995
0.00146879
0.000856793
0.00146879
0.000244798
0.00134639
0.000611995
0.00220318
0.00159119
0.00171359
0.000734394
0.000856793
0.000734394
0.000611995
0.000367197
0.000611995
0.000734394
0
0.00660955
0.000611995
0.000367197
0.000979192
0.000489596
0.000611995
0.000979192
0.00122399
0.00159119
0.000734394
0.00146879
0.000611995
0.00146879
0.000489596
0.00159119
0.000489596
0.00146879
0.00171359
0.00159119
0.00171359
0.00159119
0.00232558
0.00122399
0.00195838
0.00110159
0.00208078
0.00208078
0.00244798
0.00293758
0.00281518
0.00244798
0.00403917
0.00220318
0.00269278
0.00305998
0.00354957
0.00514076
0.00514076
0.00550796
0.00648715
0.00575275
0.0105263
0.0887393