0
0.0555341
0.0247162
0.00641075
0.00262609
0.00154476
0.000695142
0.000617904
0.00077238
0.000540666
7.7238e-005
0.000849618
0.000463428
0
0.000540666
0
7.7238e-005
7.7238e-005
0
0
0
0.00100409
0
7.7238e-005
0
0
0
0
0.000154476
0
0
0
7.7238e-005
0
0
0
0
0
0
0
0
0
0
0.000926856
0
0
0
0
0
0
7.7238e-005
0
0
0
0
7.7238e-005
0
7.7238e-005
0
0
0
0
0
0
0.000154476
0
0
0
7.7238e-005
0
0
0
0
0
0
0
0
0
7.7238e-005
0
0
0
0
0
0
0.000849618
0
0
0
0
0
0
0
0
7.7238e-005
0
0.000154476
7.7238e-005
0
7.7238e-005
0
0
0.000308952
0
0
0
0.00154476
0
0
0
0
0.000308952
0
0.000849618
0.000154476
0.000231714
0
0.000695142
7.7238e-005
0.000463428
0.00115857
0.00038619
0.000540666
0.000308952
0.00038619
7.7238e-005
7.7238e-005
7.7238e-005
0.0269561
0.00115857
0.00077238
0.00146752
0.0022399
0.00247162
0.00308952
0.00463428
0.00756932
0.00355295
0.0099637
0.00293504
0.0083417
0.00378466
0.0185371
0.0143663
0.00432533
0.0162972
0.0166834
0.0101954
0.00532942
0.0367653
0.00988646
0.0153704
0.014289
0.0163745
0.0132077
0.00818723
0.0253341
0.00849618
0.0136711
0.0166834
0.00169924
0.00486599
0.0131305
0.00726037
0.00702866
0.00687418
0.00293504
0.000463428
0
0
0.0604773
0
0
0.000154476
0.000695142
0.00185371
0.001622
0.00177647
0
0.00571561
0
0.00532942
0.00177647
0.00077238
0.00973198
0.000154476
0.000849618
0.00278057
0.00139028
0.000695142
0.000154476
0.0147525
0
0
0.00185371
7.7238e-005
0.00169924
0.000926856
0.00602456
0
0.000695142
0.000154476
0.00254885
0.000154476
0.00185371
0.000926856
0.00100409
0
0
0
0
0
0
0.0167606
0
0
7.7238e-005
0
0.000231714
0.000540666
0.00154476
0.00131305
0.000231714
0.00393914
7.7238e-005
0.000849618
0
0.00478875
0.000617904
7.7238e-005
0.00239438
0.00108133
0.000231714
0
0.0102727
0.000308952
0.00100409
0.00278057
0.0038619
0.00177647
0.000926856
0.00756932
0.00231714
0.00363018
0.00625628
0.000926856
0.00308952
0.00625628
0.00648799
0.00571561
0.00865065
0.0115085
0.0152159
0.0273422
0.0280374
0.188306