0
0.0187741
0.0300064
0.0251926
0.0205392
0.0162067
0.0120347
0.0134788
0.0113928
0.0121951
0.00754172
0.00946727
0.00802311
0.00882542
0.00962773
0.0105905
0.0146021
0.0123556
0.0152439
0.0137997
0.0134788
0.0166881
0.0121951
0.0165276
0.0134788
0.0102696
0.0115533
0.0093068
0.0134788
0.00818357
0.00834403
0.00706033
0.00689987
0.00529525
0.0059371
0.00689987
0.00449294
0.00385109
0.00433248
0.00481386
0.00208601
0.0012837
0
0.0235879
0.0012837
0.00112323
0.00320924
0.00240693
0.00256739
0.0012837
0.0012837
0.00144416
0.00208601
0.00353017
0.00144416
0.00240693
0.000802311
0.0033697
0.00369063
0.000802311
0.00401155
0.00288832
0.00320924
0.000481386
0.00529525
0.00240693
0.00224647
0.00176508
0.00192555
0.0012837
0.00144416
0.00256739
0.00176508
0.000481386
0.000962773
0.000320924
0.000802311
0.000962773
0.000481386
0.000160462
0.0012837
0.00112323
0.000160462
0
0
0.00625802
0
0
0.000320924
0.000641849
0.00144416
0.000802311
0.000481386
0.000320924
0.00192555
0.000320924
0.000641849
0.000160462
0.000802311
0.000802311
0.000802311
0.000160462
0.0012837
0.000641849
0.000802311
0.000481386
0.0033697
0.000160462
0.000641849
0.00160462
0.000481386
0.000962773
0.0012837
0.00112323
0.000320924
0.000802311
0.000320924
0.00144416
0.000481386
0.00112323
0.0012837
0.000641849
0.000641849
0.00112323
0.000320924
0.000320924
0.000481386
0.000160462
0.0152439
0.000160462
0.000481386
0.00112323
0.00192555
0.00176508
0.00144416
0.00256739
0.00176508
0.00192555
0.00272786
0.000802311
0.0033697
0.00112323
0.0046534
0.00288832
0.00192555
0.00818357
0.00609756
0.00288832
0.00112323
0.0110719
0.00304878
0.00433248
0.00433248
0.00625802
0.00481386
0.00433248
0.00770218
0.00369063
0.00320924
0.0046534
0.00160462
0.00176508
0.00320924
0.00401155
0.00160462
0.00144416
0.00160462
0.000481386
0.000802311
0.000160462
0.0139602
0
0.000481386
0.00112323
0.00112323
0.00112323
0.000641849
0.000962773
0.000320924
0.00176508
0.000641849
0.00369063
0.000320924
0.000160462
0.00208601
0.000962773
0
0.000962773
0.000962773
0.000160462
0.000641849
0.00320924
0.000160462
0.000481386
0.000962773
0.000481386
0.00208601
0.000481386
0.00353017
0.000320924
0.000641849
0.000320924
0.000641849
0.000160462
0.00112323
0.000641849
0.000641849
0.000481386
0.000641849
0.00112323
0.000481386
0
0
0.00657895
0
0.000481386
0.000481386
0.000962773
0.000641849
0.000481386
0.00112323
0.000802311
0.000641849
0.00208601
0.000962773
0.00112323
0.000802311
0.00320924
0.0033697
0.000481386
0.00112323
0.00208601
0.000481386
0.000802311
0.00449294
0.00240693
0.00160462
0.00192555
0.00320924
0.0012837
0.00256739
0.0033697
0.00240693
0.00433248
0.00320924
0.00320924
0.00320924
0.00497433
0.00545571
0.00513479
0.00898588
0.00898588
0.00866496
0.0113928
0.0129974
0.0895379