0
0.0208333
0.0364583
0.0625
0.0536859
0.0404647
0.0264423
0.0172276
0.0136218
0.0188301
0.0112179
0.0176282
0.0152244
0.00841346
0.0112179
0.00801282
0.00560897
0.00961538
0.00560897
0.00560897
0.00641026
0.00761218
0.00200321
0.0068109
0.0120192
0.0108173
0.0168269
0.0196314
0.0268429
0.0224359
0.0296474
0.0280449
0.0280449
0.0300481
0.0280449
0.0248397
0.0188301
0.0152244
0.0140224
0.0112179
0.00961538
0.00600962
0
0.0208333
0.00200321
0.00360577
0.00240385
0.00120192
0.00240385
0.00200321
0.00360577
0.00200321
0.000801282
0.00160256
0.00120192
0.00120192
0.000400641
0.00240385
0.000801282
0.00160256
0.00160256
0.000400641
0.000801282
0
0.00160256
0.000801282
0.000801282
0.000801282
0.000400641
0.000801282
0
0.000400641
0.000801282
0.000400641
0.00120192
0
0
0.000801282
0.000801282
0
0.000801282
0.000400641
0.000400641
0
0
0.00200321
0
0
0
0.000400641
0.000801282
0
0.000400641
0.000400641
0.00160256
0.000400641
0
0.00200321
0.000801282
0.00240385
0.000400641
0.00160256
0.00120192
0
0.000801282
0
0.00360577
0
0.000801282
0.00120192
0.000400641
0.00160256
0.00120192
0.000400641
0
0.00200321
0
0.00160256
0.000801282
0.00160256
0.00160256
0.00280449
0.000801282
0.00120192
0.00160256
0
0
0
0.00761218
0
0
0.000400641
0.000801282
0.000801282
0.00200321
0.00160256
0.00160256
0.00120192
0.000400641
0.000801282
0.000400641
0
0.000400641
0.000801282
0
0.00120192
0.00120192
0.000400641
0
0.00120192
0
0.000801282
0.00120192
0
0.000400641
0.000801282
0
0.000801282
0.000801282
0.000400641
0
0
0
0.00160256
0.000400641
0.000400641
0.000400641
0
0.000400641
0
0.00440705
0
0
0
0
0.000400641
0
0
0
0
0
0.000400641
0
0.000400641
0.00520833
0.000400641
0
0
0
0
0.000400641
0.00400641
0
0
0
0
0
0.000400641
0.00320513
0.000400641
0.000400641
0.000400641
0.000400641
0.000400641
0
0
0
0
0
0
0
0
0
0.00280449
0
0
0
0
0
0.000400641
0
0.000400641
0
0.00120192
0
0.000400641
0.000400641
0.00160256
0.000400641
0
0.00120192
0.000801282
0
0
0.00320513
0.000801282
0.000400641
0.00120192
0.000801282
0.000801282
0
0.00240385
0.00120192
0.00160256
0.000400641
0.000400641
0
0.00160256
0.00400641
0.00160256
0.00520833
0.00280449
0.00320513
0.0068109
0.00560897
0.0280449