0
0.0162393
0.0303419
0.0529915
0.0555556
0.0346154
0.034188
0.0252137
0.0192308
0.0175214
0.0102564
0.0141026
0.00769231
0.0106838
0.00897436
0.0132479
0.0106838
0.00555556
0.00811966
0.00470085
0.00470085
0.00726496
0.00512821
0.0115385
0.00769231
0.0149573
0.0128205
0.0205128
0.0192308
0.0209402
0.025641
0.0222222
0.0166667
0.0230769
0.0175214
0.017094
0.0179487
0.0102564
0.0132479
0.00854701
0.0102564
0.00683761
0
0.0183761
0.0025641
0.0042735
0.00213675
0.00384615
0.00299145
0.00299145
0.0034188
0.0025641
0.00213675
0.00213675
0.0017094
0.000854701
0.000854701
0.0025641
0.00128205
0
0.000854701
0.0017094
0.00128205
0
0.0025641
0.00128205
0.0017094
0.00128205
0.0025641
0
0.00128205
0.00128205
0.00128205
0.00042735
0.000854701
0
0.00042735
0.00128205
0.000854701
0
0.0017094
0.000854701
0.000854701
0
0
0.00555556
0
0
0
0
0.00042735
0.000854701
0.00042735
0
0.000854701
0
0.00042735
0.000854701
0.00042735
0.00128205
0
0
0.00042735
0
0
0
0.0034188
0
0
0.00128205
0
0.00213675
0.00042735
0.00299145
0.00042735
0.00213675
0.000854701
0.0025641
0.0017094
0.0034188
0.00299145
0.00384615
0.0025641
0.00470085
0.00769231
0.00042735
0
0
0.0213675
0
0.00128205
0.000854701
0.00042735
0.00042735
0.00128205
0.00042735
0.00042735
0.000854701
0.00128205
0.00042735
0.00042735
0
0.00128205
0.00042735
0.00042735
0.0025641
0.000854701
0
0.00042735
0.0025641
0.000854701
0.00128205
0
0.000854701
0.000854701
0.00042735
0.00384615
0.000854701
0
0.0017094
0.00042735
0.00042735
0.00128205
0
0
0.000854701
0.00128205
0
0
0
0.00641026
0
0
0.00042735
0
0.0017094
0.00042735
0
0
0.00042735
0
0.00042735
0
0.00042735
0.0017094
0
0
0.00128205
0
0.00042735
0
0.00213675
0
0
0
0
0
0.00042735
0.0025641
0
0
0.00042735
0.000854701
0.00042735
0.00042735
0
0.000854701
0
0.000854701
0
0
0
0
0.00769231
0
0
0.00042735
0.00042735
0.00042735
0
0
0.00042735
0
0.000854701
0
0
0
0.0025641
0
0
0.00042735
0.000854701
0.00128205
0
0.00213675
0.00042735
0.000854701
0
0.000854701
0.00128205
0.000854701
0.00384615
0.00042735
0.00042735
0.00213675
0.00042735
0.00128205
0.00213675
0.00213675
0.00299145
0.0034188
0.0025641
0.00555556
0.00555556
0.00512821
0.0363248