0.00377383
0.0623014
0.0251589
0.0139036
0.0170816
0.015294
0.0116525
0.00648835
0.00516419
0.00986494
0.00443591
0.00761388
0.00754767
0.00940148
0.0115863
0.00926907
0.00880561
0.0103284
0.0110567
0.00946769
0.00946769
0.0183395
0.00377383
0.0095339
0.0137712
0.00542903
0.0132415
0.0131091
0.0168829
0.00536282
0.0116525
0.00768008
0.0110567
0.00768008
0.00840837
0.0111891
0.00734905
0.00589248
0.00701801
0.00403867
0.00304555
0.00158898
6.62076e-005
0.0358183
0.000860699
0.00211864
0.00284693
0.00218485
0.00231727
0.00244968
0.00503178
0.00410487
0.00205244
0.00377383
0.00211864
0.00357521
0.00112553
0.00503178
0.00264831
0.000728284
0.00476695
0.00238347
0.000860699
0.000397246
0.00662076
0.000728284
0.00152278
0.00178761
0.00271451
0.00192002
0.000463453
0.00324417
0.000993114
0.00125794
0.00178761
0.000529661
0.000595869
0.00251589
0.00225106
0.00145657
0.000860699
0.000529661
0.000331038
0.000132415
0
0.00880561
0.000132415
0.000198623
0.000463453
0.000463453
0.00152278
0.00119174
0.00218485
0.000463453
0.00271451
0.000529661
0.00132415
0.00132415
0.000595869
0.00225106
0.000529661
0.00152278
0.00119174
0.00152278
0.00125794
0.000397246
0.00291314
0.000595869
0.00125794
0.00158898
0.000860699
0.000794491
0.00165519
0.00218485
0.000595869
0.00165519
0.000728284
0.00145657
0.00132415
0.00132415
0.00145657
0.00185381
0.000926907
0.000728284
0.00112553
0.00125794
0.000662076
0.000198623
0.0254237
0.00125794
0.00271451
0.00542903
0.00423729
0.00384004
0.00562765
0.00576006
0.00470074
0.00489936
0.00549523
0.00443591
0.00536282
0.00403867
0.00741525
0.00602489
0.00443591
0.00801112
0.00423729
0.00403867
0.00251589
0.00662076
0.00384004
0.00304555
0.00297934
0.003509
0.00284693
0.0025821
0.00483316
0.00165519
0.00185381
0.00337659
0.000728284
0.000993114
0.00244968
0.00218485
0.00158898
0.0017214
0.00152278
0.00178761
0.000993114
0.000662076
0.0178761
0.000463453
0.000662076
0.000662076
0.000662076
0.00139036
0.000529661
0.00105932
0.000397246
0.0017214
0.000529661
0.00139036
0.000728284
0.000794491
0.00132415
0.000463453
0.000926907
0.00125794
0.000662076
0.000926907
0.000728284
0.00317797
0.000198623
0.000463453
0.00125794
0.000264831
0.000926907
0.000860699
0.00152278
0.000331038
0.00105932
0.000662076
0.000794491
0.000529661
0.000728284
0.000529661
0.000331038
0.000529661
0.000595869
0.000463453
0.000529661
0.000264831
0
0.00648835
6.62076e-005
0.000264831
0.000595869
0.000397246
0.000264831
0.000397246
0.000728284
0.000728284
0.000397246
0.00139036
0.000463453
0.000860699
0.000595869
0.00218485
0.00112553
0.000662076
0.00158898
0.00105932
0.000993114
0.000926907
0.00357521
0.00139036
0.00145657
0.00112553
0.00198623
0.00132415
0.00158898
0.00304555
0.00185381
0.00231727
0.00291314
0.00331038
0.0034428
0.00489936
0.00536282
0.00529661
0.00562765
0.00681939
0.00556144
0.00715042
0.00628972
0.0456833