0
0.0110565
0.00859951
0.022113
0.02457
0.014742
0.012285
0.00614251
0.00982801
0.0135135
0.00859951
0.017199
0.0135135
0.00859951
0.014742
0.00982801
0.004914
0.00737101
0.004914
0.0036855
0
0.0233415
0
0
0.00614251
0
0.004914
0
0.012285
0
0.004914
0
0.00982801
0
0.002457
0
0
0
0
0
0
0
0
0.0786241
0
0
0
0.0012285
0
0
0.0012285
0.0012285
0
0
0.0012285
0
0
0.00737101
0
0
0
0
0
0
0.0405405
0
0
0
0
0
0
0.0036855
0
0
0.0012285
0
0
0
0
0
0
0
0
0
0
0.0454545
0
0
0
0
0
0
0
0.0012285
0
0
0
0
0
0.002457
0
0
0
0
0
0
0.017199
0
0
0.0012285
0
0.0036855
0
0.004914
0
0
0.0012285
0.0012285
0
0
0
0
0.0012285
0.0012285
0
0
0
0
0.0356265
0
0
0
0
0.0012285
0
0.0012285
0
0
0.0036855
0
0
0.0012285
0.002457
0
0
0.0012285
0.002457
0.0012285
0
0.014742
0
0.0012285
0.0012285
0.00614251
0
0
0.002457
0
0.0012285
0.002457
0
0
0.002457
0
0
0
0.0012285
0
0
0
0.0429975
0
0
0
0
0.0012285
0
0
0
0
0
0.002457
0
0
0.012285
0
0.002457
0
0
0
0
0.0036855
0
0
0
0
0
0
0.00614251
0
0.0012285
0
0.0012285
0.0012285
0
0
0
0.002457
0
0
0
0
0
0.027027
0
0
0
0.0012285
0
0.0012285
0.0036855
0.002457
0.0012285
0.012285
0
0.002457
0.0012285
0.012285
0
0
0.00737101
0.00737101
0
0
0.0135135
0
0.00614251
0.00737101
0.0036855
0.0110565
0.0036855
0.00737101
0.0036855
0.0036855
0.00982801
0
0.002457
0.00737101
0.00614251
0.004914
0.0036855
0.0036855
0.004914
0.00614251
0.0036855
0.148649