0.00195804
0.00839161
0.0041958
0.00335664
0.0027972
0.00195804
0.00167832
0.00111888
0.00027972
0.000839161
0
0.00223776
0.00027972
0
0.00167832
0
0.00027972
0.00111888
0.000839161
0
0.00027972
0.00223776
0
0
0.00111888
0.000559441
0.0013986
0.000559441
0.000839161
0
0.000839161
0.000559441
0.000559441
0.00027972
0.000559441
0.00027972
0
0
0
0
0
0
0
0.0027972
0
0
0
0.000559441
0
0.00027972
0
0.00027972
0
0.00027972
0
0
0
0.000559441
0
0
0
0
0
0
0.00111888
0
0
0
0
0
0
0
0
0
0
0
0
0
0
0
0
0
0
0
0
0.0013986
0
0
0
0
0
0
0.00027972
0
0
0
0
0
0
0
0
0
0
0
0
0
0.00027972
0
0
0.00027972
0
0
0
0.00027972
0
0
0
0
0
0.00027972
0
0
0
0
0
0
0
0
0.00307692
0
0
0
0
0.000559441
0.00027972
0.000559441
0.00027972
0.00027972
0.000839161
0.00027972
0.00111888
0
0.000839161
0.00307692
0.000559441
0.00223776
0.00251748
0.00167832
0.00167832
0.00979021
0.00363636
0.00839161
0.0106294
0.019021
0.019021
0.0206993
0.0184615
0.0125874
0.0137063
0.0167832
0.00923077
0.00895105
0.0162238
0.0142657
0.0125874
0.00895105
0.00839161
0.00559441
0.00615385
0.00195804
0.0906294
0.0027972
0.00391608
0.00531469
0.00559441
0.00783217
0.00503496
0.00979021
0.00251748
0.0179021
0.00223776
0.0237762
0.00363636
0.00307692
0.0206993
0.0027972
0.00335664
0.00951049
0.00559441
0.00195804
0.0013986
0.0179021
0.000839161
0.000839161
0.00307692
0.00027972
0.00531469
0.00251748
0.0131469
0.00111888
0.0027972
0.00111888
0.00615385
0.00251748
0.00251748
0.00167832
0.000559441
0.00251748
0.00167832
0.00167832
0.000839161
0.000559441
0
0.0234965
0.000559441
0.00167832
0.00307692
0.0027972
0.0013986
0.00223776
0.00363636
0.0027972
0.00335664
0.00447552
0.000839161
0.00391608
0.00167832
0.00755245
0.00335664
0.00251748
0.00587413
0.0041958
0.00363636
0.0027972
0.00923077
0.00363636
0.00615385
0.00475524
0.00923077
0.00559441
0.00699301
0.0114685
0.00923077
0.0111888
0.0128671
0.0123077
0.00923077
0.013986
0.0159441
0.0128671
0.013986
0.0195804
0.0193007
0.0293706
0.0299301
0.0316084