0
0.0125
0.00833333
0.00694444
0.00277778
0.00694444
0.00555556
0.00416667
0.00277778
0.00277778
0.00277778
0.00833333
0.00277778
0.00138889
0.00138889
0.00138889
0
0.00277778
0.00138889
0.00555556
0.00277778
0
0.00138889
0
0.00138889
0
0
0
0
0
0
0
0
0
0.00138889
0
0
0
0.00138889
0
0
0.00138889
0
0
0
0
0
0
0
0.00138889
0
0
0
0
0
0
0
0
0
0
0
0
0
0
0
0
0
0
0
0
0
0
0
0
0
0
0.00138889
0
0
0
0
0
0
0
0
0
0
0
0.00138889
0
0
0
0
0
0
0
0
0.00138889
0
0
0
0
0
0
0
0
0
0
0
0
0
0
0
0
0.00138889
0
0
0
0
0
0
0
0
0
0
0
0.00138889
0
0
0
0
0
0
0
0
0
0.00277778
0
0
0
0
0
0.00277778
0.00277778
0.00416667
0
0.00138889
0
0
0.00277778
0
0.00416667
0.00694444
0.0277778
0.0666667
0.1375
0.147222
0.0472222
0.0166667
0.0222222
0.00416667
0.0138889
0.0125
0.0180556
0.00555556
0.00555556
0.00555556
0.00833333
0.00694444
0.00555556
0.00833333
0.00555556
0.00694444
0.00555556
0.00416667
0.00833333
0.00555556
0.00416667
0.00277778
0.00833333
0.00694444
0.00138889
0.00416667
0.00138889
0.00277778
0.00555556
0.00138889
0.00416667
0.00138889
0.00138889
0.00277778
0.00416667
0.00138889
0.00277778
0.00138889
0.00277778
0.00416667
0.00277778
0.00277778
0.00555556
0.00138889
0.00277778
0.00138889
0
0.00138889
0
0
0
0.00416667
0.00277778
0.00277778
0.00138889
0
0.00138889
0.00277778
0
0.00138889
0.00138889
0.00277778
0.00138889
0.00555556
0.00138889
0
0
0.00416667
0.00138889
0.00277778
0.00138889
0.00277778
0.00416667
0.00277778
0.00277778
0.00277778
0.00694444
0
0
0.00416667
0
0.00555556
0
0.00277778
0.00416667
0
0.00277778
0.00416667
0.00555556
0.00833333
0.0180556
0.0166667
0.0125
0.00833333
0.00416667
0.00555556
0.00694444
0.00694444
0.0166667