0
0.00928793
0.0216718
0.0263158
0.0340557
0.0201238
0.0123839
0.0216718
0.0123839
0.0201238
0.00773994
0.00773994
0.00464396
0.00619195
0.0139319
0.00309598
0.00309598
0.00309598
0.00928793
0.00154799
0.00309598
0.0309598
0
0.00309598
0.00309598
0
0.00309598
0
0.0108359
0
0.00309598
0
0
0.00154799
0.00309598
0.00309598
0
0.00154799
0
0.00154799
0
0
0
0.102167
0
0
0
0
0.00154799
0.00309598
0.00309598
0
0
0.00464396
0
0
0
0
0
0
0
0
0
0
0.0201238
0
0
0.00154799
0
0
0
0.00309598
0
0
0.00154799
0
0
0.00154799
0
0
0
0
0
0
0
0.0201238
0
0
0
0.00154799
0
0
0
0
0
0
0
0
0
0.00619195
0
0
0.00154799
0.00309598
0
0
0.0185759
0
0
0
0.00154799
0.00309598
0.00154799
0.00773994
0
0
0.00309598
0.00464396
0.00309598
0.00309598
0.00309598
0
0
0.00154799
0.00154799
0
0
0
0.0386997
0
0
0
0.00154799
0
0.00309598
0.00309598
0.00154799
0
0.00309598
0
0.00309598
0.00309598
0.00464396
0.00154799
0
0.00154799
0
0
0
0.00309598
0.00154799
0.00154799
0.00154799
0.00154799
0
0.00154799
0.00309598
0
0
0.00154799
0
0.00154799
0.00309598
0.00154799
0
0
0
0
0
0
0.0170279
0
0
0
0
0
0
0
0
0
0
0.00309598
0.00154799
0
0.00309598
0
0
0
0
0
0.00154799
0
0
0
0
0
0
0
0.00309598
0
0
0
0.00154799
0
0
0
0
0
0
0
0
0
0
0.00928793
0
0
0
0
0
0.00154799
0
0.00154799
0
0.00464396
0
0.00309598
0
0
0.00154799
0
0.00154799
0
0
0
0.0139319
0
0
0
0.00154799
0.00154799
0
0.00928793
0.00309598
0.00309598
0.00619195
0
0.00619195
0.0108359
0.00773994
0.00309598
0.0108359
0.00928793
0.00773994
0.00619195
0.00154799
0.22291