0
0.0116054
0.0111219
0.00773694
0.00580271
0.00870406
0.00241779
0.00531915
0.00193424
0.00386847
0.00193424
0.00483559
0.00241779
0.00145068
0.00435203
0.000967118
0.00290135
0.00145068
0.00193424
0.000967118
0.000967118
0.00435203
0.000483559
0.000483559
0.000967118
0.000483559
0.000967118
0.000483559
0.00290135
0
0.000967118
0.000483559
0.000483559
0
0.000967118
0.000483559
0.000483559
0
0
0
0
0
0
0.0101547
0
0
0
0.000483559
0
0.000483559
0
0
0
0
0
0
0
0.000483559
0
0
0
0
0
0
0.00145068
0
0
0
0
0
0
0.000483559
0
0
0
0
0
0.000967118
0
0
0
0.000483559
0
0
0
0.00145068
0
0
0
0
0
0
0
0
0
0
0
0
0
0
0
0
0
0
0
0
0.00193424
0
0
0
0
0
0
0.000967118
0
0
0
0.00145068
0
0
0.000483559
0
0
0
0
0
0
0
0.0116054
0
0.000483559
0.000967118
0.000967118
0.000483559
0.000483559
0.00145068
0.00145068
0.000967118
0.00193424
0
0.000483559
0.000967118
0.00531915
0.00290135
0.00193424
0.00483559
0.00435203
0.00290135
0.000967118
0.0125725
0.0082205
0.0106383
0.0159574
0.0203095
0.0116054
0.0203095
0.0198259
0.0140232
0.0154739
0.0188588
0.00676983
0.00773694
0.0140232
0.0125725
0.00773694
0.00531915
0.00241779
0.00193424
0.00435203
0.000967118
0.0643133
0
0.00338491
0.000967118
0.00193424
0.00338491
0.00483559
0.00918762
0.00241779
0.00870406
0.000967118
0.0183752
0.00290135
0.000967118
0.032882
0.000483559
0.00145068
0.00580271
0.00193424
0.00145068
0.000967118
0.0309478
0
0.000967118
0.00145068
0.000967118
0.00628627
0.000967118
0.0227273
0.000967118
0.00145068
0.000483559
0.00628627
0.000483559
0.00193424
0.000967118
0.00145068
0
0.000483559
0
0
0.000483559
0
0.0411025
0.000483559
0.00145068
0.00145068
0.000967118
0.000967118
0.000483559
0.000483559
0.00193424
0.00290135
0.00531915
0.00145068
0.00145068
0.00145068
0.0135397
0.00386847
0.000483559
0.00676983
0.00386847
0.00290135
0.00145068
0.0236944
0.00435203
0.00338491
0.00483559
0.00918762
0.00435203
0.00338491
0.0154739
0.00290135
0.00725338
0.00773694
0.00338491
0.00628627
0.0111219
0.00967118
0.00870406
0.0101547
0.016441
0.0125725
0.016441
0.0169246
0.0643133