0
0.0511766
0.0483791
0.0221326
0.0162909
0.0100378
0.00946191
0.00798091
0.00649992
0.00888596
0.00444298
0.00756952
0.00617081
0.00551259
0.00962646
0.00534803
0.00682903
0.00806319
0.00724041
0.0058417
0.00386704
0.0185124
0.00238605
0.00477209
0.0083923
0.00386704
0.00979102
0.00649992
0.015139
0.00296199
0.00831002
0.00279743
0.00954418
0.00370248
0.00863913
0.00789863
0.00468981
0.00312654
0.00477209
0.00279743
0.00263288
0.000740497
0.000246832
0.0757775
0.000493665
0.00065822
0.000905052
0.00139872
0.000905052
0.00172783
0.00189238
0.00337337
0.00139872
0.00419615
0.00106961
0.000822774
0.000493665
0.00279743
0.000987329
0.000411387
0.00205694
0.000822774
0.000411387
0.000493665
0.00271516
0.00106961
0.00065822
0.000740497
0.000905052
0.00065822
0.00032911
0.00164555
0.000164555
0.000575942
0.00106961
0.000493665
8.22774e-005
0.000822774
0.000493665
0.000246832
0.000493665
0.00032911
8.22774e-005
8.22774e-005
0
0.0032911
8.22774e-005
8.22774e-005
0.000246832
0.000164555
0.000164555
0.000246832
0.000246832
8.22774e-005
0.000493665
0.000246832
0.00032911
0.000164555
0.00065822
0.000905052
0.000575942
0.000246832
0.000164555
0.000493665
8.22774e-005
0.000411387
0.00115188
0.000164555
0.000411387
0.000575942
0.000246832
0.000740497
0.000411387
0.000822774
0.000164555
0.000246832
0.000493665
0.000493665
8.22774e-005
0.000740497
0.000575942
0.000164555
0.000493665
0.000246832
0.000164555
0.00032911
0.00032911
0
0.00896824
0.00032911
0.000822774
0.00106961
0.000987329
0.00106961
0.0018101
0.00394932
0.00222149
0.00345565
0.00362021
0.00362021
0.00493665
0.00551259
0.00781636
0.00880369
0.0058417
0.0109429
0.0069113
0.00625309
0.00501892
0.00946191
0.00477209
0.00411387
0.00403159
0.00534803
0.00230377
0.0018101
0.0043607
0.00115188
0.00148099
0.00452526
0.000411387
0.000411387
0.00353793
0.00156327
0.000822774
0.00106961
0.000575942
0.000246832
8.22774e-005
0
0.00888596
0.000164555
8.22774e-005
0.00032911
0.000493665
0.000822774
0.00032911
0.000822774
0.00032911
0.00106961
0.000164555
0.000822774
0.000575942
0.00032911
0.00123416
0.00032911
0.000575942
0.000493665
0.000164555
0.000246832
0.000164555
0.000740497
0.000246832
0.000493665
0.000411387
0.000164555
0.000411387
0.000575942
0.000822774
0.000411387
0.000575942
0.000411387
0.000740497
0.000164555
0.000575942
0.000246832
0.000246832
0.000246832
0
0.000822774
8.22774e-005
0.000164555
0
0.00477209
0.000164555
0.000246832
0.000411387
0.000246832
0.000411387
0.000575942
0.000822774
0.000575942
0.000246832
0.00123416
0.000411387
0.000575942
0.000411387
0.00131644
0.000905052
0.000164555
0.00115188
0.000987329
0.000575942
0.000575942
0.00205694
0.000493665
0.000987329
0.00156327
0.00131644
0.00123416
0.00148099
0.00189238
0.00156327
0.00345565
0.00246832
0.00197466
0.00296199
0.00337337
0.00411387
0.0025506
0.00320882
0.00452526
0.00468981
0.00880369
0.0121771
0.224535