0
0.00356506
0.0178253
0.030303
0.0196078
0.0160428
0.0196078
0.00891266
0.00534759
0.0178253
0.00713012
0.0178253
0.00534759
0
0.00178253
0.00713012
0.00356506
0.00356506
0.00713012
0.00356506
0.00178253
0.0178253
0.00356506
0
0.00178253
0.00178253
0.00356506
0.00178253
0.00891266
0
0.00534759
0
0.00356506
0.00178253
0.00178253
0.00178253
0.00178253
0
0.00178253
0.00534759
0
0
0
0.11943
0
0
0
0.00534759
0.00178253
0
0.00178253
0.00356506
0
0.00356506
0
0
0.00178253
0.0142602
0.00178253
0.00178253
0.00178253
0.00178253
0
0
0.0196078
0.00178253
0
0.00178253
0.00356506
0
0
0.0124777
0
0
0.00534759
0
0.00178253
0
0
0
0
0.00178253
0.00178253
0
0
0.0623886
0
0
0
0
0
0
0
0
0
0.00178253
0.00178253
0
0
0.00713012
0
0
0
0.00178253
0
0.00178253
0.00534759
0
0
0
0
0.00178253
0
0.00356506
0.00178253
0
0
0.00356506
0
0.00178253
0.00178253
0.00178253
0
0
0
0
0
0
0.0784314
0
0
0
0.00178253
0
0.00534759
0
0.00178253
0
0.00534759
0
0.00178253
0
0.00178253
0.00178253
0
0
0.00534759
0
0
0.00356506
0
0
0.00178253
0
0
0.00356506
0
0.00178253
0
0.00356506
0
0.00178253
0.00178253
0.00178253
0
0
0
0
0
0
0.0178253
0
0.00178253
0
0.00356506
0
0.00178253
0
0
0
0.00178253
0.00356506
0
0.00178253
0.00534759
0
0.00178253
0
0
0.00178253
0
0.00356506
0
0.00178253
0.00178253
0
0.00356506
0
0.00356506
0
0
0
0
0.00356506
0
0
0
0
0
0
0
0
0
0.00891266
0
0
0
0
0.00356506
0.00356506
0.00178253
0.00178253
0
0.00356506
0
0.00356506
0
0.00356506
0
0.00178253
0.00178253
0.00178253
0.00178253
0
0.0124777
0.00178253
0
0.00178253
0.00713012
0.00356506
0
0.00356506
0
0
0.00713012
0
0
0.00713012
0.00534759
0.00178253
0.00178253
0.00713012
0.00356506
0
0
0.149733