0
0.00852273
0.00795455
0.00426136
0.00539773
0.00340909
0.003125
0.00426136
0.00255682
0.003125
0.00255682
0.00198864
0.00113636
0.000852273
0.000852273
0.000852273
0.00170455
0.00142045
0.00284091
0.00227273
0.000852273
0.003125
0
0.000284091
0.00142045
0.000568182
0
0
0.000568182
0.000568182
0
0.000852273
0.000568182
0.000284091
0
0.000284091
0.000852273
0
0.000284091
0.000568182
0
0
0
0.00284091
0
0
0.000852273
0.000852273
0.000568182
0
0
0.000284091
0
0.000284091
0
0.000284091
0
0
0.000284091
0
0
0.000284091
0
0
0.000284091
0
0
0.000284091
0.000284091
0
0
0
0
0
0
0
0
0
0
0
0.000284091
0
0
0
0
0.000284091
0
0
0
0.000284091
0
0.000284091
0
0
0
0
0
0
0
0.000284091
0
0.000284091
0
0
0
0
0.000568182
0
0
0.000568182
0
0.000284091
0.000284091
0.000284091
0
0.000284091
0.000284091
0
0.000284091
0
0
0.000284091
0.000568182
0.000284091
0.000284091
0
0
0
0.003125
0
0.000568182
0.000568182
0.000284091
0.000852273
0.000284091
0.000852273
0.000568182
0.00170455
0.00170455
0.00170455
0.00227273
0.003125
0.00909091
0.0107955
0.0204545
0.0295455
0.0397727
0.0315341
0.034375
0.028125
0.0258523
0.0315341
0.0338068
0.0369318
0.0372159
0.0335227
0.0267045
0.0213068
0.0193182
0.0144886
0.0136364
0.00994318
0.0150568
0.0139205
0.0136364
0.00852273
0.0102273
0.00511364
0.00596591
0.00255682
0.028125
0.00227273
0.00340909
0.00255682
0.00340909
0.00369318
0.00426136
0.00369318
0.00198864
0.00397727
0.000852273
0.00397727
0.00284091
0.00198864
0.00369318
0.00142045
0.00170455
0.00198864
0.00113636
0.000568182
0.00170455
0.00369318
0.00170455
0.00113636
0.00142045
0.000568182
0.00113636
0.000852273
0.003125
0.00198864
0.00198864
0.000568182
0.00227273
0.000284091
0.00227273
0.00142045
0.000568182
0.00113636
0.00142045
0.00113636
0.000568182
0.000568182
0
0.00454545
0.000568182
0.00255682
0.00113636
0.00198864
0.000852273
0.00142045
0.00113636
0.000852273
0.000852273
0.00170455
0.00170455
0.000852273
0.000568182
0.000568182
0.00170455
0.000284091
0.00454545
0.00142045
0.00198864
0.000852273
0.00369318
0.00227273
0.00198864
0.00284091
0.00198864
0.00198864
0.00340909
0.003125
0.00397727
0.00454545
0.00340909
0.00369318
0.00198864
0.00369318
0.00454545
0.00369318
0.00568182
0.00681818
0.0107955
0.0372159
0.040625
0.0227273