0
0.00804094
0.0116959
0.00438596
0.00511696
0.00511696
0.00511696
0.000730994
0.00365497
0.00219298
0
0.000730994
0.000730994
0
0.00219298
0
0.000730994
0
0.00219298
0.000730994
0.000730994
0
0.000730994
0
0
0
0.000730994
0.000730994
0.000730994
0
0
0
0
0
0.000730994
0
0
0
0
0
0
0
0
0.00219298
0
0
0.000730994
0
0
0
0
0
0
0.000730994
0
0
0
0.000730994
0
0
0.000730994
0
0
0
0
0
0
0
0.000730994
0
0
0
0
0
0
0
0
0
0
0
0
0
0
0
0
0
0
0
0
0
0
0
0.000730994
0
0
0
0.000730994
0
0
0.000730994
0
0
0.000730994
0.000730994
0
0
0
0
0
0.000730994
0
0.000730994
0
0.000730994
0
0
0
0
0
0.000730994
0.000730994
0
0.000730994
0.000730994
0.00219298
0.00146199
0
0
0.00292398
0
0.000730994
0.00292398
0.00438596
0.00146199
0.000730994
0.00292398
0.00219298
0.00219298
0.00292398
0.00365497
0.00438596
0.00292398
0.00584795
0.0102339
0.00511696
0.00804094
0.00877193
0.0197368
0.0482456
0.0540936
0.0519006
0.0628655
0.0387427
0.0343567
0.0299708
0.0307018
0.0241228
0.0255848
0.0160819
0.0138889
0.0160819
0.0131579
0.0131579
0.0131579
0.00511696
0.0175439
0.00730994
0.00292398
0.00584795
0.00292398
0.0248538
0.00292398
0.00438596
0.00146199
0.00438596
0.00511696
0.00438596
0.00292398
0.00146199
0.00438596
0.00219298
0.00292398
0.00365497
0.000730994
0.000730994
0
0
0.00146199
0.00292398
0.00292398
0.00219298
0.00730994
0.00219298
0.000730994
0.00219298
0.00292398
0.00292398
0.000730994
0
0.000730994
0.00292398
0.000730994
0.00219298
0.000730994
0.000730994
0.00292398
0.00146199
0.000730994
0.00292398
0.000730994
0.00292398
0
0
0.00365497
0.000730994
0.000730994
0.00146199
0
0.00146199
0
0.00219298
0.000730994
0.000730994
0.00292398
0.00219298
0.000730994
0.00146199
0.00146199
0.00438596
0.00146199
0.000730994
0.00146199
0.000730994
0.00292398
0.00219298
0.00292398
0.00365497
0.00219298
0.00219298
0.00219298
0.00292398
0.00292398
0.00950292
0.00584795
0.00584795
0.00292398
0.00657895
0.0102339
0.00511696
0.0124269
0.00292398
0.00730994
0.00877193
0.0219298
0.0168129
0.0197368