0.00575639
0.0082892
0.00725305
0.00610177
0.00587152
0.00483537
0.00518075
0.00448998
0.00184204
0.00379922
0.00241768
0.00310845
0.00253281
0.00276307
0.00264794
0.00149666
0.000921022
0.000575639
0.00115128
0.00103615
0.000690767
0.00138153
0.000575639
0.00138153
0.000921022
0.000690767
0.000921022
0.000690767
0.00115128
0.000115128
0.000921022
0.000805895
0.000805895
0.000805895
0.000690767
0.00184204
0.000115128
0.000690767
0.000230256
0.000921022
0.000345383
0.000345383
0.000115128
0.00310845
0.000345383
0.000690767
0.000345383
0.000230256
0.000690767
0.000921022
0.00115128
0.000230256
0.00115128
0.000805895
0.000460511
0.000460511
0.000345383
0.000690767
0.000690767
0.000230256
0.000575639
0.000230256
0.000230256
0.000345383
0.00103615
0.000115128
0.000115128
0.000345383
0.000460511
0.000345383
0.000460511
0.000575639
0.000230256
0.000460511
0.000115128
0.000345383
0.000460511
0.000575639
0.000230256
0
0.000230256
0
0.000230256
0.000230256
0
0.00172692
0
0
0.000230256
0.000230256
0.000115128
0.000575639
0.000115128
0.000345383
0.000345383
0
0.000230256
0.000115128
0.000230256
0.00149666
0.000575639
0
0.000460511
0.000345383
0.000575639
0.000460511
0.00126641
0.000230256
0.000115128
0.000805895
0.000460511
0.00138153
0.000575639
0.00161179
0.000230256
0.000921022
0.000805895
0.000921022
0.000921022
0.000921022
0.00115128
0.000575639
0.000921022
0.00161179
0.00115128
0.000690767
0.000575639
0.000230256
0.0157725
0.00103615
0.00184204
0.00264794
0.00195717
0.00253281
0.00322358
0.00402947
0.00333871
0.00506562
0.00610177
0.00679254
0.00805895
0.00851946
0.0130094
0.0115128
0.00817407
0.0154271
0.0157725
0.0151969
0.0181902
0.0226802
0.0241768
0.0238315
0.0300484
0.0322358
0.0268248
0.0212986
0.020723
0.0160028
0.0176146
0.0151969
0.0110523
0.0120884
0.0127792
0.0112825
0.0104766
0.0138153
0.00944048
0.00679254
0.00529588
0.00402947
0.024292
0.00264794
0.00448998
0.0041446
0.00448998
0.00310845
0.00356896
0.00287819
0.00402947
0.00379922
0.00287819
0.00368409
0.00299332
0.00391435
0.00356896
0.0020723
0.00184204
0.00230256
0.00241768
0.00172692
0.00138153
0.00310845
0.0020723
0.00172692
0.00184204
0.000921022
0.00184204
0.00172692
0.00195717
0.00149666
0.00184204
0.00195717
0.00195717
0.00161179
0.00184204
0.00195717
0.00126641
0.00149666
0.00149666
0.00138153
0.000921022
0.00126641
0.000230256
0.00483537
0.00149666
0.000690767
0.000575639
0.00138153
0.000575639
0.00161179
0.00241768
0.000921022
0.00126641
0.00115128
0.00115128
0.00276307
0.000921022
0.00149666
0.00230256
0.00138153
0.00276307
0.0020723
0.00172692
0.000921022
0.00276307
0.00161179
0.00218743
0.00230256
0.00218743
0.00218743
0.00264794
0.00276307
0.00230256
0.00310845
0.00345383
0.00368409
0.00356896
0.00495049
0.00356896
0.00437486
0.00495049
0.00472024
0.00667741
0.0141607
0.0409855
0.0724154