0.00574713
0.00714508
0.0055918
0.00745573
0.00745573
0.00528114
0.00543647
0.00481516
0.00419385
0.00388319
0.00201926
0.00388319
0.00186393
0.00139795
0.00264057
0.00217459
0.00217459
0.00170861
0.00232992
0.00108729
0.00139795
0.00248524
0.000621311
0.00124262
0.00139795
0.00124262
0.00248524
0.00155328
0.00217459
0.00108729
0.00155328
0.00108729
0.00108729
0.00155328
0.00170861
0.00186393
0.00170861
0.00139795
0.00139795
0.000931966
0.00108729
0.000465983
0.000155328
0.0102516
0.000155328
0.000465983
0.000465983
0.000465983
0.000931966
0.000621311
0.00170861
0.000465983
0.000621311
0.000931966
0.000465983
0.000465983
0.000776639
0.000621311
0.000776639
0.000155328
0.000776639
0.000621311
0.000465983
0.000310655
0.00155328
0.000621311
0.000310655
0.000310655
0.00108729
0.000155328
0.000155328
0.000931966
0.000155328
0.000776639
0.000931966
0.000465983
0.000310655
0.000776639
0.000776639
0.000310655
0.000465983
0.000155328
0
0
0
0.00248524
0
0.000155328
0.000155328
0.000465983
0.000621311
0.000310655
0.000465983
0.000465983
0.000776639
0.000155328
0.000931966
0.000155328
0.000465983
0.000310655
0.000310655
0.000155328
0.000310655
0.000465983
0.000310655
0.000155328
0.00170861
0.000621311
0.000621311
0.000465983
0.000931966
0.00155328
0.000465983
0.00124262
0.00124262
0.00124262
0.000931966
0.00124262
0.00139795
0.00124262
0.00108729
0.000931966
0.00139795
0.000621311
0.00186393
0.000931966
0.000155328
0
0.0375893
0.00170861
0.00372787
0.00248524
0.00403852
0.00310655
0.0027959
0.00636844
0.00388319
0.0045045
0.0045045
0.00465983
0.0083877
0.00481516
0.00590245
0.00776639
0.00807704
0.00963032
0.00963032
0.0110283
0.0135135
0.0177074
0.0201926
0.0201926
0.0214352
0.026561
0.0231438
0.0214352
0.0197266
0.0152221
0.0141348
0.0146008
0.0116496
0.0107176
0.0156881
0.00994098
0.00900901
0.00947499
0.00963032
0.00916434
0.0055918
0.00264057
0.0203479
0.00295123
0.00528114
0.00372787
0.00512582
0.00372787
0.00341721
0.00264057
0.0027959
0.00372787
0.00248524
0.00434918
0.00217459
0.00201926
0.00372787
0.00170861
0.00201926
0.00155328
0.00217459
0.00232992
0.00248524
0.00326188
0.00186393
0.00232992
0.00108729
0.00170861
0.00264057
0.000931966
0.00264057
0.00108729
0.00139795
0.00139795
0.00217459
0.00108729
0.00186393
0.00139795
0.00124262
0.00108729
0.00201926
0.00155328
0.00124262
0.000931966
0
0.00528114
0.000931966
0.00170861
0.00124262
0.00170861
0.00124262
0.00124262
0.00155328
0.00170861
0.00139795
0.00201926
0.00170861
0.00155328
0.00170861
0.00295123
0.00155328
0.00186393
0.00310655
0.00170861
0.00155328
0.00232992
0.00357254
0.00264057
0.00155328
0.00264057
0.00232992
0.00201926
0.00232992
0.00310655
0.00248524
0.00326188
0.00326188
0.00310655
0.00264057
0.00481516
0.00419385
0.00776639
0.00574713
0.00481516
0.0055918
0.0105623
0.0416278
0.083877