0
0.000241984
0.000362976
0.000725953
0.000362976
0.000725953
0.000725953
0.000362976
0
0.000362976
0.000241984
0.00108893
0.000241984
0.000241984
0.00120992
0.000241984
0.000241984
0.000362976
0.000362976
0.000120992
0.000241984
0.00120992
0
0.000120992
0.000483969
0.000241984
0.000846945
0.000362976
0.00108893
0.000725953
0.000362976
0.000241984
0.000846945
0.000362976
0.000120992
0.000725953
0.000483969
0.000362976
0.000362976
0.000483969
0.000604961
0.000120992
0
0.00193587
0.000120992
0.000241984
0.000362976
0.000241984
0
0.000120992
0.000604961
0.000604961
0.000120992
0.000241984
0.000241984
0.000120992
0.000120992
0.000483969
0.000362976
0.000241984
0.000120992
0.000241984
0.000604961
0
0.000846945
0.000241984
0.000241984
0
0.000483969
0.000362976
0.000120992
0.000362976
0.000120992
0.000483969
0.000604961
0
0.000120992
0.000362976
0.000120992
0.000120992
0
0.000120992
0
0
0
0.000967937
0
0
0
0.000120992
0.000120992
0
0.000120992
0
0.000241984
0.000241984
0.000120992
0.000362976
0.000241984
0.000483969
0.000241984
0.000120992
0.000483969
0.000604961
0.000241984
0.000241984
0.000604961
0
0.000120992
0
0.000241984
0.000241984
0.000725953
0.000241984
0.000362976
0.000241984
0.000241984
0.000362976
0.000241984
0.000362976
0.000362976
0.000362976
0.000120992
0.000725953
0.000241984
0.000241984
0.000483969
0
0.0131881
0.00133091
0.000725953
0.000604961
0.000846945
0.000967937
0.00193587
0.00229885
0.00133091
0.00169389
0.00241984
0.0015729
0.00181488
0.00181488
0.00411373
0.00254083
0.00278282
0.00423472
0.00326679
0.00326679
0.00290381
0.00895342
0.00556564
0.0061706
0.00689655
0.00967937
0.00629159
0.00810647
0.0246824
0.0179068
0.0218996
0.0249244
0.00387175
0.0141561
0.0364186
0.0175439
0.0113733
0.0139141
0.00931639
0.0015729
0.00229885
0.00108893
0.219238
0.000483969
0.00133091
0.00205687
0.00362976
0.00471869
0.00713854
0.00992136
0.000846945
0.0237145
0.000846945
0.0364186
0.00338778
0.000846945
0.0244404
0.000604961
0.0030248
0.00871143
0.00411373
0.00181488
0.000362976
0.0248034
0.000120992
0.000362976
0.00278282
0.000120992
0.00556564
0.00205687
0.00980036
0.000120992
0.00169389
0.000241984
0.00701754
0.000362976
0.00362976
0.00254083
0.0015729
0.000483969
0.000362976
0.000120992
0.000241984
0.000120992
0
0.0204477
0.000120992
0.000120992
0.000120992
0.000241984
0.000846945
0.00181488
0.00350877
0.00338778
0.000241984
0.00520266
0.000241984
0.0031458
0
0.00604961
0.00290381
0.000120992
0.00375076
0.0127042
0.000483969
0
0.0183908
0.000241984
0.0199637
0.0030248
0.0256503
0.00471869
0.0120992
0.0179068
0.015608
0.0102843
0.00520266
0.000604961
0.00338778
0.00568663
0.00181488
0.00120992
0.00266183
0.000846945
0.000241984
0.000483969
0.000362976
0.0120992