0
0
0
0.000816327
0.00244898
0.00489796
0
0.00326531
0.000816327
0.000816327
0
0.00326531
0.000816327
0
0.000816327
0.000816327
0.000816327
0.000816327
0
0
0
0.00326531
0
0
0
0
0
0
0.000816327
0
0
0
0
0
0
0
0
0
0
0
0
0
0
0.00571429
0
0
0
0
0
0
0
0
0
0
0
0
0
0.000816327
0
0
0
0
0
0
0.000816327
0
0
0
0
0
0
0
0
0
0.000816327
0
0
0
0
0
0
0
0
0
0
0.00734694
0
0
0
0
0
0
0
0
0
0
0.000816327
0
0
0.00244898
0
0
0
0
0
0
0.00489796
0
0
0
0
0
0
0.00489796
0
0.000816327
0
0.00489796
0
0.00326531
0.00489796
0.00571429
0.000816327
0.000816327
0
0
0
0
0.0922449
0
0
0.000816327
0.00163265
0
0.0106122
0.0138776
0.00979592
0.000816327
0.00653061
0
0.00897959
0.00163265
0.0187755
0.00571429
0
0.00653061
0.00653061
0
0
0.0310204
0.00163265
0.00408163
0.00489796
0.00489796
0.00979592
0.00408163
0.0204082
0.00408163
0.0187755
0.0138776
0
0.00408163
0.00816326
0.00979592
0.00979592
0.00816326
0
0.000816327
0
0
0.0530612
0
0
0
0
0.00163265
0.000816327
0.00653061
0
0.00734694
0
0.00979592
0.000816327
0
0.00489796
0
0.000816327
0.00326531
0.00163265
0.000816327
0
0.0130612
0
0
0.00244898
0
0.00571429
0.00244898
0.0138776
0
0.00244898
0
0.00408163
0
0.00816326
0.00408163
0
0.00244898
0
0
0
0
0
0.0326531
0
0
0
0.00163265
0
0.000816327
0.00408163
0.00734694
0
0.0146939
0
0.00163265
0
0.00571429
0.00326531
0
0.00734694
0.00489796
0.000816327
0
0.0220408
0
0.00897959
0.0122449
0.00979592
0.0106122
0.00244898
0.0277551
0.00979592
0.0106122
0.0122449
0.00163265
0.0130612
0.035102
0.0228571
0.0163265
0.0212245
0.0228571
0.0106122
0
0
0.077551