0
0.00338164
0.073913
0.0405797
0.036715
0.0207729
0.0236715
0.0299517
0.0169082
0.0246377
0.00772947
0.0130435
0.00917874
0.00869565
0.0173913
0.00338164
0.00386473
0.00483092
0.0057971
0.00483092
0.000966184
0.0231884
0.000483092
0.000966184
0.00193237
0.000483092
0.00289855
0.000966184
0.0101449
0
0
0
0.00434783
0
0.000966184
0.000966184
0
0
0
0
0
0
0
0.0710145
0
0
0
0
0
0
0
0.000483092
0
0.000483092
0
0
0
0.00338164
0
0
0.000483092
0
0
0
0.010628
0
0
0
0.000483092
0
0
0.00531401
0
0
0
0
0
0
0
0
0
0
0
0
0
0.02657
0
0
0
0
0
0
0
0
0
0
0
0
0
0.00434783
0
0
0.000483092
0
0
0
0.0198068
0
0
0
0
0.00144928
0
0.0130435
0
0.000483092
0
0.00531401
0
0.00144928
0.000966184
0.00144928
0
0.000483092
0
0
0
0
0.084058
0
0
0
0.00144928
0.000483092
0.00193237
0.00193237
0.00531401
0
0.00724638
0
0.000483092
0
0.00772947
0
0
0.00338164
0.000966184
0
0
0.00628019
0
0.000483092
0
0.000966184
0.000483092
0
0.00241546
0
0
0.000966184
0
0.000483092
0
0
0.000483092
0
0
0
0
0
0.0120773
0
0
0
0
0
0
0
0
0
0
0
0
0
0.00144928
0
0
0
0
0
0
0.00289855
0
0
0
0
0
0
0.000966184
0
0
0
0.000483092
0
0.000483092
0.000483092
0
0
0
0
0
0
0
0.00869565
0
0
0
0
0
0
0
0.000483092
0
0
0
0.000483092
0
0.00193237
0.000483092
0
0.000966184
0.000966184
0.000483092
0
0.00628019
0
0.00144928
0
0.000483092
0.000966184
0.000483092
0.00434783
0.00144928
0.00338164
0.00531401
0.00193237
0.00144928
0.00386473
0.00386473
0.00289855
0.00531401
0.00821256
0.0057971
0.0115942
0
0.204348