0
0.0126984
0.0492063
0.0380952
0.0309524
0.0293651
0.0190476
0.0190476
0.0142857
0.0253968
0.00634921
0.0222222
0.00714286
0.0134921
0.0214286
0.00396825
0.00873016
0.0134921
0.00714286
0.00555556
0.00634921
0.0468254
0.00238095
0.0047619
0.00555556
0.0031746
0.0031746
0.00238095
0.00873016
0
0.00238095
0
0.00396825
0.000793651
0.0031746
0.0015873
0
0
0
0
0
0
0
0.0595238
0
0
0.000793651
0
0
0.000793651
0
0.0015873
0
0.00396825
0
0
0
0.0015873
0.000793651
0
0.0031746
0
0
0
0.0103175
0
0
0
0.000793651
0
0
0.00555556
0
0
0.00396825
0
0
0.000793651
0
0
0
0
0
0
0
0.0150794
0
0
0
0
0
0
0
0
0
0
0.00238095
0
0
0.0015873
0
0
0
0
0
0
0.00873016
0
0
0
0
0.0031746
0
0.0031746
0
0.000793651
0
0.00555556
0
0.0015873
0.000793651
0.000793651
0
0.000793651
0
0
0
0
0.0277778
0
0
0
0
0.0015873
0
0.00396825
0.00238095
0.000793651
0.0031746
0.000793651
0.00238095
0
0.0047619
0.0015873
0.000793651
0.00396825
0.00396825
0.000793651
0.000793651
0.0150794
0
0.00238095
0.0015873
0.00396825
0.000793651
0.0015873
0.0031746
0.0015873
0.000793651
0.00238095
0
0
0.000793651
0.000793651
0.000793651
0.000793651
0
0
0
0
0.034127
0
0
0
0.0015873
0.000793651
0.000793651
0
0.0015873
0.0015873
0.000793651
0.0015873
0
0.0015873
0.00238095
0
0.000793651
0.00238095
0
0.000793651
0.000793651
0.0103175
0
0
0
0.000793651
0.000793651
0
0.0031746
0
0
0
0.00238095
0
0.000793651
0
0.000793651
0
0.000793651
0
0
0
0
0.015873
0
0
0.0015873
0.000793651
0.000793651
0.0031746
0
0.0015873
0.000793651
0.000793651
0
0.000793651
0
0.00238095
0
0.000793651
0.000793651
0.0015873
0
0
0.00634921
0.000793651
0
0
0.00396825
0.00238095
0.000793651
0.0031746
0
0.00396825
0.00396825
0.0047619
0.0031746
0.0047619
0.00396825
0.00396825
0.00555556
0.00634921
0.00873016
0.0134921
0.000793651
0.138889