0
0
0
0.00108853
0.000362845
0.000362845
0.000362845
0
0
0
0
0.000362845
0
0
0.000362845
0
0
0
0
0
0
0.00108853
0
0
0
0
0
0
0
0
0.000362845
0
0
0
0
0
0
0
0
0
0
0
0
0.000725689
0
0
0
0
0
0
0
0
0
0
0
0
0
0
0
0
0
0
0
0
0
0
0
0
0
0
0
0
0
0
0
0
0
0
0
0
0
0
0
0
0
0.000362845
0
0
0
0
0
0
0
0
0
0
0
0
0
0.000362845
0
0
0
0
0
0
0
0
0
0
0
0
0
0
0
0
0
0.000362845
0
0
0
0.000362845
0
0
0
0
0
0
0.000725689
0
0
0
0
0
0
0
0
0.000362845
0
0
0.000725689
0.000725689
0.00181422
0.00253991
0
0.00435414
0.00217707
0.00181422
0.00181422
0.0185051
0.00689405
0.0126996
0.0246734
0.0199565
0.0224964
0.0253991
0.0366473
0.0185051
0.0268505
0.0261248
0.00616836
0.00870827
0.0217707
0.0141509
0.0105225
0.00979681
0.00798258
0.00181422
0.000725689
0
0.0914369
0
0
0.000725689
0.00544267
0.0065312
0.00507983
0.00471698
0.000725689
0.00943396
0.000362845
0.0101597
0.0032656
0.00145138
0.0250363
0
0.00217707
0.00507983
0.00435414
0.00108853
0
0.0181422
0
0
0.00399129
0
0.00616836
0.00290276
0.0123367
0
0.00507983
0
0.00725689
0.00145138
0.00435414
0.00362845
0.00145138
0.00181422
0.000725689
0
0
0
0
0.0341074
0
0
0
0.00181422
0.000725689
0.00217707
0.00544267
0.00471698
0.000725689
0.00471698
0.000362845
0.00544267
0
0.0105225
0.00507983
0
0.00362845
0.00435414
0.00145138
0
0.016328
0.00145138
0.00580552
0.00689405
0.00834543
0.00507983
0.00834543
0.016328
0.0108853
0.0108853
0.0181422
0.00725689
0.0134253
0.0272134
0.016328
0.0366473
0.0239478
0.016328
0.0424528
0.0112482
0
0.021045