0
0
0.001875
0.0025
0.00375
0.001875
0.0025
0.001875
0.003125
0.001875
0
0.000625
0.003125
0
0.00125
0
0
0
0
0
0
0.0025
0
0
0
0
0
0
0.000625
0
0
0
0
0
0
0
0
0
0
0
0
0
0
0.00125
0
0
0
0
0
0
0
0
0
0
0
0
0
0
0
0
0
0
0
0
0
0
0
0
0
0
0
0
0
0
0
0
0
0
0
0
0
0
0
0
0
0.000625
0
0
0
0
0
0
0
0
0
0
0
0
0
0
0
0
0
0
0
0
0.000625
0
0
0
0
0
0
0
0
0
0
0
0
0
0
0
0
0
0
0
0
0
0.00375
0
0
0
0
0
0
0.000625
0.00125
0
0.000625
0
0.000625
0
0.005625
0.001875
0
0.006875
0.005625
0.003125
0.000625
0.015
0.00875
0.01
0.0175
0.0125
0.014375
0.01375
0.019375
0.0175
0.018125
0.021875
0.00375
0.0075
0.015
0.01375
0.009375
0.010625
0.005
0.00125
0
0
0.125625
0
0.000625
0.00125
0.001875
0.00125
0.001875
0.005625
0.000625
0.01
0
0.019375
0.00125
0.00125
0.0225
0
0.000625
0.00625
0.0025
0.00125
0.000625
0.025
0
0.0025
0.001875
0.000625
0.005625
0.00125
0.010625
0
0.005625
0
0.005625
0.00125
0.0025
0.00375
0.0025
0.000625
0
0
0
0
0
0.03375
0
0
0
0.006875
0.003125
0.0025
0.00375
0.004375
0.003125
0.0075
0.0025
0.005625
0
0.011875
0.006875
0
0.011875
0.0075
0.001875
0
0.02
0.00125
0.005625
0.010625
0.01
0.006875
0.0075
0.013125
0.00625
0.015
0.015625
0.005
0.01
0.028125
0.01625
0.01625
0.02375
0.010625
0.02
0.013125
0
0.0625