0.0159933
0.0521886
0.0378788
0.0345118
0.023569
0.0176768
0.00925926
0.00589226
0.00505051
0.00673401
0.00420875
0.003367
0.0016835
0.0016835
0.00589226
0.0016835
0.000841751
0.000841751
0.00420875
0.0016835
0
0.00420875
0
0
0.003367
0.000841751
0.000841751
0.000841751
0.00252525
0
0.000841751
0
0
0
0.000841751
0.000841751
0.000841751
0
0.000841751
0
0.000841751
0
0
0.0176768
0
0
0.000841751
0
0
0
0.00252525
0
0
0.000841751
0
0
0
0.0016835
0.0016835
0
0.000841751
0.0016835
0
0
0.003367
0
0.000841751
0.000841751
0.003367
0
0
0.00505051
0.000841751
0.0016835
0.003367
0
0
0.00252525
0.000841751
0.000841751
0.000841751
0
0
0
0
0.0193603
0
0
0
0.000841751
0
0.000841751
0
0
0.0016835
0
0.0109428
0.0016835
0
0.00589226
0
0
0.003367
0
0
0
0.016835
0
0
0.00252525
0
0.010101
0.000841751
0.00925926
0
0.000841751
0.000841751
0.00505051
0.000841751
0.010101
0.003367
0.000841751
0.00252525
0
0.000841751
0
0
0
0.0454545
0
0
0
0.003367
0
0.003367
0.0016835
0.00420875
0.000841751
0.00505051
0
0.003367
0
0.00589226
0.000841751
0.000841751
0.003367
0.00420875
0.00420875
0.000841751
0.00925926
0.000841751
0.000841751
0.00420875
0.003367
0.000841751
0.000841751
0.00252525
0
0.000841751
0.00252525
0.000841751
0
0.000841751
0.000841751
0
0
0
0
0
0
0.00757576
0
0
0
0.000841751
0
0
0
0
0
0
0.000841751
0
0
0.000841751
0.000841751
0
0
0
0
0
0.000841751
0
0.000841751
0.000841751
0
0
0
0
0.000841751
0
0.000841751
0
0.000841751
0
0
0
0
0
0
0
0
0
0.0117845
0
0
0
0.0016835
0.00252525
0
0
0.0016835
0.0016835
0.000841751
0.000841751
0.0016835
0.000841751
0
0.000841751
0.0016835
0.00252525
0.00420875
0.0016835
0.000841751
0.0016835
0.00252525
0.00252525
0.003367
0.003367
0.00252525
0.00505051
0.00589226
0.00252525
0.00420875
0.00757576
0.00757576
0.00925926
0.0109428
0.0126263
0.016835
0.0159933
0.016835
0.023569
0.0378788
0.0446128
0.180976