0
0
0.000408163
0.00163265
0.00122449
0.00163265
0.000816327
0.000816327
0
0.000408163
0
0.000816327
0
0
0
0
0
0.000408163
0
0
0
0.000816327
0
0
0.000408163
0
0
0
0.000408163
0
0.000408163
0
0.000408163
0.000408163
0.000408163
0
0
0
0
0
0
0
0
0.00163265
0
0
0
0
0
0
0
0
0
0
0
0
0
0
0
0
0
0
0
0
0
0
0
0
0
0
0
0
0
0
0
0
0
0
0
0
0
0
0
0
0
0.000816327
0
0
0
0
0
0
0
0
0
0
0
0
0
0
0
0
0
0
0
0
0
0
0
0
0
0
0
0
0
0
0
0
0
0
0.000408163
0
0
0.000408163
0.000408163
0
0
0
0.00408163
0
0
0.000816327
0
0.000816327
0
0
0
0
0.000408163
0.000408163
0.000408163
0.000408163
0.00367347
0.00244898
0
0.00326531
0.00326531
0.00244898
0
0.0187755
0.00612245
0.0114286
0.022449
0.0183673
0.0216327
0.0216327
0.0383673
0.017551
0.0236735
0.0244898
0.00530612
0.00653061
0.0228571
0.024898
0.0122449
0.0102041
0.00612245
0.00122449
0
0
0.0869388
0
0
0
0.00285714
0.0044898
0.00326531
0.00408163
0.000408163
0.00897959
0
0.0106122
0.00244898
0.000408163
0.0138776
0.000816327
0.00204082
0.00734694
0.00122449
0.000816327
0.000408163
0.0236735
0
0.000408163
0.00326531
0
0.00326531
0.00163265
0.0106122
0
0.00326531
0
0.00693878
0
0.00408163
0.00122449
0.00244898
0.00163265
0.000408163
0
0
0
0
0.0273469
0
0
0
0.00163265
0.00367347
0.00326531
0.0044898
0.00734694
0.00122449
0.00979592
0.000408163
0.00367347
0
0.00938775
0.00367347
0
0.0077551
0.00938775
0.000816327
0
0.0212245
0.00244898
0.00408163
0.00979592
0.0106122
0.00489796
0.00816326
0.0142857
0.0106122
0.0146939
0.0155102
0.00693878
0.00897959
0.0257143
0.0244898
0.024898
0.0310204
0.015102
0.0338776
0.0155102
0
0.0379592