0.00094697
0.00473485
0.00473485
0.00189394
0.00378788
0.00094697
0.00189394
0
0
0.00094697
0
0.00094697
0.00094697
0
0
0
0
0
0.00094697
0
0
0.00094697
0
0
0
0
0
0
0
0
0
0
0
0.00094697
0
0
0.00189394
0
0
0
0
0
0
0.00378788
0
0
0
0
0
0
0
0
0
0
0
0
0
0
0
0
0
0
0
0
0
0
0
0
0
0
0
0
0
0
0
0
0
0
0
0
0
0
0
0
0
0
0
0
0
0
0
0
0
0
0
0
0
0
0
0
0
0
0
0
0
0
0
0
0
0
0
0
0
0
0
0
0
0
0
0
0
0
0
0
0
0
0
0
0.00189394
0
0
0
0
0
0
0
0
0
0
0
0
0
0.00094697
0
0
0
0
0
0
0
0.00189394
0
0
0
0.00189394
0
0
0
0
0
0.00094697
0
0
0.00094697
0
0
0
0
0
0
0
0
0
0.00094697
0
0
0
0
0
0
0.00094697
0
0
0
0.00094697
0
0
0
0
0
0.00094697
0
0
0.00094697
0
0
0
0
0
0.00094697
0
0
0
0
0
0
0.00094697
0
0.00094697
0
0.00094697
0.00189394
0
0.0549242
0
0
0
0.00094697
0.00094697
0.00094697
0.00189394
0
0.00189394
0
0.00094697
0.00094697
0
0
0.00094697
0.00094697
0.0094697
0.00189394
0.00189394
0.00094697
0.00662879
0.00568182
0.00568182
0.00852273
0.00378788
0.00568182
0.00568182
0.0123106
0.0151515
0.00662879
0.00473485
0.0160985
0.0217803
0.0236742
0.0123106
0.0255682
0.0265152
0.0293561
0.0293561
0.0170455
0.0123106
0.576705