0.0193548
0.044086
0.0365591
0.044086
0.0354839
0.0225806
0.011828
0.00967742
0.0139785
0.00752688
0.00752688
0.00645161
0.0107527
0.00430108
0.00645161
0.00215054
0.00322581
0.00322581
0.00430108
0.00430108
0.00322581
0.0139785
0.00107527
0.00215054
0.00322581
0
0.00107527
0.00107527
0.00645161
0.00107527
0.00322581
0.00215054
0.00537634
0
0.00107527
0.00430108
0
0.00107527
0.00107527
0.00107527
0
0
0
0.0387097
0
0
0
0
0
0.00107527
0
0.00215054
0
0.00215054
0
0.00107527
0
0.00322581
0.00107527
0
0.00215054
0
0
0
0.00430108
0
0.00107527
0
0.00107527
0.00107527
0
0.00107527
0
0
0.00215054
0
0
0
0.00107527
0
0
0
0.00107527
0
0
0.0215054
0
0
0
0.00215054
0
0
0.00430108
0
0
0
0.00322581
0.00215054
0
0
0
0.00107527
0.00107527
0.00107527
0.00107527
0
0.00860215
0
0
0.00107527
0
0.00215054
0
0.00322581
0
0.00107527
0
0.00645161
0
0.00752688
0.00322581
0.00215054
0
0
0
0
0
0
0.0333333
0
0
0
0
0
0.00107527
0.00215054
0.00322581
0
0.00322581
0.00215054
0.00215054
0
0.00322581
0.00215054
0.00107527
0.00322581
0
0.00215054
0
0.0107527
0
0.00107527
0.00107527
0
0
0.00107527
0.00322581
0.00107527
0.00107527
0.00430108
0
0.00215054
0.00322581
0
0.00215054
0.00107527
0.00215054
0
0.00107527
0.00107527
0.011828
0
0
0.00107527
0
0
0.00215054
0
0.00215054
0
0
0
0
0
0.00107527
0.00107527
0
0
0
0
0
0.00215054
0
0
0.00107527
0
0
0
0
0
0
0
0.00322581
0
0.00107527
0
0
0
0
0
0
0
0
0.0172043
0
0
0.00107527
0.00107527
0
0
0.00107527
0
0
0
0.00215054
0.00107527
0
0.00322581
0.00107527
0
0.00215054
0.00107527
0.00107527
0.00215054
0.00215054
0.00107527
0.00430108
0.00215054
0.00537634
0.00430108
0.00215054
0.00215054
0.00322581
0.00322581
0.00645161
0.00215054
0.00537634
0.00645161
0.0107527
0.00752688
0.00860215
0.0215054
0.0236559
0.0322581
0.0301075
0.169892