0
0
0.0249169
0.00719823
0.0149502
0.00830565
0.00885936
0.00775194
0.0055371
0.00830565
0.00166113
0.00387597
0.00498339
0.00276855
0.00442968
0.00110742
0.00166113
0.00110742
0
0
0
0.00166113
0
0
0
0
0
0.00055371
0.00055371
0
0
0
0
0
0
0
0
0
0
0
0
0
0
0.00055371
0
0
0
0
0
0
0
0
0
0
0
0
0
0
0
0
0
0
0
0
0
0
0
0
0
0
0
0
0
0
0
0
0
0
0
0
0
0
0
0
0
0
0
0
0
0
0
0
0
0
0
0
0
0
0
0.00055371
0
0
0
0
0
0
0
0
0
0
0
0
0
0
0
0
0
0
0
0
0
0
0
0
0
0
0
0
0.00166113
0
0
0
0
0
0
0
0
0
0.00110742
0
0
0
0.00276855
0.00110742
0.00221484
0.00442968
0.00664452
0.00498339
0
0.0215947
0.0138427
0.0155039
0.017165
0.013289
0.0166113
0.0105205
0.0215947
0.00941307
0.0110742
0.0105205
0.00055371
0.00166113
0.00719823
0.00609081
0.00442968
0.00387597
0.00498339
0.00110742
0
0
0.0625692
0
0
0.00110742
0.00055371
0.00221484
0.00110742
0.00276855
0
0.00276855
0.00055371
0.00664452
0.00221484
0.00110742
0.0105205
0.00055371
0
0.00221484
0.00110742
0.00055371
0
0.0426357
0
0.00276855
0.00166113
0.00110742
0
0.00110742
0.0105205
0
0.00055371
0
0.00332226
0.00110742
0.00221484
0.00110742
0.00055371
0
0.00166113
0.00055371
0
0
0
0.06866
0
0
0.00055371
0.00221484
0
0.00498339
0.00221484
0.00332226
0.00110742
0.00442968
0.00055371
0
0
0.0127353
0.00276855
0.00110742
0.00442968
0.00387597
0.00276855
0
0.0365449
0.00664452
0.00609081
0.00664452
0.00609081
0.00332226
0.0055371
0.0182724
0.00664452
0.0110742
0.0149502
0.00332226
0.00830565
0.0177187
0.0127353
0.0110742
0.0127353
0.0238095
0.00719823
0.0265781
0
0.142303