0
0
0.0156794
0.0058072
0.0168409
0.00754936
0.00987224
0.0087108
0.00696864
0.0087108
0.00464576
0.00406504
0.00232288
0.00116144
0.0029036
0.00116144
0.00058072
0.00232288
0
0
0
0.0029036
0
0
0
0.00058072
0.00116144
0
0
0
0
0
0
0
0
0
0
0
0
0
0
0
0
0.00058072
0
0
0
0
0
0
0
0
0
0
0
0
0
0
0
0
0
0
0
0
0
0
0
0
0
0
0
0
0
0
0
0
0
0
0
0
0
0
0
0
0
0.00058072
0
0
0
0
0
0
0
0
0
0
0
0
0
0
0
0
0
0
0
0
0
0
0
0
0
0
0
0
0
0
0
0
0
0
0
0
0
0
0
0
0
0
0.00232288
0
0
0
0
0.00058072
0.00058072
0
0.00174216
0
0.00116144
0.00116144
0.00174216
0.00058072
0.00348432
0.0029036
0.00058072
0.0058072
0.00522648
0.00754936
0
0.0226481
0.0139373
0.0110337
0.0156794
0.00929152
0.00754936
0.010453
0.0168409
0.00638792
0.00696864
0.00754936
0.00058072
0.00406504
0.00987224
0.00406504
0.00232288
0.00406504
0.00696864
0.00116144
0
0
0.0603949
0
0
0.00058072
0.00058072
0.0029036
0.00232288
0.00174216
0.00058072
0.00522648
0
0.00638792
0.00232288
0.00232288
0.0232288
0
0.00058072
0.00406504
0.00174216
0
0.00058072
0.0534262
0
0.00058072
0.00058072
0.00058072
0.00058072
0.00174216
0.0121951
0.00058072
0.00116144
0.00058072
0.00406504
0
0.0029036
0.00058072
0.00174216
0
0.00174216
0.00116144
0
0
0
0.0772358
0
0
0.00116144
0.00174216
0.00174216
0.00058072
0.00116144
0.00116144
0.00174216
0.00464576
0.00058072
0.00174216
0.00058072
0.0127758
0.00058072
0.00058072
0.00348432
0.00406504
0.00696864
0
0.0354239
0.00522648
0.00406504
0.00406504
0.00929152
0.00406504
0.00522648
0.0191638
0.00522648
0.0087108
0.0121951
0.0058072
0.0058072
0.0139373
0.018583
0.00929152
0.0110337
0.0301974
0.00754936
0.0406504
0
0.120209