0
0
0
0.00118977
0.00237954
0.00297442
0.00118977
0
0.000594884
0.000594884
0.000594884
0.00178465
0.000594884
0.000594884
0.000594884
0.000594884
0
0.00118977
0.00178465
0
0
0.000594884
0
0
0
0
0.000594884
0
0
0
0
0
0
0
0
0
0.000594884
0
0
0
0
0
0
0.000594884
0
0
0
0
0
0
0
0
0
0
0
0
0
0
0
0
0
0
0
0
0
0
0
0
0
0
0
0
0
0
0
0
0
0
0
0
0
0
0
0
0
0
0
0
0
0
0
0
0
0
0
0
0
0
0
0
0
0
0
0
0
0
0
0
0
0
0
0
0
0
0
0
0
0
0
0
0
0
0
0
0
0
0
0
0.000594884
0
0
0
0
0
0
0.000594884
0
0
0
0
0
0
0.00118977
0.00237954
0
0.00178465
0.00535396
0
0
0.00832838
0
0.0035693
0.010113
0.00713861
0.0118977
0.00118977
0.02558
0.00118977
0.0237954
0.0214158
0
0.0035693
0.0273647
0.02558
0.0118977
0.00297442
0
0
0
0
0.186794
0
0
0
0.000594884
0.00118977
0.00118977
0.00535396
0
0.0190363
0
0.0279595
0.00178465
0
0.0249851
0
0.000594884
0.00297442
0.00118977
0.000594884
0
0.0202261
0
0
0.00118977
0
0.0035693
0.000594884
0.0142772
0
0.00178465
0
0.00832838
0
0.00594884
0.00594884
0.00237954
0.000594884
0
0
0
0
0
0.0327186
0
0
0
0
0
0.00237954
0.00535396
0.0107079
0.000594884
0.00951814
0
0.00118977
0
0.0107079
0.00297442
0
0.0118977
0.00773349
0.000594884
0
0.0321237
0
0.00594884
0.0124926
0.0118977
0.00951814
0.00892326
0.0208209
0.015467
0.0172516
0.0279595
0.00654372
0.0107079
0.0333135
0.0428316
0.0220107
0.010113
0.0190363
0.0118977
0
0
0.0291493