0
0
0.00205058
0.000854409
0.00136705
0.000854409
0.000683527
0.000341763
0
0.000512645
0
0.000341763
0.000341763
0.000170882
0.000854409
0.000170882
0
0.000341763
0.000170882
0.000683527
0
0.00136705
0.000170882
0.000170882
0.000512645
0
0.000341763
0.000512645
0.000170882
0
0.000341763
0
0.000341763
0.000170882
0.000170882
0
0.000170882
0
0
0.000170882
0
0
0
0.00119617
0
0
0
0
0
0.000170882
0.000170882
0
0
0
0
0
0
0.000170882
0
0
0
0
0
0
0.000170882
0
0
0
0
0
0
0
0
0
0
0
0
0
0
0
0
0
0
0
0
0.000512645
0
0
0
0
0
0
0
0
0
0
0
0
0
0
0
0
0.000170882
0
0
0
0
0
0
0
0
0
0
0.000512645
0
0
0
0
0
0.000170882
0
0
0
0
0
0
0
0
0.00153794
0
0
0.000341763
0.000170882
0.000170882
0.000341763
0.000341763
0.000512645
0.000170882
0.000341763
0.000512645
0.00119617
0
0.00205058
0.00153794
0.000170882
0.00222146
0.00307587
0.00136705
0.00102529
0.0164046
0.00854409
0.018797
0.0292208
0.0504101
0.0300752
0.0269993
0.0456254
0.0133288
0.0170882
0.0292208
0.00410116
0.00871497
0.0239234
0.0145249
0.00666439
0.0093985
0.0075188
0.00427204
0.00256323
0
0.0775803
0
0.000512645
0.00170882
0.00410116
0.00461381
0.00324675
0.00461381
0.00153794
0.00512645
0.000512645
0.00854409
0.0037594
0.00170882
0.0126452
0.000854409
0.00239234
0.00358852
0.00239234
0.00136705
0.000854409
0.0157211
0
0.0018797
0.00256323
0.000341763
0.00273411
0.00119617
0.00768968
0.000170882
0.0018797
0.00136705
0.00273411
0.000512645
0.00256323
0.00393028
0.00136705
0.00119617
0.00136705
0.00119617
0
0
0
0.0256323
0
0
0.00136705
0.00119617
0.000683527
0.00290499
0.00341764
0.0037594
0.00222146
0.00546822
0.00136705
0.0056391
0.00102529
0.010082
0.00512645
0.000170882
0.00478469
0.00580998
0.00341764
0
0.015892
0.00290499
0.00734792
0.00683527
0.00683527
0.00666439
0.00768968
0.01162
0.0109364
0.0121326
0.00871497
0.00495557
0.00649351
0.0199932
0.0155502
0.0446001
0.0174299
0.0579289
0.00717703
0.0218729
0
0.0281955