0
0.00670732
0.020122
0.0146341
0.00853659
0.00670732
0.00304878
0.00609756
0.00426829
0.00609756
0.00121951
0.00243902
0.00182927
0.00182927
0.00243902
0.00121951
0.00121951
0.00182927
0.000609756
0.00121951
0.00121951
0.00121951
0.000609756
0
0
0
0.000609756
0
0.000609756
0
0.000609756
0
0
0
0
0.000609756
0
0.000609756
0
0
0
0
0
0.00121951
0
0
0
0
0
0
0
0
0
0
0
0
0
0
0
0
0
0
0
0
0.00121951
0
0
0
0
0
0
0.000609756
0
0
0
0
0
0
0
0
0
0
0
0
0
0.000609756
0
0
0
0
0
0
0
0
0
0
0
0
0
0
0
0
0.000609756
0
0
0
0.000609756
0
0
0
0
0
0
0.000609756
0
0
0
0
0
0
0
0
0
0
0
0
0
0
0.00304878
0
0
0
0
0
0
0
0.00182927
0.000609756
0.000609756
0.000609756
0.000609756
0.000609756
0.00304878
0.00121951
0.00182927
0.00182927
0.00182927
0.00182927
0.000609756
0.00853659
0.00670732
0.0152439
0.0158537
0.0323171
0.022561
0.0256098
0.0140244
0.0109756
0.0097561
0.0134146
0.00731707
0.00426829
0.00914634
0.00243902
0.00182927
0.00487805
0.00243902
0.00304878
0.00121951
0.000609756
0.0689024
0
0.00182927
0.00304878
0.00182927
0.000609756
0.00121951
0.00914634
0
0.0152439
0.000609756
0.0237805
0.00426829
0.00304878
0.0243902
0.00121951
0.00121951
0.00914634
0.00365854
0.00365854
0.00243902
0.0170732
0.000609756
0.00304878
0.00243902
0.000609756
0.00609756
0.000609756
0.00792683
0.00121951
0.00365854
0.00121951
0.00426829
0.000609756
0.00121951
0.00243902
0.000609756
0.00243902
0
0.000609756
0.00121951
0
0
0.0207317
0
0.000609756
0.000609756
0.00182927
0.00243902
0.00182927
0.00609756
0.00487805
0.000609756
0.00426829
0.00182927
0.00243902
0.00182927
0.00243902
0.00426829
0.00182927
0.00365854
0.00670732
0.00304878
0.00365854
0.0115854
0.00426829
0.00670732
0.00426829
0.00853659
0.00609756
0.0121951
0.00609756
0.0146341
0.00670732
0.0121951
0.0109756
0.0146341
0.0146341
0.0176829
0.0152439
0.0189024
0.0140244
0.0128049
0.0310976
0.0469512
0.0609756