0
0
0.00255102
0.00510204
0.00340136
0.0042517
0.00255102
0.00212585
0.00255102
0.00127551
0
0.00212585
0.00085034
0
0.00127551
0.00085034
0
0
0.00042517
0.00042517
0
0.00170068
0
0
0
0
0
0
0
0
0
0
0
0
0
0
0.00042517
0
0
0
0
0
0
0.00042517
0
0
0
0
0
0
0
0
0
0
0
0
0
0
0
0
0
0
0
0
0
0
0
0
0
0
0
0
0
0
0
0
0
0
0
0
0
0
0
0
0
0.00042517
0
0
0
0
0
0
0
0
0
0
0
0
0
0
0
0
0
0
0
0
0.00042517
0
0
0
0
0
0
0
0
0
0
0
0
0
0
0
0
0
0
0
0
0
0
0
0
0
0
0
0
0
0.00085034
0
0.00085034
0.00042517
0.00042517
0
0.00042517
0.00212585
0.00042517
0.00297619
0.00340136
0.00297619
0.00255102
0.0233844
0.0289116
0.0408163
0.0403912
0.0629252
0.039966
0.0310374
0.0382653
0.0276361
0.022534
0.0233844
0.00637755
0.0102041
0.0178571
0.0119048
0.00935374
0.0042517
0.0042517
0.00510204
0.00127551
0
0.0480442
0
0.00042517
0.00340136
0.00467687
0.00297619
0.00212585
0.0042517
0
0.00595238
0.00170068
0.00807823
0.00340136
0.00212585
0.00807823
0.00340136
0.00170068
0.0042517
0.00340136
0.00255102
0.00042517
0.0102041
0
0.00170068
0.00212585
0.00085034
0.00297619
0.00212585
0.00212585
0
0.00170068
0.00127551
0.00340136
0
0.00212585
0.00340136
0.00297619
0
0.00212585
0.00170068
0
0
0
0.0195578
0
0
0.00042517
0.00255102
0.00085034
0.00127551
0.00340136
0.00170068
0.00297619
0.00382653
0.00170068
0.00212585
0.00170068
0.0042517
0.00552721
0.00170068
0.00510204
0.00255102
0.00212585
0
0.00765306
0.00382653
0.00340136
0.00680272
0.00467687
0.00637755
0.00255102
0.00765306
0.00680272
0.00765306
0.00680272
0.00340136
0.0123299
0.0212585
0.0297619
0.0327381
0.0153061
0.0454932
0.00510204
0.0178571
0
0.0369898