0
0
0
0
0.00163265
0.00163265
0.000408163
0.00163265
0
0.000408163
0
0.000816327
0
0
0
0
0
0
0
0
0
0
0
0
0
0
0
0
0
0
0
0
0
0
0
0
0
0
0
0
0
0
0
0
0
0
0
0
0
0
0
0
0
0
0
0
0
0
0
0
0
0
0
0
0
0
0
0
0
0
0
0
0
0
0
0
0
0
0
0
0
0
0
0
0
0
0
0
0
0
0
0
0
0
0
0
0
0
0
0
0
0
0
0
0
0
0
0
0
0
0
0
0
0
0
0
0
0
0
0
0
0
0
0
0
0
0
0
0
0
0
0
0
0
0
0
0
0
0
0
0
0
0
0
0.000408163
0.000816327
0
0.000816327
0
0.00693878
0
0.00244898
0.00367347
0.00653061
0.015102
0.000816327
0.0212245
0.00489796
0.0167347
0.02
0
0.0077551
0.0195918
0.0126531
0.0106122
0.00897959
0.00163265
0
0
0
0.121633
0
0
0
0.000408163
0.0044898
0.00285714
0.00285714
0
0.00489796
0
0.0126531
0.00530612
0
0.0620408
0
0.000816327
0.00367347
0.00367347
0
0
0.0808163
0
0
0.00122449
0
0.000816327
0.000408163
0.0163265
0
0.00367347
0
0.00489796
0
0.00244898
0.00326531
0.000816327
0
0.000408163
0
0
0
0
0.0608163
0
0
0
0
0
0.000816327
0.00204082
0.00244898
0.000408163
0.0102041
0
0.00285714
0
0.0216327
0.00408163
0
0.00938775
0.00938775
0
0
0.0485714
0
0.00938775
0.0146939
0.0191837
0.0106122
0.00122449
0.0302041
0.0171429
0.0118367
0.017551
0
0.0167347
0.0522449
0.0134694
0.0044898
0.0146939
0.0465306
0.00122449
0
0
0.037551