0
0
0
0.0010285
0.00117543
0.000440788
0.000293858
0.000440788
0.000293858
0
0
0
0.000146929
0.000293858
0.000587717
0
0
0
0.000146929
0.000146929
0
0.000146929
0
0.000146929
0
0
0
0
0
0
0.000146929
0
0
0
0
0.000146929
0.000146929
0
0
0
0
0
0
0.0010285
0
0
0
0
0.000146929
0.000146929
0.000146929
0
0
0.000146929
0
0
0
0.000146929
0.000146929
0
0
0
0
0
0.000146929
0
0
0
0
0
0
0.000146929
0
0
0
0
0
0
0
0
0
0
0
0
0
0.000146929
0
0
0
0
0
0
0
0
0
0
0.000146929
0
0
0.000293858
0
0
0
0
0
0
0
0
0
0
0
0
0
0.000146929
0
0
0
0.000146929
0
0
0.000146929
0
0
0
0
0
0
0
0.00293858
0
0
0
0
0
0
0.000146929
0.000293858
0.000146929
0.000734646
0
0.000734646
0.000587717
0.00117543
0.000734646
0.000293858
0.00191008
0.00176315
0.00205701
0.0024978
0.0157214
0.016603
0.0323244
0.0509844
0.105201
0.0916838
0.0624449
0.0467235
0.0245372
0.0202762
0.0205701
0.00470173
0.0080811
0.0121951
0.0120482
0.00734646
0.00675874
0.0060241
0.0035263
0.000440788
0.000146929
0.0478989
0
0.000293858
0.00161622
0.0024978
0.00205701
0.00176315
0.00191008
0.000734646
0.00337937
0.000734646
0.00484866
0.00191008
0.00235087
0.00499559
0.000881575
0.000734646
0.00191008
0.00161622
0.00191008
0.000146929
0.00719953
0
0.000734646
0.00132236
0.000293858
0.00117543
0.0024978
0.00308551
0.000293858
0.00132236
0.000587717
0.00220394
0.000734646
0.00117543
0.00176315
0.00132236
0.00191008
0.000587717
0.000587717
0
0
0
0.00793418
0
0
0
0.00264473
0.00117543
0.000440788
0.00146929
0.00323244
0.000881575
0.00220394
0.00146929
0.00161622
0
0.0045548
0.00176315
0.000293858
0.00484866
0.00191008
0.00191008
0
0.00764032
0.00205701
0.00235087
0.00617103
0.00323244
0.00484866
0.00528945
0.00764032
0.0060241
0.00749339
0.0208639
0.0119013
0.0132236
0.0461358
0.0382016
0.016603
0.0359976
0.00778725
0.0148398
0.00382016
0
0.0132236