0
0
0.00443787
0.010355
0.00443787
0.00591716
0.00443787
0.00147929
0.00295858
0.00147929
0.00147929
0.00443787
0.00443787
0
0
0.00147929
0.00295858
0.00147929
0
0.00147929
0
0
0
0
0
0.00147929
0
0.00147929
0.00147929
0
0.00147929
0
0
0
0
0.00147929
0
0
0
0
0
0
0
0
0
0
0
0
0
0
0
0
0
0
0
0
0
0
0
0
0
0
0
0
0
0
0
0
0
0
0
0
0
0
0
0
0
0
0
0
0
0
0
0
0
0
0
0
0
0
0
0
0
0
0
0
0
0
0
0
0
0
0
0
0
0
0
0
0
0
0
0
0
0
0
0
0
0
0
0
0
0
0
0
0
0
0
0
0.00147929
0
0
0
0
0
0
0
0
0
0
0
0
0
0.00147929
0
0
0.00443787
0
0
0
0.00887574
0.00591716
0.00591716
0.00443787
0
0.00147929
0.00591716
0.00739645
0.00443787
0.00295858
0.0118343
0.00147929
0.00591716
0.0177515
0.00443787
0.00147929
0.00295858
0
0
0
0
0.10355
0
0
0
0
0.00147929
0.00739645
0.00295858
0
0.0162722
0
0.045858
0.00295858
0.00147929
0.0488166
0
0.00147929
0.00887574
0.00443787
0
0
0.0428994
0
0
0.00295858
0.00147929
0.00295858
0.00147929
0.0325444
0
0.00443787
0
0.00443787
0.00295858
0.00887574
0.00147929
0
0.00147929
0.00739645
0
0
0
0
0.0340237
0
0
0.00295858
0.00443787
0.00443787
0.00295858
0
0.00591716
0.00147929
0.0133136
0
0.00887574
0
0.00295858
0.00887574
0
0.00295858
0.00295858
0
0
0.0310651
0
0.00591716
0.010355
0.00887574
0.010355
0.00887574
0.0221893
0.0162722
0.0147929
0.0221893
0.00295858
0.0221893
0.0177515
0.0162722
0.010355
0.0266272
0.0147929
0.0281065
0.0221893
0
0.0695266