0
0
0
0
0
0
0
0
0
0.00113379
0
0
0
0
0.00113379
0
0
0
0
0
0
0
0
0
0
0
0
0
0
0
0
0
0
0
0
0
0
0
0
0
0
0
0
0
0
0
0
0
0
0
0
0
0
0
0
0
0
0
0
0
0
0
0
0
0
0
0
0
0
0
0
0
0
0
0
0
0
0
0
0
0
0
0
0
0
0
0
0
0
0
0
0
0
0
0
0
0
0
0
0
0
0
0
0
0
0
0
0
0
0
0
0
0
0
0
0
0
0
0
0
0
0
0
0
0
0
0
0
0.000566893
0
0
0
0
0
0
0
0
0
0
0
0
0
0.000566893
0
0
0
0.000566893
0
0
0.00340136
0
0
0
0.00340136
0.00113379
0
0.0124717
0
0.00736961
0.0141723
0
0.000566893
0.0311791
0.026644
0.0141723
0.00453515
0.000566893
0
0
0
0.12415
0
0
0
0
0.00113379
0.00453515
0.00340136
0
0.00963719
0
0.0147392
0
0.000566893
0.0770975
0
0.000566893
0.00793651
0.00170068
0
0
0.105442
0
0
0.00170068
0
0.0085034
0
0.0328798
0
0
0
0.0198413
0
0.00566893
0
0
0
0
0
0
0
0
0.0895692
0
0
0
0
0
0
0.00340136
0.00793651
0
0.0136054
0
0
0
0.0272109
0
0
0.0306122
0.00170068
0
0
0.0663265
0
0
0.0198413
0.0351474
0.00453515
0
0.0595238
0
0.0328798
0.0187075
0
0.00113379
0.00907029
0.0221088
0.00340136
0.000566893
0
0
0
0
0.00963719