0
0
0.000692521
0.00692521
0.00623269
0.00484765
0.00484765
0.00761773
0.00415512
0.0110803
0.00761773
0.0124654
0.0166205
0.015928
0.0297784
0.0235457
0.0200831
0.0180055
0.0221607
0.0186981
0.0117729
0.0117729
0.00277008
0.00623269
0.00623269
0.00138504
0.00277008
0.00138504
0.00207756
0.00207756
0.00138504
0.00207756
0.00138504
0.00138504
0
0.000692521
0.000692521
0
0.00207756
0
0.000692521
0
0
0.00277008
0.000692521
0.000692521
0
0.00138504
0.000692521
0
0
0
0
0.00138504
0
0
0
0
0
0
0
0
0
0
0
0
0
0
0
0
0
0
0
0.000692521
0
0
0
0
0
0
0
0
0
0
0
0.00138504
0
0
0
0
0
0.000692521
0
0
0
0
0.000692521
0
0
0.00138504
0
0
0
0
0
0
0.000692521
0
0
0
0
0
0
0
0
0.000692521
0
0.000692521
0.000692521
0
0.000692521
0
0
0
0
0
0
0
0.00623269
0
0
0
0
0
0.000692521
0.000692521
0.00207756
0.00138504
0
0
0.00138504
0.000692521
0.0034626
0.00554017
0.00207756
0.00484765
0.00277008
0.00623269
0.00277008
0.0124654
0.0117729
0.0180055
0.0214681
0.0533241
0.0484765
0.0436288
0.0443213
0.0186981
0.0166205
0.0193906
0.0103878
0.00692521
0.00969529
0.0124654
0.00761773
0.00623269
0.0034626
0.00554017
0
0
0.0644044
0
0.00138504
0.00138504
0.0034626
0.00415512
0.00207756
0.00623269
0
0.00484765
0.000692521
0.00969529
0
0
0.00831025
0.000692521
0.000692521
0.00415512
0.00207756
0.00138504
0.00207756
0.00900277
0
0
0
0
0.000692521
0
0.00415512
0.000692521
0.00207756
0.000692521
0.00415512
0.000692521
0.00207756
0.00277008
0
0
0.000692521
0
0
0
0
0.0103878
0
0
0.000692521
0.000692521
0
0
0.00207756
0
0
0.00207756
0
0.0034626
0
0.000692521
0.00138504
0
0.000692521
0.000692521
0
0
0.00831025
0
0.00138504
0
0.00277008
0.00207756
0
0.000692521
0.00207756
0.00692521
0.00692521
0.000692521
0.0034626
0.0034626
0.00761773
0.0034626
0.00554017
0.0124654
0.00415512
0.00761773
0
0.034626