0
0
0.00106838
0.0014245
0
0.00213675
0
0.000712251
0.000712251
0.0014245
0.00106838
0.00249288
0.000712251
0
0.00213675
0.000356125
0.0014245
0.0014245
0.000356125
0.000356125
0
0.00178063
0
0
0.000712251
0
0.000712251
0
0.00106838
0.000356125
0.000712251
0.000356125
0.000356125
0
0.000712251
0.000356125
0
0
0
0
0
0
0
0.00569801
0
0
0.000712251
0
0.000356125
0
0
0
0
0.000356125
0
0.000712251
0
0.0014245
0
0
0
0
0.000356125
0
0.00213675
0
0
0
0
0
0
0.000712251
0
0
0
0.000356125
0
0.000356125
0
0
0
0
0
0
0
0.00213675
0
0
0
0.000356125
0
0
0
0
0
0
0
0
0
0.000712251
0
0
0.000356125
0
0.000356125
0
0.000712251
0
0.000356125
0
0
0.000356125
0.000356125
0.000356125
0
0.000356125
0.000356125
0.000356125
0.000712251
0
0.000356125
0
0.000356125
0.000356125
0.000356125
0.00106838
0.000356125
0.000356125
0.0163818
0.000712251
0.000356125
0.00178063
0.000712251
0.00106838
0.000712251
0.000712251
0.00320513
0.00178063
0.00249288
0.000356125
0.000712251
0.00178063
0.00498575
0.00391738
0.000712251
0.00178063
0.00249288
0.00178063
0.00178063
0.0135328
0.00320513
0.00961538
0.00712251
0.0106838
0.0174501
0.0042735
0.0316952
0.011396
0.0192308
0.0402422
0.000712251
0.0174501
0.0181624
0.0156695
0.0163818
0.0192308
0.00356125
0.0014245
0.000356125
0.000356125
0.128561
0
0.000712251
0.000712251
0.00178063
0.00106838
0.002849
0.00676638
0.000712251
0.00890313
0.000356125
0.0128205
0.0014245
0.000356125
0.0167379
0.000356125
0.000712251
0.00783476
0.00106838
0
0
0.0327635
0
0
0.000712251
0.000356125
0.00391738
0.000356125
0.014245
0
0
0
0.00783476
0
0.000712251
0.000356125
0
0.000356125
0
0
0
0
0
0.0619658
0
0
0
0
0.000356125
0
0
0.0117521
0
0.0217236
0
0.000356125
0.000356125
0.019943
0
0
0.0448718
0.000712251
0
0
0.0551994
0.000356125
0
0.0014245
0.0416667
0.000356125
0
0.0345442
0
0.00534188
0.00925926
0.000356125
0
0.0121083
0.00783476
0.00462963
0.000712251
0.000356125
0.000356125
0.000356125
0
0.0466524