0
0
0.0106061
0.00454545
0.0040404
0.00353535
0.0020202
0.0010101
0
0.0010101
0
0.00151515
0.000505051
0
0.0010101
0
0.000505051
0
0
0
0
0
0
0
0
0
0
0
0
0
0
0
0
0
0
0
0
0
0
0
0
0
0
0
0
0
0
0
0
0
0
0
0
0
0
0
0
0
0
0
0
0
0
0
0
0
0
0
0
0
0
0
0
0
0
0
0
0
0
0
0
0
0
0
0
0
0
0
0
0
0
0
0
0
0
0
0
0
0
0
0
0
0
0
0
0
0
0
0
0
0
0
0
0
0
0
0
0
0
0
0
0
0
0
0
0
0
0
0
0
0
0
0
0
0
0
0
0
0
0
0
0
0.000505051
0.000505051
0
0.000505051
0.0010101
0.00151515
0
0.0106061
0.00505051
0.00757576
0.0151515
0.0272727
0.020202
0.0232323
0.029798
0.0151515
0.0106061
0.0207071
0.00454545
0.00707071
0.0111111
0.00808081
0.00505051
0.00505051
0.00151515
0.00505051
0
0
0.109091
0
0
0.0020202
0.0010101
0.00353535
0.00252525
0.00252525
0.00151515
0.00606061
0.00252525
0.0020202
0.00151515
0.0020202
0.0141414
0.000505051
0.000505051
0.0030303
0.0030303
0.00151515
0.00252525
0.0409091
0
0.0020202
0.000505051
0.00151515
0.00454545
0.00151515
0.00858586
0
0.00151515
0
0.0020202
0.00151515
0.0040404
0.0040404
0.00252525
0
0.0020202
0.0010101
0
0
0
0.0469697
0
0
0.00252525
0.00151515
0
0.00252525
0.00353535
0.00252525
0.00151515
0.00353535
0
0.0020202
0.0020202
0.00959596
0.00353535
0.0010101
0.00454545
0.0040404
0.00252525
0.00252525
0.0156566
0.0030303
0.00252525
0.0040404
0.00959596
0.00757576
0.00656566
0.0156566
0.0131313
0.0161616
0.0237374
0.00808081
0.0141414
0.0242424
0.0186869
0.0227273
0.0191919
0.0348485
0.0151515
0.0520202
0
0.069697