0
0
0.000674764
0.00168691
0.00269906
0.00168691
0.00236167
0.00269906
0.00168691
0.00269906
0.00219298
0.00303644
0.00320513
0.00253036
0.00253036
0.00134953
0.000674764
0.00151822
0.000506073
0.000337382
0.000337382
0.00101215
0
0.000337382
0.000506073
0.000168691
0.000843455
0.000337382
0.000843455
0
0.000337382
0.000168691
0.000168691
0.000168691
0.000506073
0
0.000168691
0.000506073
0.000168691
0
0
0
0
0.00236167
0
0
0
0
0.000506073
0
0.000168691
0
0
0.000168691
0
0
0
0
0
0
0
0
0
0
0
0
0
0
0
0
0
0.000168691
0
0
0.000168691
0
0
0
0
0
0
0
0
0
0
0.000506073
0
0
0
0
0
0
0
0
0.000168691
0
0
0
0
0
0
0
0
0.000168691
0
0.000168691
0
0
0
0
0
0
0
0.000506073
0
0
0
0.000168691
0.000168691
0.000337382
0
0
0
0
0
0
0
0
0.00253036
0
0
0.000168691
0.000168691
0.000168691
0.000168691
0.000506073
0.000506073
0.000337382
0.00101215
0.000674764
0.00101215
0.000843455
0.00151822
0.00151822
0.000674764
0.00303644
0.00303644
0.00219298
0.0037112
0.00607287
0.00607287
0.009278
0.0134953
0.0317139
0.0411606
0.0484143
0.0538124
0.0334008
0.0403171
0.0328947
0.0129892
0.011471
0.018556
0.0143387
0.009278
0.00792847
0.00843455
0.00489204
0.00168691
0.000506073
0.0379555
0
0.000674764
0.00253036
0.0055668
0.00506073
0.00269906
0.00286775
0.00151822
0.00843455
0.000843455
0.00573549
0.00269906
0.00219298
0.00455466
0.00168691
0.00269906
0.00404858
0.00269906
0.00303644
0.000337382
0.009278
0.000337382
0.00134953
0.00404858
0
0.00354251
0.00337382
0.00404858
0.000168691
0.00455466
0
0.00438596
0.000674764
0.00337382
0.00236167
0.00219298
0.00168691
0.00202429
0
0
0
0
0.0138327
0.000168691
0
0
0.00219298
0.00168691
0.00236167
0.0018556
0.00219298
0.00286775
0.00438596
0.000674764
0.00539811
0.000168691
0.00590418
0.00489204
0
0.0074224
0.00269906
0.00303644
0
0.011471
0.00236167
0.00657895
0.0074224
0.00573549
0.0109649
0.0178812
0.0195682
0.0202429
0.0293522
0.0334008
0.0107962
0.0165317
0.039305
0.0150135
0.0128205
0.00877193
0.00826586
0.00708502
0.000674764
0
0.0318826