0
0.0026455
0.0026455
0.0026455
0
0.010582
0.00529101
0
0.0026455
0
0
0.00793651
0.0026455
0.00529101
0.0026455
0.0026455
0.0026455
0
0
0
0
0
0
0
0
0
0
0
0
0
0
0
0
0
0
0
0
0
0
0
0
0
0
0
0
0
0
0
0
0
0
0
0
0
0
0
0
0
0
0
0
0
0
0
0.0026455
0
0
0
0
0
0
0
0
0
0
0
0
0
0
0
0
0
0
0
0
0.0026455
0
0
0
0
0
0
0
0
0
0
0
0
0
0
0
0
0
0
0
0
0
0
0
0
0
0
0
0
0
0
0
0
0
0
0
0
0
0
0
0
0
0
0
0
0
0
0
0
0
0
0
0
0.0026455
0
0
0
0.00529101
0
0
0
0.0026455
0
0
0.0026455
0
0.0026455
0
0.00529101
0
0.0026455
0.00793651
0.010582
0.010582
0.015873
0.00529101
0.00793651
0.021164
0.0132275
0.00529101
0.00529101
0.0026455
0.00529101
0.010582
0
0.119048
0
0
0.0026455
0
0.00529101
0.00529101
0.010582
0.00793651
0.0185185
0.010582
0.021164
0.00529101
0.0026455
0.0291005
0
0
0.015873
0.0132275
0.00793651
0
0.0529101
0
0
0.0026455
0.0026455
0.0026455
0.010582
0.0291005
0
0.00529101
0.00529101
0
0.0026455
0.0026455
0.00529101
0.00529101
0.0026455
0
0.00529101
0
0
0
0.047619
0
0
0.00529101
0.010582
0.00793651
0.0026455
0.010582
0.0132275
0.00529101
0.00793651
0.00529101
0
0.0026455
0.0026455
0.0026455
0.00529101
0.00793651
0.015873
0.00529101
0.0026455
0.031746
0.0026455
0.0026455
0.010582
0.0132275
0.00529101
0.0026455
0.0132275
0.010582
0.0132275
0.0132275
0.00793651
0.0026455
0.00529101
0.0132275
0.00793651
0.010582
0.00793651
0
0.0132275
0
0.0396825