0
0
0
0
0
0
0
0
0
0.00073046
0
0
0
0
0.00146092
0
0
0
0
0
0
0.00073046
0
0
0
0
0
0
0
0
0
0
0
0
0
0
0
0
0
0
0
0
0
0.00073046
0
0
0
0
0
0
0
0
0
0
0
0
0
0
0
0
0
0
0
0
0
0
0
0
0
0
0
0
0
0
0
0
0
0
0
0
0
0
0
0
0
0
0
0
0
0
0
0
0
0
0
0
0
0
0
0
0
0
0
0
0
0
0
0
0
0
0
0
0
0
0
0
0
0
0
0
0
0
0
0
0
0
0
0
0.00146092
0
0
0
0
0
0
0
0
0
0
0
0
0
0
0
0
0
0
0
0
0.00584368
0
0.00073046
0
0.00146092
0.00073046
0
0.00803506
0.00073046
0.0036523
0.0073046
0
0
0.017531
0.0226443
0.0109569
0.00219138
0
0
0
0
0.125639
0
0
0
0
0
0.00146092
0.00511322
0
0.0116874
0
0.0197224
0.00146092
0
0.0715851
0
0.00146092
0.00949598
0.0036523
0
0
0.120526
0
0
0
0
0.00803506
0
0.0328707
0
0
0
0.0226443
0
0.00511322
0
0
0
0
0
0
0
0
0.122717
0
0
0
0
0
0
0.00073046
0.0102264
0
0.018992
0
0
0
0.0248356
0
0
0.027027
0
0
0
0.0518627
0
0
0.0197224
0.0328707
0.0036523
0
0.0547845
0
0.0350621
0.0138787
0
0
0.0131483
0.0182615
0.0073046
0
0
0
0
0
0.017531