0
0
0
0
0
0
0
0
0
0.00118343
0
0.000710059
0
0
0.000946746
0
0
0
0
0
0
0.000473373
0
0
0
0
0
0
0
0
0
0
0
0
0
0
0
0
0
0
0
0
0
0
0
0
0
0
0
0
0
0
0
0
0
0
0
0
0
0
0
0
0
0
0
0
0
0
0
0
0
0
0
0
0
0
0
0
0
0
0
0
0
0
0
0
0
0
0
0
0
0
0
0
0
0
0
0
0
0
0
0
0
0
0
0
0
0
0
0
0
0
0
0
0
0
0
0
0
0
0
0
0
0
0
0
0
0
0
0
0
0
0
0
0
0
0
0
0
0
0
0
0
0
0
0
0
0
0
0.0016568
0
0
0.00142012
0.00118343
0.000236686
0
0.0115976
0
0.0052071
0.00733728
0
0.000236686
0.0257988
0.027929
0.00497041
0.000710059
0.000236686
0
0
0
0.160237
0
0
0
0
0.00142012
0.00142012
0.00591716
0
0.0118343
0
0.023432
0.00189349
0.000236686
0.0795266
0
0.00118343
0.00686391
0.00189349
0.000473373
0
0.130651
0
0
0.000946746
0
0.00449704
0.000236686
0.024142
0
0
0
0.0108876
0
0.00307692
0
0
0
0
0
0
0
0
0.075503
0
0
0
0
0
0
0.000946746
0.00568047
0
0.0125444
0
0
0
0.0182249
0
0
0.0146746
0.0016568
0
0
0.0643787
0
0
0.0186982
0.0248521
0.00213018
0
0.0885207
0
0.0452071
0.0111243
0
0
0.0104142
0.020355
0.00852071
0
0
0
0
0
0.0139645