0
0
0.0106686
0.00782361
0.00640114
0.0056899
0.00355619
0.00355619
0.00355619
0.00426743
0.00142248
0.00426743
0.00142248
0.00142248
0.000711238
0.00142248
0
0
0
0.000711238
0.000711238
0.000711238
0
0
0
0
0
0
0
0
0
0
0
0
0
0
0
0
0
0
0
0
0
0
0
0
0
0
0
0
0
0
0
0
0
0
0
0
0
0
0
0
0
0
0
0
0
0
0
0
0
0
0
0
0
0
0
0
0
0
0
0
0
0
0
0
0
0
0
0
0
0
0
0
0
0
0
0
0
0
0
0
0
0
0
0
0
0
0
0
0
0
0
0
0
0
0
0
0
0
0.000711238
0
0
0
0
0
0
0
0.00142248
0
0
0
0
0
0
0
0.00213371
0
0
0
0
0
0.000711238
0.000711238
0
0.000711238
0.00142248
0.00213371
0.000711238
0.00711238
0.00924609
0.00853485
0.012091
0.0227596
0.0192034
0.014936
0.029872
0.014936
0.0199147
0.0170697
0.0056899
0.00782361
0.0206259
0.0106686
0.00853485
0.012091
0.0056899
0.00426743
0.00142248
0
0.0945946
0
0.000711238
0.00213371
0.00355619
0.0056899
0.00284495
0.00355619
0.00142248
0.00711238
0.00213371
0.012091
0.00142248
0.00142248
0.0163585
0.00355619
0.00426743
0.00284495
0.00284495
0.00213371
0.000711238
0.0348506
0
0.00213371
0.00213371
0
0.00426743
0.00497866
0.00782361
0.00213371
0.00355619
0
0.00426743
0
0.00284495
0.00284495
0.00284495
0.00213371
0.000711238
0.00142248
0.00142248
0
0
0.0426743
0
0.00142248
0.00142248
0.000711238
0.00213371
0.00213371
0.00426743
0.000711238
0.00142248
0.00497866
0.00213371
0.00284495
0.00355619
0.00711238
0.00355619
0.000711238
0.00426743
0.00355619
0.00142248
0.00142248
0.0128023
0.00497866
0.00497866
0.00640114
0.00853485
0.00853485
0.00711238
0.0156472
0.012091
0.014936
0.0177809
0.00995733
0.00853485
0.0199147
0.0135135
0.0213371
0.0170697
0.0277383
0.014936
0.0355619
0.000711238
0.0512091