0
0
0
0
0
0
0
0
0
0
0.00197628
0
0
0
0
0
0
0
0
0
0
0
0
0
0
0
0
0
0
0
0
0
0
0.00197628
0
0
0
0
0
0
0
0
0
0.00197628
0
0
0
0
0
0
0
0
0
0
0
0
0
0
0
0
0
0
0
0
0
0
0
0
0
0
0
0
0
0
0
0
0
0
0
0
0
0
0
0
0
0
0
0
0
0
0
0
0
0
0
0
0
0
0
0
0
0
0
0
0
0
0
0
0
0
0
0
0
0
0
0
0
0
0
0
0
0
0
0
0
0
0
0
0
0
0
0
0
0
0
0
0
0
0
0
0
0
0
0
0
0
0
0.00197628
0
0
0.00197628
0.00197628
0
0.00988142
0.00988142
0.0118577
0.00395257
0.00592885
0.027668
0.0335968
0.013834
0.0118577
0.0256917
0.0612648
0.055336
0.0335968
0.0118577
0
0.00395257
0
0.286561
0
0
0.00395257
0.00395257
0.00988142
0.013834
0.0158103
0.00395257
0.0177866
0.00197628
0.0197628
0.00988142
0.00197628
0.00790514
0.00197628
0.00592885
0.00790514
0.00395257
0.0118577
0.00197628
0.0197628
0
0.00395257
0.013834
0.00197628
0.00790514
0.00790514
0.00790514
0
0.00592885
0
0.013834
0.00197628
0
0.00395257
0
0.00197628
0.00197628
0.00592885
0
0
0
0.013834
0
0
0.00197628
0.00592885
0.00395257
0.00592885
0.00395257
0.0177866
0.00197628
0
0.00197628
0.00988142
0
0.00592885
0.00197628
0
0.0118577
0.00395257
0.00197628
0
0.00790514
0.00197628
0.00592885
0.00395257
0.00790514
0
0
0.00197628
0
0.00592885
0.00197628
0
0
0
0
0
0.00197628
0
0
0
0
0.00592885