0
0
0
0
0
0
0
0
0
0
0
0
0
0
0
0
0
0
0
0
0
0
0
0
0
0
0
0
0
0
0
0
0
0
0
0
0
0
0
0
0
0
0
0
0
0
0
0
0
0
0
0
0
0
0
0
0
0
0
0
0
0
0
0
0
0
0
0
0
0
0
0
0
0
0
0
0
0
0
0
0
0
0
0
0
0
0
0
0
0
0
0
0
0
0
0
0
0
0
0
0
0
0
0
0
0
0
0
0
0
0
0
0
0
0
0
0
0
0
0
0
0
0
0
0
0
0
0
0
0
0
0
0
0
0
0
0
0
0
0
0
0
0
0
0
0
0
0
0
0.000575043
0
0.00115009
0.0040253
0.0161012
0.0201265
0.0299022
0.0258769
0.027027
0.0235768
0.0201265
0.00920069
0.0143761
0.039678
0.0103508
0.0103508
0.0224267
0.0241518
0.00517539
0.00632547
0
0.0730305
0.000575043
0.00747556
0.00632547
0.0103508
0.0235768
0.013226
0.00862565
0.00920069
0.0241518
0.00690052
0.0201265
0.0120759
0.0189764
0.0126509
0.00747556
0.00977573
0.00575043
0.0115009
0.0155262
0.00977573
0.0172513
0.000575043
0.00632547
0.00977573
0.00460035
0.0080506
0.0120759
0.00920069
0.00632547
0.0109258
0.00460035
0.00517539
0.0109258
0.00862565
0.00747556
0.00632547
0.0040253
0.0143761
0.0126509
0.00172513
0
0
0.027027
0
0.000575043
0.0126509
0.00690052
0.00287522
0.00575043
0.0115009
0.00345026
0.00747556
0.00747556
0.00287522
0.00575043
0.00517539
0.00517539
0.00575043
0.0040253
0.00920069
0.00920069
0.00345026
0.0040253
0.0103508
0.00632547
0.00517539
0.00632547
0.013801
0.00287522
0.00920069
0.00575043
0.0040253
0.00517539
0.00230017
0.00345026
0.00287522
0.00172513
0.00172513
0
0
0
0
0
0
0