0
0.0372149
0.0204082
0.0164066
0.0192077
0.010004
0.0116046
0.00640256
0.0040016
0.0152061
0.00120048
0.00920368
0.00840336
0.00120048
0.00640256
0.00160064
0.00240096
0.00160064
0.00080032
0.00080032
0.00040016
0.0020008
0
0.00080032
0.00120048
0.00040016
0.00080032
0.00040016
0.00080032
0
0.00040016
0
0
0
0.00040016
0
0
0
0
0
0
0
0
0.00120048
0
0
0
0
0
0
0
0
0
0
0
0
0
0
0
0
0
0.00040016
0
0
0.00040016
0
0
0
0
0
0
0
0
0
0
0
0
0.00040016
0
0
0
0
0
0
0
0
0
0
0
0
0
0
0
0
0
0
0
0
0
0
0
0
0
0
0
0
0
0
0
0
0
0.00040016
0
0.00040016
0
0
0
0
0
0
0
0
0
0
0
0
0
0
0.0020008
0
0
0
0
0.00080032
0
0
0
0
0
0.00040016
0
0
0.00040016
0
0.00040016
0
0.00040016
0.00080032
0.00040016
0.00120048
0.00040016
0.00240096
0.00240096
0.00640256
0.0080032
0.0080032
0.0116046
0.0120048
0.0164066
0.012405
0.00680272
0.00760304
0.00720288
0.00480192
0.00480192
0.00440176
0.00280112
0.00240096
0.00320128
0
0.0148059
0
0.00040016
0.00160064
0.00280112
0.00240096
0.00080032
0.00080032
0.00120048
0.00080032
0.00040016
0.0040016
0.00120048
0.00160064
0.0020008
0.0020008
0.00120048
0.00160064
0.00160064
0.00160064
0.0020008
0.00320128
0
0.00040016
0.00280112
0
0.00120048
0.00080032
0.00360144
0.00040016
0.00160064
0.00040016
0.00360144
0.00160064
0.00120048
0.00120048
0
0
0.00040016
0.00280112
0.00080032
0
0
0.012405
0
0.00120048
0.00120048
0.0020008
0.00080032
0.0020008
0.00240096
0.00480192
0.00120048
0.00440176
0.00280112
0.00320128
0.00120048
0.00520208
0.00280112
0.00120048
0.00760304
0.00280112
0.00280112
0.00080032
0.0128051
0.00080032
0.00360144
0.00560224
0.00920368
0.00560224
0.0040016
0.0172069
0.00880352
0.00880352
0.0164066
0.00680272
0.00720288
0.0196078
0.0252101
0.0208083
0.0372149
0.0348139
0.0452181
0.0508203
0.0660264
0.144058