0
0.0731945
0.0208198
0.0344828
0.0266753
0.0247235
0.0224463
0.0159401
0.0113858
0.0224463
0.0071568
0.0217957
0.0126871
0.0123617
0.0266753
0.00813273
0.00878334
0.0143136
0.00975927
0.0071568
0.00260247
0.0377358
0
0.00162655
0.0143136
0.00130124
0.0149642
0.00422902
0.0188679
0.000325309
0.00325309
0.000975927
0.0110605
0.000975927
0.0110605
0.00422902
0.00195185
0.000975927
0
0.000650618
0.000325309
0.000325309
0
0.0611581
0
0
0.000325309
0
0
0
0
0.000650618
0.000975927
0.00683149
0
0.000325309
0
0.00975927
0
0
0.000975927
0
0
0
0.0071568
0
0
0
0
0
0
0.00585556
0
0.000325309
0.00195185
0
0
0
0
0
0
0
0
0
0
0.0126871
0
0
0
0
0
0.000325309
0
0
0.00130124
0
0.00260247
0
0
0.0035784
0.000325309
0.000325309
0.000975927
0
0
0
0.00292778
0
0
0.000325309
0.000325309
0.000325309
0
0.00227716
0
0.000975927
0.000325309
0.00162655
0.000650618
0.000650618
0.00130124
0.000650618
0.000650618
0.000325309
0
0.000325309
0
0
0.0152895
0
0
0
0
0.000650618
0.000650618
0.000650618
0.000975927
0.000325309
0.000975927
0
0.000325309
0
0.00130124
0
0
0.000325309
0.000650618
0
0
0.00455433
0.000325309
0.000325309
0
0.000975927
0.000325309
0.000325309
0.00130124
0.000325309
0
0.00195185
0
0
0.000975927
0.000975927
0.000325309
0.000325309
0.000325309
0.000325309
0
0
0.0143136
0
0
0.000325309
0.000325309
0.000325309
0.000325309
0.000650618
0
0.00162655
0.000325309
0.00260247
0
0.000325309
0.00195185
0
0.000325309
0.000325309
0.000650618
0
0
0.00390371
0
0
0.000975927
0
0
0
0.00195185
0
0
0
0.00130124
0
0.000325309
0
0
0
0
0
0
0
0
0.00975927
0
0
0.000325309
0
0
0.000325309
0
0.000325309
0
0.000325309
0.000325309
0.000650618
0
0.00292778
0
0
0.00130124
0.000325309
0
0
0.00943396
0
0
0.00227716
0.00325309
0.000975927
0
0.00553025
0.00227716
0.00162655
0.00390371
0.000650618
0.00195185
0.00683149
0.00520494
0.00455433
0.00585556
0.00683149
0.00520494
0.0156148
0.00943396
0.178595