0
0.0376492
0.0266299
0.0385675
0.0220386
0.030303
0.0275482
0.0183655
0.0146924
0.0266299
0.00826446
0.0183655
0.0119376
0.0156107
0.0183655
0.0110193
0.00918274
0.0110193
0.00642792
0.00826446
0.00550964
0.0238751
0.00183655
0.00459137
0.0165289
0.000918274
0.00826446
0.00550964
0.0156107
0.00367309
0.0146924
0.00275482
0.0119376
0.00459137
0.00459137
0.00550964
0.00550964
0.00275482
0.000918274
0.000918274
0
0
0
0.0156107
0
0
0
0
0
0
0
0
0.000918274
0.000918274
0
0.000918274
0
0.00275482
0.000918274
0
0.000918274
0
0
0
0.00367309
0
0
0.000918274
0.000918274
0
0
0.000918274
0
0
0.000918274
0
0
0.00183655
0
0.000918274
0.000918274
0
0
0
0
0.00550964
0
0
0
0
0.000918274
0
0.000918274
0
0.00183655
0
0.000918274
0
0
0
0
0
0.000918274
0.000918274
0.000918274
0
0.00918274
0
0
0
0
0.000918274
0.000918274
0.00183655
0
0.00183655
0
0.00275482
0
0.00183655
0.000918274
0.000918274
0.00183655
0
0.00183655
0
0
0
0.0348944
0
0
0.000918274
0
0.00459137
0.00183655
0.00826446
0.00550964
0.00367309
0.0110193
0.00183655
0.00734619
0.00275482
0.00826446
0.010101
0.00367309
0.0119376
0.00734619
0.00642792
0.000918274
0.0119376
0.00459137
0.00367309
0.00183655
0.00367309
0.00550964
0.000918274
0.00918274
0.00275482
0.000918274
0.00183655
0
0.000918274
0.00367309
0.00275482
0
0.00183655
0.000918274
0.000918274
0
0
0.0174472
0
0
0
0.000918274
0.00183655
0
0.00183655
0
0.00275482
0
0.000918274
0
0
0.00275482
0
0.000918274
0.00275482
0.000918274
0
0
0.000918274
0
0
0
0
0.000918274
0
0.000918274
0
0.00183655
0
0.000918274
0
0.00183655
0
0.000918274
0.000918274
0.000918274
0
0
0
0
0.00459137
0
0
0.00183655
0.000918274
0
0
0.000918274
0.000918274
0
0.000918274
0
0.000918274
0.000918274
0.00183655
0
0
0.00275482
0.00275482
0
0
0.00459137
0.000918274
0.000918274
0.000918274
0.00183655
0.000918274
0.000918274
0.00459137
0
0.000918274
0.00275482
0.00459137
0.00183655
0.00183655
0.00459137
0.00367309
0.00459137
0.00918274
0.010101
0.0119376
0.0183655
0.0853994