0
0.0012012
0.0024024
0.0012012
0.0018018
0.0012012
0
0
0
0.000600601
0
0.0024024
0
0.0012012
0.0018018
0.000600601
0
0
0
0
0
0.0024024
0
0
0.000600601
0
0
0
0.000600601
0
0.000600601
0
0.000600601
0
0
0
0
0
0
0
0
0
0
0.0024024
0
0
0
0
0
0
0
0
0
0
0
0
0
0
0
0
0
0
0
0
0
0
0
0
0
0
0
0
0
0
0
0
0
0
0
0
0
0
0
0
0
0.000600601
0
0
0
0
0
0
0
0
0
0
0
0
0
0
0
0
0
0
0
0
0
0
0
0
0
0
0
0
0
0
0
0
0
0
0
0
0
0
0
0
0
0
0.0036036
0
0
0
0
0
0
0
0
0
0
0
0
0
0.0018018
0
0
0.000600601
0.000600601
0
0
0.00660661
0.0024024
0.003003
0.0036036
0.0042042
0.0138138
0.0114114
0.018018
0.00660661
0.0102102
0.0108108
0.0042042
0.0048048
0.012012
0.00660661
0.00540541
0.0018018
0.0042042
0.0036036
0.0048048
0
0.0510511
0
0.003003
0.0012012
0.0036036
0.0018018
0.003003
0.0012012
0.000600601
0.0042042
0.0012012
0.00960961
0.0042042
0.0048048
0.0108108
0.0024024
0.0042042
0.00540541
0.0018018
0.0036036
0.0042042
0.0192192
0.0012012
0.00540541
0.00540541
0.0012012
0.0036036
0.0024024
0.00900901
0.000600601
0.0036036
0.0018018
0.0042042
0.0042042
0.0018018
0.00540541
0.0012012
0.0018018
0.000600601
0.00660661
0.0024024
0
0
0.0294294
0
0.0024024
0.00840841
0.0042042
0.0024024
0.003003
0.00720721
0.00660661
0.0042042
0.0126126
0.0036036
0.00720721
0.0042042
0.0168168
0.00540541
0.0042042
0.00780781
0.00720721
0.00540541
0.00660661
0.0264264
0.003003
0.00900901
0.00840841
0.015015
0.00900901
0.00780781
0.0252252
0.0186186
0.0156156
0.021021
0.0108108
0.0198198
0.03003
0.0288288
0.0354354
0.0372372
0.0378378
0.0246246
0.0312312
0.00900901
0.0564565