0
0.0381773
0.0381773
0.0578818
0.046798
0.0344828
0.0394089
0.0295567
0.0160099
0.0332512
0.0135468
0.0418719
0.0147783
0.00615764
0.0258621
0.00123153
0.0147783
0.0320197
0.0184729
0.00738916
0.00369458
0.0394089
0.00369458
0.00369458
0.00615764
0.00123153
0.0160099
0.00369458
0.0135468
0.00246305
0.00246305
0.00123153
0.00738916
0.00369458
0.00123153
0.00492611
0
0.00123153
0.00123153
0
0
0
0
0.0197044
0
0
0
0.00123153
0.00123153
0.00123153
0.00123153
0.00246305
0
0.00492611
0
0.00123153
0
0.00738916
0
0
0.00246305
0
0
0
0.00985222
0
0
0
0
0
0.00123153
0.00615764
0
0
0.00123153
0
0
0.00123153
0
0
0
0
0
0
0
0.0135468
0
0
0
0
0
0
0.00123153
0
0.00123153
0
0.00369458
0
0
0.00492611
0
0.00123153
0
0
0
0
0.00615764
0
0
0
0
0.00123153
0
0.00369458
0
0
0
0.00123153
0
0.00123153
0
0.00123153
0
0
0.00123153
0
0
0
0.0110837
0
0
0
0
0.00123153
0
0.00123153
0
0.00246305
0.00123153
0
0.00123153
0
0.00492611
0.00123153
0
0
0
0.00123153
0
0.00369458
0
0
0.00123153
0
0
0
0.00123153
0
0.00123153
0
0
0
0
0.00123153
0
0
0
0
0
0
0.00369458
0
0
0
0
0
0
0.00123153
0
0
0
0
0
0
0
0
0
0
0
0
0
0.00246305
0
0
0
0
0
0
0.00246305
0
0
0
0
0
0
0.00123153
0
0
0
0
0
0
0
0.00862069
0
0.00123153
0
0.00123153
0.00246305
0
0
0
0
0.00123153
0
0.00123153
0
0.00123153
0.00123153
0
0.00246305
0.00369458
0
0.00123153
0.00246305
0.00492611
0.00123153
0
0.00246305
0
0.00123153
0.00492611
0.00369458
0.00246305
0.00492611
0.00246305
0.00738916
0.00615764
0.00492611
0.00123153
0.0110837
0.00615764
0.00862069
0.0184729
0.00738916
0.0948276