0
0.0210526
0.0368421
0.0618421
0.0631579
0.0559211
0.0315789
0.0282895
0.0184211
0.0381579
0.0105263
0.0217105
0.0243421
0.0138158
0.0276316
0.00921053
0.0105263
0.0203947
0.00592105
0.00328947
0.00197368
0.0407895
0.000657895
0.00131579
0.00197368
0.000657895
0.0105263
0.00197368
0.0131579
0
0.00394737
0
0.0105263
0.000657895
0.00592105
0.00263158
0
0.000657895
0
0.000657895
0
0
0
0.0546053
0
0
0
0
0
0
0.000657895
0.00263158
0
0.000657895
0
0
0
0.00526316
0
0
0
0
0
0
0.0125
0
0
0
0
0
0
0.00592105
0
0
0.00131579
0
0
0.000657895
0
0
0
0
0
0
0
0.0177632
0
0
0
0
0
0
0
0
0
0
0.000657895
0
0
0.00592105
0
0
0.00131579
0
0
0
0.0105263
0
0
0
0
0.00131579
0
0.00592105
0
0
0
0.00263158
0
0
0
0
0
0
0
0
0
0
0.025
0
0
0
0
0
0.000657895
0.00197368
0.000657895
0
0.00197368
0
0
0
0.00197368
0
0
0.00197368
0
0
0
0.00526316
0
0
0
0
0
0
0.00263158
0
0
0.000657895
0
0
0.00131579
0
0
0
0
0
0
0
0.0177632
0
0
0
0
0
0.000657895
0
0
0.000657895
0
0
0
0
0.000657895
0
0
0
0
0
0
0.00197368
0
0
0
0
0
0
0.000657895
0
0
0
0
0
0
0
0
0
0
0
0
0
0
0.00592105
0
0
0
0
0.000657895
0
0
0.000657895
0
0.000657895
0
0
0
0.00131579
0
0
0.00197368
0.00197368
0.000657895
0.000657895
0.00394737
0
0.00131579
0.00197368
0
0.00197368
0
0.00592105
0.000657895
0.00328947
0.00263158
0.00131579
0.00394737
0.00394737
0.00197368
0.00328947
0.00657895
0.00657895
0.00197368
0.00657895
0.00592105
0.124342