0
0.0137363
0.0343407
0.0604396
0.0549451
0.0631868
0.0412088
0.0467033
0.0206044
0.0467033
0.0192308
0.0384615
0.0178571
0.0178571
0.0398352
0.00824176
0.0164835
0.021978
0.00961538
0.0123626
0.00412088
0.0618132
0
0.00412088
0.00961538
0
0.00412088
0.00274725
0.0260989
0
0.00137363
0
0.00824176
0
0
0
0
0
0
0
0
0
0
0.0590659
0
0
0
0
0
0
0
0
0
0
0
0
0
0.00824176
0
0
0
0
0
0
0.00961538
0
0
0
0
0
0
0.00137363
0
0
0
0
0
0
0
0
0
0
0
0
0
0.00961538
0
0
0
0
0
0
0
0
0
0
0.00137363
0
0
0.00137363
0
0
0
0
0
0
0.00274725
0
0
0
0
0
0
0
0
0
0
0
0
0
0.00137363
0
0
0.00137363
0
0
0
0
0.0123626
0
0
0.00137363
0
0
0
0
0
0.00137363
0
0
0
0
0.00274725
0
0
0
0
0
0
0.00274725
0
0
0.00137363
0
0
0
0
0
0
0
0
0
0
0
0
0
0
0
0
0
0.00137363
0
0
0
0
0
0
0
0
0
0
0
0
0
0
0
0
0
0
0
0
0.00137363
0
0
0
0
0
0
0
0
0
0
0
0
0
0
0
0
0
0
0
0
0
0
0
0
0
0
0
0
0
0
0
0
0
0
0
0
0
0
0
0.00137363
0.00137363
0
0.00961538
0
0.00137363
0
0
0
0.00137363
0.00274725
0
0.00137363
0.00412088
0.00137363
0.00412088
0.00412088
0.00549451
0.00137363
0.00686813
0.0151099
0.00824176
0.00824176
0.00412088
0.0906593