0
0.0373175
0.0340725
0.0827474
0.0681449
0.04543
0.0232558
0.0265008
0.0221741
0.029205
0.00865333
0.0221741
0.0140617
0.00973499
0.0265008
0.00270416
0.00594916
0.00973499
0.0048675
0.00216333
0
0.035695
0
0.0016225
0.0016225
0
0.00703083
0.0016225
0.0167658
0
0.000540833
0
0.00703083
0
0.00270416
0.0016225
0.000540833
0.00108167
0
0
0
0
0
0.0805841
0
0
0
0
0
0
0.000540833
0
0
0.00378583
0
0
0
0.00703083
0
0
0
0
0
0
0.0113575
0
0
0
0.000540833
0
0
0.00540833
0
0
0.000540833
0
0
0
0
0
0
0
0
0
0
0.0216333
0
0
0
0
0
0
0
0
0.000540833
0
0.00108167
0
0
0.00108167
0
0
0.00270416
0
0
0
0.00378583
0
0
0.00108167
0
0.000540833
0
0.00216333
0
0.000540833
0
0
0
0
0
0.000540833
0
0
0
0
0
0
0.0297458
0
0
0.00108167
0.000540833
0.00108167
0.000540833
0.00108167
0
0.000540833
0.000540833
0
0
0
0.00108167
0.00108167
0.000540833
0.00108167
0.000540833
0
0
0.00108167
0
0.00108167
0
0
0.000540833
0
0.00108167
0
0
0.000540833
0
0
0
0
0
0
0
0
0
0
0.0124392
0
0
0
0
0
0
0
0
0
0
0
0
0
0.00216333
0
0
0
0
0
0
0.00216333
0
0
0
0
0
0
0
0
0
0
0.000540833
0
0
0
0
0
0
0
0
0
0
0.0048675
0
0
0
0
0
0
0.000540833
0
0
0
0.000540833
0.000540833
0
0.0016225
0
0
0
0.00108167
0
0
0.00757166
0
0
0
0.0016225
0.0016225
0.000540833
0.00703083
0.00216333
0.0016225
0.00648999
0
0.0016225
0.0048675
0.00648999
0.0016225
0.0016225
0.00757166
0.00432666
0.0118983
0.00216333
0.160087