0
0.00356718
0.0297265
0.0332937
0.0535077
0.0689655
0.0558859
0.0499405
0.039239
0.0475624
0.019025
0.0321046
0.0309156
0.0214031
0.0499405
0.0118906
0.00713436
0.0214031
0.0142687
0.00832342
0.00356718
0.0416171
0
0.00356718
0.0154578
0
0.0178359
0.00832342
0.0249703
0.00118906
0.00356718
0.00118906
0.0261593
0.00237812
0.00475624
0.00475624
0.00237812
0.00356718
0.00118906
0.00118906
0
0
0
0.0630202
0
0
0
0
0
0
0
0
0
0.00118906
0
0
0
0
0
0
0.00118906
0
0
0
0.00713436
0
0
0
0
0
0
0
0
0
0
0
0
0
0
0
0
0
0
0
0
0.0118906
0
0
0
0
0
0
0
0
0
0
0
0
0
0.00118906
0
0
0
0
0
0
0.00356718
0
0
0
0
0
0
0.00118906
0
0
0
0.00118906
0
0
0
0
0.00237812
0
0
0
0
0
0.0059453
0
0
0
0
0
0
0
0
0
0.00118906
0
0
0
0
0
0
0
0
0
0
0.00118906
0
0
0
0
0
0
0
0
0
0
0
0
0
0
0
0
0
0
0
0
0.00356718
0
0
0
0
0
0
0
0
0
0
0
0
0
0
0
0
0
0
0
0
0
0
0
0
0
0
0
0
0
0
0
0
0
0
0
0
0
0
0
0
0
0
0.00475624
0
0
0
0
0
0
0
0
0
0
0.00118906
0
0
0.00118906
0
0
0
0.00118906
0
0
0.00237812
0
0
0
0
0
0
0.00356718
0
0.00118906
0
0
0
0.00356718
0.00475624
0.00237812
0.00475624
0.00356718
0.00951249
0.00475624
0
0.0796671