0
0.0225108
0.0554113
0.0580087
0.0580087
0.0580087
0.0363636
0.0294372
0.0225108
0.0406926
0.030303
0.0207792
0.0181818
0.0181818
0.0285714
0.00952381
0.00692641
0.0112554
0.0121212
0.00865801
0.00692641
0.0268398
0.0017316
0.00865801
0.00952381
0.004329
0.00865801
0.004329
0.0207792
0.0017316
0.0034632
0.000865801
0.017316
0.00606061
0.00519481
0.0017316
0.0034632
0.0025974
0.0017316
0
0
0
0
0.0519481
0
0
0
0
0
0
0.000865801
0
0
0.00519481
0
0
0
0.000865801
0
0
0.0017316
0
0
0
0.0034632
0
0
0
0
0
0
0.000865801
0
0.000865801
0.0017316
0
0
0
0
0
0
0
0
0
0
0.00519481
0
0
0
0.000865801
0
0
0
0
0
0
0.000865801
0
0
0
0
0
0
0
0.000865801
0
0.000865801
0
0
0
0
0
0
0
0.000865801
0
0
0
0
0
0.000865801
0
0
0
0
0
0
0
0.0138528
0
0
0
0
0
0
0.000865801
0
0
0.000865801
0
0
0
0
0
0
0.000865801
0.000865801
0
0
0.0034632
0
0
0
0.000865801
0
0
0
0
0
0
0
0
0
0
0
0
0
0
0
0
0.00952381
0
0
0
0
0
0
0
0
0
0
0.000865801
0
0
0
0
0
0
0
0
0
0.004329
0
0
0
0
0
0
0
0
0
0
0.000865801
0
0
0
0
0
0
0
0
0
0
0.00606061
0
0
0
0
0.000865801
0
0
0
0
0.000865801
0
0.0025974
0
0.0017316
0
0
0
0
0
0
0.00692641
0.000865801
0
0.000865801
0.000865801
0
0.000865801
0.0034632
0.000865801
0.000865801
0.0017316
0.0017316
0.000865801
0.004329
0.004329
0.0017316
0.004329
0.00779221
0.00606061
0.00865801
0.0103896
0.12381