0
0
0
0
0
0
0
0
0
0
0
0
0
0
0.00111111
0
0.00111111
0.00222222
0
0
0
0
0
0
0.00111111
0
0
0
0
0
0
0
0
0
0
0
0
0
0
0
0
0
0
0
0
0
0
0
0
0
0
0
0
0
0
0
0
0
0
0
0
0
0
0
0
0
0
0
0
0
0
0
0
0
0
0
0
0
0
0
0
0
0
0
0
0
0
0
0
0
0
0
0
0
0
0
0
0
0
0
0
0
0
0
0
0
0
0
0
0
0
0
0
0
0
0
0
0
0
0
0
0
0
0
0
0
0
0
0
0
0
0
0
0
0
0
0
0
0
0.00111111
0
0
0
0
0
0.00333333
0
0.00111111
0
0.00222222
0.00222222
0
0.00333333
0.00333333
0.00222222
0.00222222
0.0122222
0.00333333
0.00888889
0.0188889
0
0.00888889
0.0333333
0.0455556
0.0266667
0.02
0.00222222
0.00111111
0.00111111
0
0.191111
0
0
0.00111111
0
0.00333333
0.00777778
0.02
0
0.0244444
0.00111111
0.0311111
0.00555556
0
0.0222222
0
0.00222222
0.0211111
0.00444444
0
0
0.0344444
0
0.00111111
0
0
0.00888889
0
0.0233333
0
0
0
0.0333333
0
0.0144444
0
0
0
0
0
0
0
0
0.0955556
0
0
0
0
0
0
0
0.0488889
0
0.0455556
0
0
0
0.0222222
0
0
0.0544444
0
0
0
0.0311111
0
0
0
0.0144444
0
0
0.00888889
0
0
0.00555556
0
0
0.00111111
0
0
0
0.00111111
0
0.00111111
0
0.01