0
0.0322751
0.0412698
0.0343915
0.0280423
0.015873
0.0169312
0.0185185
0.0190476
0.0142857
0.00687831
0.015873
0.0116402
0.0132275
0.0100529
0.0047619
0.0037037
0.00740741
0.00846561
0.00899471
0.00846561
0.026455
0.0042328
0.00793651
0.00634921
0.00793651
0.0148148
0.0126984
0.0164021
0.00899471
0.00846561
0.00952381
0.0100529
0.00952381
0.0042328
0.00529101
0.00529101
0.0047619
0.0037037
0.0021164
0.0010582
0
0
0.0328042
0
0.000529101
0.0015873
0.0021164
0.0015873
0.0010582
0.00529101
0.0031746
0.000529101
0.0021164
0
0.0015873
0
0.00952381
0.0015873
0
0.0031746
0.0010582
0
0
0.0111111
0
0.000529101
0.000529101
0.0047619
0
0
0.0047619
0
0
0.0015873
0
0
0.0021164
0.0010582
0.000529101
0
0
0
0
0
0.0142857
0
0
0
0
0.000529101
0
0.0010582
0
0.0015873
0
0.000529101
0
0
0.0047619
0
0
0.000529101
0.0010582
0
0
0.00634921
0
0
0.000529101
0
0
0.000529101
0.00529101
0.000529101
0.0021164
0
0.0015873
0.000529101
0.0042328
0.0021164
0.000529101
0.0010582
0.000529101
0
0
0
0
0.0248677
0
0.0010582
0.0021164
0.0037037
0.00529101
0.0010582
0.0037037
0.00582011
0.0037037
0.00793651
0.0026455
0.0047619
0.0010582
0.00846561
0.00634921
0.0015873
0.0042328
0.0026455
0.0042328
0.0010582
0.0100529
0.0026455
0.0047619
0.0031746
0.0042328
0.0047619
0.000529101
0.00740741
0.000529101
0.0015873
0.00582011
0
0.0015873
0.0031746
0.0037037
0.0010582
0.0042328
0.0047619
0
0.0010582
0
0.0179894
0
0
0.0010582
0.0010582
0.0010582
0.0015873
0
0.000529101
0.0015873
0.000529101
0.0026455
0.000529101
0
0.0021164
0.000529101
0.000529101
0
0
0.000529101
0
0.0031746
0
0.000529101
0.0015873
0
0
0.000529101
0.0021164
0.000529101
0.000529101
0
0
0
0.0015873
0.0010582
0
0
0.0015873
0
0
0
0
0.00582011
0
0
0.0021164
0.000529101
0.000529101
0.0015873
0.0010582
0
0.000529101
0.0010582
0
0.000529101
0.000529101
0.0026455
0.0010582
0.0015873
0.0010582
0.0010582
0.000529101
0.0010582
0.0021164
0.0010582
0
0.0026455
0.0021164
0.0015873
0.0015873
0.0031746
0.0015873
0.0037037
0.0042328
0.0021164
0.00529101
0.00582011
0.0037037
0.0042328
0.0037037
0.00740741
0.0042328
0.010582
0.00687831
0.0571429