0
0.0111288
0.0278219
0.0357711
0.0508744
0.0389507
0.0246423
0.0230525
0.0151033
0.0254372
0.0158983
0.0158983
0.0166932
0.0111288
0.0190779
0.00953895
0.00953895
0.0135135
0.00715421
0.000794913
0.00397456
0.00874404
0.00317965
0.00238474
0.00238474
0.000794913
0.00556439
0.00317965
0.00238474
0
0
0
0.00238474
0.00238474
0.00158983
0.00397456
0.000794913
0.000794913
0
0.000794913
0
0
0
0.0166932
0
0
0
0
0.000794913
0
0.000794913
0
0
0
0
0.00158983
0
0
0
0
0.00158983
0
0
0
0.00158983
0
0.000794913
0
0.00158983
0
0
0.000794913
0
0
0
0
0
0
0
0
0
0
0
0
0
0
0
0
0
0
0
0.000794913
0
0
0
0
0.000794913
0
0
0.00158983
0
0
0
0
0
0
0.00158983
0
0
0
0
0.00238474
0.000794913
0.00158983
0
0.000794913
0
0.00317965
0
0.000794913
0
0.000794913
0
0.00158983
0.000794913
0.000794913
0
0
0.0286169
0
0.00158983
0.00317965
0.00238474
0.00158983
0.00397456
0.00556439
0.00953895
0.00317965
0.00715421
0.00158983
0.0103339
0.00238474
0.00953895
0.00317965
0.00397456
0.0103339
0.00953895
0.00476948
0.000794913
0.0174881
0.00397456
0.00874404
0.0063593
0.00874404
0.00476948
0
0.00715421
0.00238474
0.00556439
0.0063593
0
0.000794913
0.00397456
0
0.00158983
0.000794913
0
0.00238474
0.000794913
0.00158983
0.0206677
0
0
0
0
0
0.000794913
0.000794913
0
0.00158983
0
0.00158983
0.000794913
0
0.00238474
0
0.000794913
0.000794913
0
0.000794913
0
0.0063593
0
0
0
0
0.00158983
0.00158983
0.00317965
0.000794913
0.00158983
0
0.00158983
0.00158983
0.000794913
0.00238474
0
0.00317965
0.00158983
0
0
0
0
0.0103339
0
0.00158983
0.000794913
0
0.000794913
0.000794913
0
0.00238474
0.00158983
0.00238474
0.000794913
0.00317965
0.000794913
0.00397456
0
0.000794913
0.00397456
0.00238474
0.00238474
0.000794913
0.00238474
0.00158983
0.00238474
0
0.00317965
0.000794913
0.00238474
0.00397456
0.00238474
0.00397456
0.00715421
0.00397456
0.00317965
0.00715421
0.00715421
0.0103339
0.00476948
0.0111288
0.0103339
0.0166932
0.00794913
0.121622