0
0.0110837
0.0184729
0.0357143
0.0295567
0.0344828
0.0344828
0.0455665
0.0246305
0.0357143
0.0184729
0.0184729
0.00738916
0.0110837
0.0110837
0.0110837
0.00615764
0.0147783
0.00492611
0.0147783
0.00738916
0.0123153
0.00369458
0.00492611
0.00369458
0.00492611
0.0110837
0.00246305
0.00738916
0
0.00369458
0.00985222
0.00123153
0
0.00123153
0
0.00246305
0.00246305
0.00123153
0.00369458
0
0.00123153
0
0.0147783
0.00123153
0.00246305
0.00492611
0
0.00123153
0.00246305
0.00369458
0.00123153
0.00123153
0.00123153
0.00123153
0
0
0
0
0.00123153
0.00123153
0.00123153
0
0
0.00123153
0
0
0.00246305
0
0
0
0.00123153
0.00123153
0.00123153
0.00123153
0
0
0
0
0
0
0
0.00123153
0
0
0.00369458
0
0
0
0
0
0
0
0
0
0
0.00123153
0
0
0.00369458
0
0
0
0
0.00123153
0
0.00246305
0
0
0
0
0.00246305
0.00492611
0
0.00123153
0
0
0.00246305
0
0.00123153
0.00123153
0.00246305
0
0
0
0
0
0
0.0295567
0.00123153
0.00246305
0.00246305
0.00369458
0.00246305
0.00369458
0.00369458
0.00246305
0.00123153
0.00369458
0.00246305
0.00615764
0.00246305
0.0110837
0.00738916
0.00246305
0.00738916
0.00615764
0.00123153
0.00123153
0.0123153
0.00246305
0.00123153
0.00369458
0.00492611
0.00246305
0.00492611
0.00738916
0
0
0.00738916
0.00369458
0.00369458
0.00123153
0.00246305
0.00369458
0.00369458
0.00369458
0.00246305
0.00123153
0
0.0110837
0.00123153
0
0
0.00123153
0.00123153
0
0.00246305
0
0
0
0.00123153
0
0
0.00246305
0.00123153
0
0
0.00246305
0.00246305
0
0.00492611
0
0
0
0
0
0.00123153
0.00246305
0
0.00369458
0.00123153
0.00246305
0
0
0.00123153
0
0
0
0
0
0
0
0.00123153
0
0
0.00123153
0
0
0
0.00123153
0.00123153
0
0
0.00123153
0.00123153
0.00246305
0.00738916
0
0
0.00246305
0.00123153
0.00369458
0.00246305
0.00738916
0.00123153
0.00246305
0
0.00123153
0.00123153
0
0.00492611
0.00246305
0.00369458
0.00738916
0.00246305
0.00246305
0.00369458
0.00492611
0.00738916
0.00738916
0.0123153
0.00985222
0.0172414
0.00862069
0.0923645