0
0.0217714
0.0262246
0.0267194
0.0371103
0.0291935
0.0232558
0.022761
0.0188026
0.0173182
0.00989609
0.0158337
0.0123701
0.0113805
0.0123701
0.00395844
0.00445324
0.00841168
0.00692726
0.00544285
0.00593765
0.0123701
0.00296883
0.00296883
0.00544285
0.00197922
0.00544285
0.00494805
0.00197922
0.000494805
0.00445324
0
0.00296883
0.00148441
0.00148441
0.00247402
0.00197922
0.000494805
0.00148441
0.000989609
0
0
0
0.0207818
0
0.000494805
0
0.00247402
0
0.000989609
0.00247402
0.00296883
0.000494805
0.000989609
0.000989609
0.000989609
0.000494805
0.00494805
0.00148441
0
0.00148441
0.00247402
0.000989609
0.000494805
0.00593765
0
0.000494805
0.000494805
0.00346363
0
0
0.00296883
0
0.00247402
0.00148441
0
0.000494805
0.000989609
0.000989609
0.000989609
0
0
0.000494805
0
0
0.00940129
0
0
0
0
0.00148441
0
0.000494805
0
0.00197922
0
0.00197922
0.00296883
0.000494805
0.000494805
0.000494805
0.000494805
0.000989609
0
0
0.000989609
0.00395844
0
0
0
0
0.00148441
0.000989609
0.00247402
0
0
0.000989609
0.00296883
0.000494805
0.00247402
0.00247402
0.00247402
0.00148441
0.000494805
0.00247402
0.000989609
0
0
0.0336467
0.000494805
0.00148441
0.00247402
0.00296883
0.00395844
0.00346363
0.00841168
0.0108857
0.00643246
0.0153389
0.00494805
0.0148441
0.00494805
0.0257298
0.017813
0.00692726
0.0188026
0.017813
0.0103909
0.00692726
0.0306779
0.00346363
0.00692726
0.00890648
0.00940129
0.00296883
0.000989609
0.00791687
0.000494805
0.00247402
0.00494805
0
0.00197922
0.00247402
0.000989609
0.000494805
0.000989609
0.00296883
0.000494805
0
0
0.0153389
0
0
0
0
0
0.000494805
0
0
0.00197922
0
0.00148441
0
0
0.00346363
0.000494805
0.000494805
0.000989609
0.000494805
0
0
0.00494805
0
0.00148441
0.000494805
0
0.000494805
0
0.000989609
0
0.000494805
0
0
0.000494805
0.000989609
0.000989609
0
0.000989609
0.000989609
0
0
0
0
0.00544285
0
0
0
0.000989609
0
0
0.000494805
0.00148441
0.000989609
0.000494805
0
0.00148441
0
0.000494805
0.000989609
0
0.000989609
0.000494805
0.000494805
0
0.00494805
0.000989609
0.000989609
0.000989609
0.00445324
0.000494805
0.000494805
0.00494805
0.00148441
0.00593765
0.00346363
0.00296883
0.00296883
0.00940129
0.00494805
0.00544285
0.00791687
0.00544285
0.00791687
0.00494805
0.00643246
0.0583869