0
0.0285088
0.0445906
0.0336257
0.0299708
0.0219298
0.0153509
0.0204678
0.0168129
0.0160819
0.0109649
0.00804094
0.00438596
0.0124269
0.00730994
0.0102339
0.00511696
0.00877193
0.0131579
0.00950292
0.00584795
0.0175439
0.00438596
0.00438596
0.00511696
0.000730994
0.0116959
0.00438596
0.0131579
0.00146199
0.00438596
0.00292398
0.00730994
0.00219298
0.00292398
0.00292398
0.00146199
0.00219298
0.00146199
0.000730994
0.00219298
0.000730994
0
0.0533626
0.00146199
0
0.000730994
0.00365497
0.00146199
0.00219298
0.00219298
0.00292398
0
0.00657895
0.000730994
0.000730994
0.000730994
0.0131579
0
0
0.000730994
0.00219298
0
0
0.0160819
0.000730994
0
0
0
0
0
0.00657895
0
0
0.00219298
0
0
0
0.00146199
0
0
0
0
0
0
0.0190058
0
0
0
0
0
0.000730994
0.00219298
0
0.000730994
0
0.00219298
0.000730994
0
0.00511696
0
0.00146199
0.000730994
0
0.000730994
0
0.00365497
0
0.000730994
0.00292398
0
0
0
0
0.000730994
0.00292398
0.00146199
0.00292398
0.000730994
0.00146199
0.00219298
0.00146199
0.000730994
0.00146199
0.00146199
0.00146199
0
0
0.0277778
0.000730994
0.00219298
0.00292398
0.00365497
0.00292398
0.00292398
0.00877193
0.00292398
0.00219298
0.00292398
0.00438596
0
0.00365497
0.00950292
0.00584795
0.00292398
0.00292398
0.00365497
0
0
0.0138889
0.000730994
0.00219298
0.00219298
0
0.000730994
0.000730994
0.00584795
0.00219298
0.00438596
0.00657895
0
0.000730994
0.00292398
0.00292398
0.00511696
0.00219298
0.00292398
0
0
0
0.0197368
0
0.000730994
0.00146199
0.000730994
0.00219298
0
0
0
0.00219298
0
0.00292398
0
0.000730994
0.00146199
0
0
0
0
0.000730994
0
0.00365497
0
0
0
0.00146199
0.000730994
0
0.00146199
0.000730994
0
0
0.00146199
0.000730994
0
0
0.00146199
0.000730994
0.000730994
0.000730994
0.000730994
0
0
0.0138889
0
0
0.00292398
0
0.000730994
0
0.000730994
0.000730994
0.000730994
0.000730994
0.000730994
0.00292398
0
0.00292398
0.000730994
0.000730994
0.00365497
0.000730994
0.00146199
0
0.00730994
0
0.00146199
0.00146199
0.00438596
0.000730994
0.00219298
0.00219298
0.00292398
0.00365497
0.00219298
0.000730994
0.00584795
0.00657895
0.00877193
0.00511696
0.00804094
0.00877193
0.00511696
0.0131579
0.00877193
0.0723684