0
0.0374777
0.0350982
0.0243902
0.0291493
0.0214158
0.0184414
0.0178465
0.0178465
0.0184414
0.015467
0.0178465
0.0178465
0.0136823
0.0113028
0.010113
0.00832838
0.00654372
0.010113
0.00713861
0.00594884
0.0136823
0.00654372
0.00654372
0.0113028
0.00535396
0.00594884
0.00594884
0.0130874
0.00654372
0.00832838
0.0118977
0.015467
0.0172516
0.0118977
0.0124926
0.0107079
0.00654372
0.0136823
0.0130874
0.0118977
0.00475907
0
0.0440214
0
0.00773349
0.00416419
0.00475907
0.00297442
0.00713861
0.00475907
0.00297442
0.00178465
0.0035693
0
0.00297442
0.00118977
0.00297442
0.00118977
0.000594884
0.00118977
0.0035693
0.00118977
0
0.00594884
0.00118977
0.00178465
0.00118977
0.00118977
0.000594884
0.00178465
0.00237954
0
0.000594884
0.00237954
0
0
0.00237954
0.000594884
0
0.00118977
0
0
0
0
0.00713861
0
0
0
0
0.00118977
0
0.00118977
0
0.000594884
0
0.00237954
0
0.000594884
0.00416419
0
0
0.00535396
0.00118977
0.00118977
0
0.00594884
0
0.000594884
0.00297442
0.00118977
0.000594884
0
0.0035693
0
0.00416419
0.000594884
0.00237954
0.00118977
0.00237954
0.00178465
0.00118977
0.000594884
0.00178465
0.00297442
0.00118977
0
0
0.0202261
0.000594884
0.00237954
0.00237954
0.00535396
0.00118977
0.00237954
0.00654372
0.00475907
0.00535396
0.00773349
0.00237954
0.00416419
0.00594884
0.00594884
0.00594884
0.000594884
0.00594884
0.0035693
0.00178465
0.000594884
0.00654372
0.00118977
0.00237954
0
0.00178465
0
0
0.00297442
0
0.000594884
0.00118977
0.000594884
0.000594884
0
0.00178465
0
0
0.000594884
0.00297442
0
0
0.00416419
0
0
0
0
0
0
0
0
0
0
0.000594884
0
0
0
0
0.000594884
0.000594884
0.000594884
0
0
0.00118977
0
0
0
0
0
0
0.00118977
0
0.000594884
0
0.000594884
0
0
0
0
0
0
0
0
0
0
0.00416419
0
0
0.000594884
0.00118977
0.000594884
0
0.00118977
0
0
0.000594884
0
0.00118977
0.000594884
0.0035693
0.00118977
0.000594884
0.00178465
0
0.00178465
0.00118977
0.00297442
0.00118977
0.00178465
0.00118977
0.00118977
0.0035693
0.00178465
0.00416419
0.00237954
0.00237954
0.000594884
0.00118977
0.00594884
0.00178465
0.00237954
0.0035693
0.00237954
0.00654372
0.00535396
0.0130874
0.0142772
0.0315289