0
0
0.0163614
0.0117216
0.0180708
0.0141636
0.00976801
0.014652
0.00683761
0.0168498
0.002442
0.0161172
0.00512821
0.0031746
0.0173382
0.000732601
0.0021978
0.00805861
0.002442
0.000732601
0.0002442
0.0246642
0
0
0.0021978
0
0.0021978
0.000488401
0.00586081
0
0.000488401
0
0.0029304
0
0.000976801
0.0002442
0
0
0
0.0002442
0
0
0
0.039072
0
0
0
0
0
0.0002442
0
0.000732601
0
0.001221
0
0
0
0.00561661
0
0
0.0002442
0
0
0
0.00976801
0
0
0
0.0002442
0
0
0.0034188
0
0
0.000732601
0
0
0
0
0
0
0
0
0
0
0.018315
0
0
0
0
0
0
0
0
0
0
0
0
0
0.0017094
0
0
0
0
0
0
0.00708181
0
0
0
0
0
0
0.0017094
0
0
0
0.001221
0
0.000488401
0
0.0002442
0
0
0
0
0
0
0.0444444
0
0
0.0002442
0.000488401
0.000488401
0.000488401
0.0014652
0.0041514
0.0021978
0.010989
0.0002442
0.0041514
0.0002442
0.017094
0.0046398
0.000732601
0.0124542
0.00927961
0.0031746
0.0002442
0.0407814
0
0.0043956
0.0031746
0.00757021
0.0019536
0
0.0117216
0.000732601
0.0014652
0.00805861
0.0002442
0
0.0034188
0.001221
0.0002442
0.000488401
0
0
0
0
0.0498169
0
0
0
0
0.0002442
0.000732601
0.0002442
0
0.000732601
0
0.000732601
0.0002442
0
0.0034188
0
0
0.000976801
0.0002442
0
0
0.00781441
0
0
0
0
0.001221
0.0002442
0.0019536
0
0
0
0.000976801
0
0.0002442
0.000488401
0
0
0
0
0
0
0
0.0239316
0
0
0
0
0
0
0.000976801
0.001221
0
0.0017094
0
0.0014652
0
0.00537241
0.000732601
0
0.002442
0.0014652
0.0002442
0
0.0175824
0
0.0026862
0.0014652
0.002442
0.0029304
0.0017094
0.01221
0.0021978
0.00537241
0.00976801
0.0029304
0.0043956
0.0105006
0.0136752
0.00976801
0.0107448
0.015873
0.021978
0.0358974
0
0.203907