0
0.000905387
0.0217293
0.00860118
0.00950656
0.00769579
0.00543232
0.00588502
0.00633771
0.00814848
0.00362155
0.00588502
0.00135808
0.000452694
0.00497963
0.00181077
0.00181077
0.00316885
0.000905387
0.00271616
0.000905387
0.00362155
0.000452694
0.00135808
0.00271616
0.00181077
0.000905387
0.000452694
0.000452694
0.000452694
0.00181077
0
0.00135808
0.000452694
0.000905387
0.00181077
0.00135808
0.000452694
0
0
0.000452694
0.000452694
0
0.0153916
0
0.00135808
0.000452694
0.000452694
0
0.000452694
0
0
0.000905387
0.000452694
0
0.000905387
0
0.000452694
0.000452694
0
0.000452694
0
0
0
0.000452694
0.000452694
0.000452694
0
0
0
0.000452694
0
0.000452694
0
0
0.000905387
0
0
0
0
0
0
0.000452694
0.000452694
0
0.000452694
0
0
0
0
0.000452694
0
0
0.000452694
0
0
0
0
0
0
0.000452694
0
0.000905387
0.00135808
0
0.000452694
0.000905387
0.000452694
0
0
0
0.000452694
0
0.000452694
0
0.000452694
0.000452694
0.000905387
0.000452694
0.000452694
0.000452694
0
0
0
0
0.000452694
0
0
0.0067904
0.000452694
0
0
0.000452694
0.000452694
0
0.000452694
0.000905387
0
0.000452694
0
0
0
0.000905387
0.000905387
0.00181077
0.00181077
0.000905387
0.00226347
0.00181077
0.00497963
0.000905387
0.00271616
0.00135808
0.00181077
0.00181077
0.00407424
0.01177
0.00905387
0.01177
0.0131281
0.00769579
0.010412
0.0153916
0.0167497
0.0144862
0.00995926
0.017655
0.00995926
0.000905387
0.000452694
0.0416478
0.000905387
0
0.00135808
0.00769579
0.00497963
0.00316885
0.00271616
0.00181077
0.0108646
0.00316885
0.00814848
0.00181077
0.00181077
0.00497963
0.00226347
0.00362155
0.00407424
0.00316885
0.00135808
0.000905387
0.0113173
0
0.000452694
0.00226347
0
0.00452694
0.00362155
0.00588502
0.00135808
0.00407424
0.000905387
0.00407424
0.000452694
0.00271616
0.00452694
0.00135808
0.00135808
0.000905387
0.000452694
0
0.000452694
0
0.0172024
0
0
0
0.00135808
0.00181077
0.00362155
0.00316885
0.00362155
0.00181077
0.00497963
0.000905387
0.00226347
0
0.00995926
0.00271616
0.000452694
0.00543232
0.00226347
0.000905387
0.000452694
0.0122227
0.00135808
0.00271616
0.00181077
0.00543232
0.000905387
0.00135808
0.00588502
0.00497963
0.00452694
0.00633771
0.00271616
0.00633771
0.00407424
0.010412
0.00452694
0.0122227
0.01177
0.00995926
0.0606609
0.00135808
0.257583