0
0
0
0
0.00127551
0.00127551
0
0
0
0
0
0.00127551
0
0.00127551
0.00255102
0.00127551
0
0
0
0.00127551
0
0.00255102
0
0.00127551
0
0
0
0
0.00127551
0
0
0
0
0
0
0
0
0
0
0
0
0
0
0.0216837
0
0
0
0
0
0
0
0
0
0
0
0
0
0
0
0
0
0
0
0
0.00382653
0
0
0
0
0
0
0
0
0
0
0
0
0
0
0
0
0
0
0
0
0.00637755
0
0
0
0
0
0
0
0
0
0
0
0
0
0
0
0
0
0
0
0
0.00255102
0
0
0
0
0
0
0
0
0
0
0
0
0
0
0
0
0
0
0
0
0
0.00892857
0
0
0
0
0
0
0
0
0
0
0
0
0
0.00127551
0
0
0
0.00127551
0
0.00127551
0.00382653
0
0.00127551
0.00127551
0.00510204
0.00382653
0
0.0102041
0.00255102
0.0153061
0.00510204
0
0.00255102
0.00892857
0.00765306
0.0102041
0.00765306
0.00382653
0.00127551
0
0
0.119898
0
0
0
0
0.0102041
0.0153061
0.0255102
0
0.0344388
0.00127551
0.0408163
0.0140306
0
0.0344388
0
0.00127551
0.0280612
0.00765306
0
0
0.0522959
0
0
0.00255102
0
0.0178571
0.00127551
0.0331633
0
0
0
0.0153061
0
0.0178571
0.00255102
0
0
0
0
0
0
0
0.0727041
0
0
0
0
0
0
0.00382653
0.0165816
0
0.0293367
0
0
0
0.0153061
0
0
0.0293367
0.00382653
0
0
0.0625
0
0
0.00127551
0.0165816
0
0
0.0191327
0.00127551
0.00127551
0.00892857
0
0
0.00892857
0.00510204
0.00127551
0.00127551
0
0
0
0
0.0727041