0
0
0.00138504
0.00138504
0.000692521
0.000692521
0
0.000692521
0.000692521
0.00207756
0.00207756
0.00415512
0.00277008
0.000692521
0.00277008
0.000692521
0
0.000692521
0.00138504
0
0.00138504
0.00692521
0.000692521
0.0034626
0.000692521
0.00138504
0.00138504
0.00207756
0.000692521
0
0.00138504
0.000692521
0.000692521
0.000692521
0
0.000692521
0
0
0.000692521
0.000692521
0.000692521
0.00277008
0
0.00207756
0
0
0
0
0
0
0
0
0
0
0
0
0
0
0
0
0
0
0
0
0
0
0
0
0
0
0
0
0
0
0
0
0
0
0
0
0.000692521
0
0.000692521
0
0
0
0
0
0
0.00138504
0
0
0.000692521
0
0
0
0
0
0
0
0
0.000692521
0
0.000692521
0.000692521
0
0.000692521
0
0
0
0.000692521
0
0
0
0
0.00207756
0
0
0.000692521
0.00138504
0
0.000692521
0
0
0
0
0
0
0.00207756
0
0
0.000692521
0.000692521
0.00138504
0
0.00207756
0
0.000692521
0.00277008
0.00207756
0.00138504
0.00277008
0.00138504
0.00484765
0.00415512
0.00415512
0.00623269
0.00761773
0.00831025
0.0186981
0.017313
0.0263158
0.0249307
0.0256233
0.0270083
0.0221607
0.0325485
0.0249307
0.0360111
0.0339335
0.0200831
0.0193906
0.031856
0.0290859
0.0124654
0.0124654
0.0200831
0.00623269
0.00138504
0
0.0817175
0
0
0.00484765
0.00900277
0.00969529
0.00623269
0.00761773
0.00207756
0.00831025
0.000692521
0.00623269
0.0034626
0.000692521
0.0117729
0
0.00415512
0.0034626
0.00415512
0.00207756
0.000692521
0.017313
0
0
0.0034626
0
0.00484765
0.00207756
0.0152355
0
0.00415512
0
0.00207756
0
0.00277008
0.00554017
0.00277008
0.00207756
0
0
0
0
0
0.0145429
0
0
0
0
0
0.00554017
0.00207756
0.00484765
0
0.00554017
0
0.00484765
0
0.0117729
0.00207756
0.000692521
0.0103878
0.00692521
0
0
0.0228532
0
0.000692521
0.0200831
0.0117729
0.00831025
0
0.0124654
0
0.0138504
0.0131579
0
0.00207756
0.00761773
0.00277008
0.00277008
0.00277008
0.00207756
0.00138504
0
0
0.0166205