0
0
0.00510856
0.0166028
0.0102171
0.0242656
0.0140485
0.00510856
0.0063857
0.0166028
0.00383142
0.00766284
0.00255428
0.00127714
0.00893997
0.00383142
0.00255428
0.00255428
0
0.00255428
0.00127714
0.0114943
0.00510856
0.00127714
0.00127714
0
0.00255428
0.00127714
0.00127714
0
0.00127714
0
0
0
0
0.00127714
0.00127714
0.00127714
0.00127714
0
0.00127714
0
0
0.0127714
0
0
0.00127714
0.00127714
0.00255428
0
0
0.00127714
0
0.00255428
0
0
0.00127714
0.00255428
0
0
0
0
0
0
0.00127714
0
0.00127714
0
0
0
0
0
0
0
0
0
0
0
0
0.00127714
0
0
0
0
0
0.00383142
0
0
0
0
0
0
0
0
0
0
0
0
0
0.00255428
0
0
0
0
0.00127714
0
0.00127714
0
0
0.00127714
0
0.00127714
0
0
0
0
0
0
0
0
0
0
0
0
0
0
0
0
0.00766284
0
0
0
0
0
0
0
0
0.00127714
0.00127714
0
0
0
0.00255428
0
0
0.00127714
0.00127714
0.00127714
0
0.00255428
0.00127714
0.00127714
0
0.00127714
0
0
0.00766284
0
0.00127714
0.00255428
0
0.00383142
0.00510856
0.00127714
0.0063857
0
0.0063857
0.00383142
0.00383142
0
0.0498084
0.00127714
0.00127714
0.00255428
0.00766284
0.0102171
0.0102171
0.00510856
0.00255428
0.0063857
0
0.0102171
0.00127714
0.0063857
0.0127714
0.00766284
0.0063857
0.0114943
0.0063857
0.00255428
0.00127714
0.0255428
0
0.00127714
0.00383142
0.00127714
0.00383142
0
0.0127714
0
0.00383142
0
0.00766284
0.00255428
0.00383142
0.0063857
0.00127714
0.00383142
0.00127714
0
0
0
0
0.0383142
0
0
0
0
0.00127714
0.00127714
0.00383142
0.0102171
0.00127714
0.0140485
0.00127714
0.00383142
0.00255428
0.0140485
0.00766284
0
0.0114943
0.00255428
0.00255428
0
0.0153257
0
0.0063857
0.00255428
0.00766284
0.00383142
0.0063857
0.0140485
0.0063857
0.0102171
0.00893997
0.00255428
0.00255428
0.0204342
0.0153257
0.00255428
0.0102171
0.00766284
0.00766284
0.00766284
0
0.209451