0
0
0
0.00403226
0.00201613
0.00403226
0.00302419
0.00100806
0.00100806
0.00201613
0
0.00504032
0.00100806
0
0.00100806
0
0.00100806
0.00201613
0.00201613
0.00100806
0.00201613
0.00302419
0
0
0.00201613
0
0.00100806
0.00100806
0.00100806
0
0
0
0
0.00100806
0.00100806
0
0
0
0
0
0
0
0
0.00403226
0
0.00100806
0
0
0.00100806
0
0.00201613
0
0
0
0
0
0.00100806
0
0.00100806
0
0
0
0
0
0
0
0
0
0
0
0
0.00100806
0
0
0
0
0
0
0
0
0
0
0
0
0
0.00100806
0
0
0
0
0
0
0
0
0
0
0
0
0
0
0
0
0
0
0
0
0.00201613
0
0
0
0
0.00100806
0
0.00302419
0
0
0
0.00100806
0
0
0
0
0
0
0.00100806
0
0
0
0.00907258
0
0
0
0
0.00100806
0
0.00201613
0.00302419
0.00100806
0.00403226
0.00100806
0.00201613
0.00100806
0.00705645
0.00403226
0.00705645
0.00806452
0.00907258
0.00806452
0.00907258
0.0131048
0.0110887
0.0262097
0.0272177
0.0524194
0.0504032
0.0645161
0.0594758
0.0524194
0.0443548
0.0231855
0.0171371
0.016129
0.0221774
0.0171371
0.0100806
0.015121
0.015121
0.00705645
0.00403226
0.00504032
0.0352823
0
0.00201613
0.00302419
0.00604839
0.00302419
0.00302419
0.00504032
0.00302419
0.00302419
0.00100806
0.00201613
0.00201613
0.00100806
0.00604839
0.00100806
0.00100806
0.00504032
0
0.00201613
0.00100806
0.00302419
0.00100806
0.00201613
0.00403226
0
0.00100806
0.00302419
0.00403226
0
0.00302419
0
0.00403226
0
0.00100806
0.00302419
0
0.00100806
0
0
0
0
0
0.00403226
0
0
0
0.00100806
0.00100806
0.00100806
0.00100806
0.00100806
0.00504032
0.00100806
0
0.00100806
0
0.00604839
0.00302419
0
0.00201613
0.00302419
0.00100806
0
0.0100806
0.00201613
0.00201613
0.00100806
0.00604839
0.00100806
0.00201613
0.00302419
0.00302419
0.00403226
0.00504032
0.00504032
0.00705645
0.0191532
0.0100806
0.00604839
0.0131048
0.00907258
0.0110887
0.00100806
0
0.0393145