0
0.000649773
0.0022742
0.00324886
0.00194932
0.000324886
0.00129955
0.00129955
0.000324886
0.00162443
0
0.000324886
0.00162443
0.00194932
0.000974659
0.000649773
0.00129955
0.00129955
0.00194932
0.000974659
0.00129955
0.00454841
0.000324886
0.000649773
0.000974659
0.000974659
0.00194932
0.000974659
0.000649773
0.000649773
0.000649773
0.00129955
0.000649773
0.000974659
0.000649773
0.000649773
0.000974659
0.000324886
0.000974659
0.000649773
0.000974659
0
0
0.00389864
0
0
0.000974659
0
0
0
0
0
0.000324886
0
0
0
0
0.000324886
0
0
0.000324886
0.000324886
0
0
0
0
0
0
0
0
0
0.000324886
0
0
0
0
0
0
0.000324886
0.000324886
0
0
0
0
0
0.000649773
0
0
0
0
0
0
0
0
0
0
0.000324886
0
0
0.000324886
0
0
0
0
0
0
0.000324886
0
0
0
0
0
0
0
0
0
0
0
0
0.000324886
0
0
0
0.000324886
0.000324886
0
0.000324886
0
0.00162443
0
0
0
0.000649773
0.000974659
0
0.00129955
0.000649773
0.000649773
0.000649773
0.00292398
0.00357375
0.00292398
0.00259909
0.00454841
0.0022742
0.00422352
0.0071475
0.00779727
0.0107212
0.0126706
0.0214425
0.0305393
0.0328135
0.0360624
0.0250162
0.0272904
0.0393112
0.0357375
0.0425601
0.0516569
0.025666
0.0191683
0.0259909
0.0220923
0.0107212
0.00747238
0.0120208
0.00454841
0.00194932
0
0.0549058
0
0.000649773
0.000974659
0.0022742
0.00877193
0.00454841
0.00389864
0.000324886
0.00682261
0.000649773
0.00779727
0.00389864
0.000974659
0.00747238
0
0.000974659
0.00422352
0.00259909
0.000974659
0.000649773
0.0129955
0
0
0.000974659
0
0.00389864
0.000324886
0.00649773
0.000649773
0.000974659
0
0.00552307
0.000649773
0.00357375
0.00422352
0.00129955
0
0
0
0
0
0
0.022742
0
0
0.000324886
0
0
0.000324886
0.00617284
0.00487329
0
0.00747238
0.000324886
0.00422352
0
0.0224172
0.000324886
0
0.00747238
0.0175439
0.000649773
0
0.0376868
0.000324886
0.000974659
0.0363873
0.00422352
0.0110461
0
0.0107212
0
0.017219
0.00422352
0.000324886
0.000649773
0.00357375
0.00357375
0.00324886
0.00162443
0.000649773
0.000649773
0.000974659
0
0.0162443