0
0
0
0.00263004
0.00204559
0.00116891
0.00087668
0.00175336
0.000292227
0.00175336
0
0.00146113
0.000584454
0.000292227
0.00116891
0
0.000584454
0.00087668
0.00116891
0.000292227
0.000292227
0.00350672
0
0
0
0
0.000292227
0.00087668
0.00116891
0.000584454
0.000584454
0.000292227
0.000584454
0
0.000584454
0.000584454
0.000292227
0
0.000292227
0
0.000292227
0
0
0.00613676
0
0
0
0
0
0.000584454
0.000584454
0
0
0
0
0
0
0.000292227
0.000292227
0
0
0.000584454
0.000292227
0
0.00116891
0
0.000292227
0.000292227
0
0.000292227
0
0
0.000292227
0.000584454
0.000292227
0
0.000292227
0.000584454
0
0.000292227
0.000292227
0.000292227
0.000292227
0
0
0.00204559
0
0
0
0
0.000292227
0
0.000292227
0.000292227
0.000292227
0
0.000292227
0.000292227
0.000292227
0.000292227
0
0
0.000292227
0
0.00087668
0
0.000584454
0
0.000584454
0
0
0.000584454
0
0.00146113
0
0.000584454
0
0.000292227
0
0.000292227
0.00087668
0
0.000292227
0.00087668
0.000584454
0.000292227
0.000584454
0
0.00409117
0
0.000584454
0.000292227
0.00175336
0.000584454
0.00175336
0.000584454
0.000584454
0.000584454
0.00175336
0.00116891
0.00116891
0.00175336
0.00409117
0.00204559
0.00350672
0.00292227
0.00789012
0.00526008
0.00613676
0.0163647
0.0131502
0.0151958
0.021917
0.0420807
0.0379895
0.037405
0.0371128
0.0280538
0.0341905
0.028346
0.0149036
0.0146113
0.0263004
0.0187025
0.0137347
0.0111046
0.0119813
0.00701344
0.00555231
0.00175336
0.0464641
0.000292227
0.00263004
0.00292227
0.00409117
0.00379895
0.00379895
0.00789012
0.00146113
0.00789012
0.000584454
0.0043834
0.00292227
0.00233781
0.00730567
0.00204559
0.00263004
0.00263004
0.00146113
0.00175336
0.000584454
0.00789012
0
0.00146113
0.00146113
0.000584454
0.00292227
0.00116891
0.00613676
0
0.00350672
0.00116891
0.00321449
0.000584454
0.00263004
0.00233781
0.000292227
0.00175336
0.00233781
0.000584454
0
0
0
0.0181181
0
0
0.000584454
0.00204559
0.00146113
0.000584454
0.00175336
0.00409117
0.00116891
0.00379895
0.00087668
0.00263004
0.000584454
0.0043834
0.00087668
0.00087668
0.00467563
0.00292227
0.00087668
0.000292227
0.0075979
0.00204559
0.00292227
0.00292227
0.00409117
0.00204559
0.00672122
0.0075979
0.00730567
0.00993571
0.0274693
0.0116891
0.0087668
0.0382817
0.0289304
0.0131502
0.0295149
0.00584454
0.0140269
0.00263004
0
0.0233781