0
0.0135417
0.0260417
0.0302083
0.0135417
0.0291667
0.025
0.0177083
0.00625
0.00625
0.00729167
0.0177083
0.0125
0.003125
0.021875
0.00520833
0.00520833
0.015625
0.00833333
0.009375
0.003125
0.0270833
0
0.00520833
0.00416667
0
0.0145833
0.00729167
0.0145833
0
0.0104167
0.00104167
0.009375
0.00104167
0.003125
0.00520833
0.00416667
0.003125
0
0.00104167
0
0
0
0.046875
0
0
0
0
0
0
0
0.00104167
0
0.00104167
0
0
0
0.00625
0
0
0.00104167
0
0
0
0.00625
0
0
0
0.00104167
0
0
0.00208333
0
0
0
0
0
0
0
0
0
0
0
0
0
0.009375
0
0
0
0
0
0
0
0
0.00104167
0
0.00104167
0.00104167
0
0
0
0
0.00208333
0.00104167
0.00104167
0
0.00416667
0
0
0
0
0
0
0.00416667
0
0.00208333
0
0
0
0.00104167
0.003125
0
0
0
0
0
0
0
0.0197917
0
0
0
0.00104167
0
0.00208333
0.00104167
0.00729167
0.00208333
0.003125
0.00104167
0.00104167
0.00208333
0.00625
0.00520833
0
0.00833333
0.00833333
0.00104167
0.00104167
0.0166667
0.003125
0.003125
0.00520833
0.003125
0.00208333
0.003125
0.00520833
0.00104167
0.00416667
0.00625
0.00104167
0.00104167
0.00208333
0.00104167
0.00416667
0.00104167
0.00104167
0.00416667
0.00104167
0
0.0197917
0
0
0.00208333
0.00208333
0
0.00416667
0
0
0.00104167
0
0.00208333
0.00208333
0
0.00833333
0
0.00104167
0
0.00104167
0
0
0.00729167
0
0
0.00104167
0
0.00208333
0
0.00416667
0
0
0
0.00520833
0
0
0
0
0.00104167
0
0
0
0
0
0.00625
0
0
0.00208333
0
0.00208333
0.003125
0.00104167
0
0
0.00104167
0
0.00104167
0.00208333
0.00520833
0.003125
0
0.003125
0.00416667
0
0.00104167
0.0104167
0.00208333
0.00208333
0.00208333
0.00104167
0.00208333
0.00208333
0.00520833
0.003125
0.003125
0.009375
0.003125
0.00416667
0.0104167
0.009375
0.00729167
0.0125
0.00729167
0.0145833
0.0197917
0.00729167
0.135417