0
0
0
0.0021645
0.004329
0
0
0
0
0
0
0.0021645
0
0
0.004329
0
0
0
0
0
0
0
0
0
0
0
0
0
0.0021645
0
0
0
0
0
0
0
0
0
0
0
0
0
0
0.0021645
0
0
0
0
0
0
0
0
0
0
0
0
0
0
0.0021645
0
0
0
0
0
0
0
0
0
0
0
0
0
0
0
0
0
0
0
0
0
0
0
0
0
0
0.0021645
0
0
0
0
0
0
0
0
0
0
0
0
0
0
0
0
0
0
0
0
0
0
0
0
0
0
0
0
0
0
0
0
0
0
0
0
0
0
0
0
0
0
0
0
0
0
0
0
0
0
0.0021645
0
0
0
0.004329
0
0
0.0021645
0
0.0021645
0.0021645
0.0021645
0.004329
0.00649351
0.0021645
0.0021645
0.0108225
0.00649351
0.00865801
0.00865801
0.00649351
0.00865801
0.0021645
0.0151515
0.0021645
0.004329
0.0108225
0.004329
0.012987
0.00865801
0.004329
0.0021645
0.0021645
0
0.101732
0
0.0021645
0.0021645
0
0.004329
0.00649351
0.017316
0.0021645
0.0281385
0.004329
0.0757576
0.0021645
0.004329
0.0497836
0.0021645
0
0.021645
0.0021645
0.0021645
0
0.0670996
0
0.004329
0.0108225
0.0021645
0.012987
0.00649351
0.0454545
0.0021645
0.004329
0.0021645
0.012987
0
0.00649351
0.0021645
0.0021645
0.00649351
0.004329
0.004329
0
0
0
0.0584416
0
0
0
0.00649351
0
0.00865801
0.00649351
0.00649351
0.00649351
0.0151515
0
0.00649351
0.0021645
0.021645
0.00865801
0
0.021645
0.017316
0.0021645
0
0.0194805
0.0021645
0.0108225
0.00649351
0.00649351
0.004329
0.004329
0.0108225
0.0021645
0.0108225
0.0108225
0.004329
0.00649351
0.004329
0.0021645
0
0.0021645
0.0021645
0
0
0
0.004329