0
0
0.000384615
0.000769231
0.00153846
0
0.000769231
0
0
0.000384615
0
0.000769231
0.000384615
0
0.00153846
0.000769231
0
0.000769231
0.000384615
0
0.000384615
0.000769231
0
0.000384615
0.000384615
0
0.000384615
0
0
0
0.000769231
0
0.000769231
0
0
0
0
0
0
0.000384615
0
0
0
0.00461538
0
0
0
0
0
0
0
0
0
0.000384615
0
0
0
0.000769231
0
0
0
0.000384615
0
0
0.00153846
0
0.000384615
0
0
0
0
0.000769231
0
0
0
0
0
0.000769231
0
0
0
0
0
0
0
0.00115385
0
0
0
0
0
0
0
0
0
0
0.000384615
0
0
0
0
0.000384615
0
0
0
0
0.00192308
0
0
0
0
0.000384615
0
0.000769231
0
0
0
0
0
0
0
0
0
0.000384615
0
0
0
0
0.00461538
0
0
0.000384615
0.000384615
0
0.000384615
0.00115385
0.000384615
0.000769231
0.00192308
0.000769231
0.00153846
0.00115385
0.00269231
0.00192308
0
0.00307692
0.00423077
0.00192308
0.00153846
0.00961538
0.00538462
0.0126923
0.0153846
0.0288462
0.0384615
0.0419231
0.0469231
0.0253846
0.03
0.0303846
0.00923077
0.0138462
0.0203846
0.0203846
0.00884615
0.0123077
0.0130769
0.00538462
0.00423077
0.00115385
0.0826923
0
0.000769231
0.00307692
0.00961538
0.00615385
0.00307692
0.00923077
0.00230769
0.01
0.00115385
0.00576923
0.00461538
0.00538462
0.00692308
0.00153846
0.00538462
0.00423077
0.00346154
0.00307692
0.00269231
0.0161538
0
0.00192308
0.00461538
0.000384615
0.00653846
0.00307692
0.00423077
0.00153846
0.00384615
0.00153846
0.005
0.00269231
0.00230769
0.005
0.00192308
0.000769231
0.00307692
0.00384615
0
0
0
0.015
0
0
0.00692308
0.00153846
0.00230769
0.00307692
0.00153846
0.000384615
0.00384615
0.00461538
0.000769231
0.00346154
0.00230769
0.005
0.00461538
0.00230769
0.00461538
0.00576923
0.00307692
0.000769231
0.00923077
0.005
0.005
0.00384615
0.00884615
0.00576923
0.00576923
0.0103846
0.01
0.0173077
0.0196154
0.0126923
0.0123077
0.0269231
0.0246154
0.0226923
0.00961538
0.0107692
0.00230769
0.00307692
0
0.0123077