0
0
0
0
0.00274348
0.00240055
0.00102881
0
0.000342936
0.00205761
0
0.00205761
0.000342936
0.000342936
0.000342936
0
0
0.000342936
0
0.000342936
0
0.00137174
0
0
0
0
0.000685871
0
0.000342936
0
0
0
0
0
0
0
0
0
0
0
0
0
0
0.00137174
0
0
0
0
0
0
0
0
0
0
0
0
0
0
0
0
0
0
0
0
0
0
0
0
0
0
0
0
0
0
0
0
0
0
0
0
0
0
0
0
0
0
0
0
0
0
0
0
0
0
0
0
0
0
0
0
0
0
0
0
0
0
0
0
0
0
0
0
0
0
0
0
0
0
0
0
0
0
0
0
0
0
0
0
0.000342936
0
0
0
0
0
0
0
0
0
0
0
0
0
0.000342936
0
0.000342936
0.00102881
0.00274348
0.000685871
0.000342936
0.00720165
0.00788752
0.00754458
0.00960219
0.0192044
0.0192044
0.0226337
0.0243484
0.0219479
0.0219479
0.0216049
0.00548697
0.00651577
0.0144033
0.00685871
0.00720165
0.0102881
0.00274348
0.00171468
0.00102881
0
0.109739
0
0
0.00102881
0.00411523
0.00171468
0.0048011
0.00342936
0.00137174
0.00685871
0.000685871
0.0171468
0.00342936
0.000342936
0.0432099
0.00102881
0.000342936
0.00514403
0.000685871
0.00137174
0
0.0740741
0
0.000342936
0.00205761
0
0.00137174
0.000685871
0.0181756
0
0.00171468
0
0.0048011
0.000685871
0.00205761
0.00377229
0.00274348
0.00205761
0.000342936
0
0
0
0
0.0757888
0
0
0
0
0.00137174
0.00411523
0.00445816
0.00617284
0.000342936
0.010631
0
0.00411523
0
0.0195473
0.00411523
0
0.00685871
0.00685871
0.000342936
0
0.0346365
0
0.00342936
0.00548697
0.00548697
0.00342936
0.00514403
0.0253772
0.00651577
0.0178326
0.0181756
0.010631
0.00548697
0.026406
0.0356653
0.00205761
0.00411523
0.0216049
0.00823045
0
0
0.0329218