0
0.0484776
0.0392628
0.0404647
0.0244391
0.0228365
0.0184295
0.0176282
0.0116186
0.0148237
0.00761218
0.0116186
0.00841346
0.0124199
0.0112179
0.00801282
0.00320513
0.00360577
0.00520833
0.00360577
0.00120192
0.0108173
0.00120192
0.000801282
0.00440705
0.00120192
0.00360577
0.000801282
0.0068109
0.000400641
0.00200321
0.000400641
0.00240385
0.000801282
0.00440705
0.000801282
0.00160256
0.000801282
0
0.00120192
0.000801282
0
0
0.0404647
0
0.000400641
0.00240385
0.00200321
0.00320513
0.00360577
0.00360577
0.00921474
0.00120192
0.0176282
0.00200321
0.00721154
0.000801282
0.0188301
0.0068109
0
0.0088141
0.00520833
0.000801282
0
0.0316506
0.000400641
0.00200321
0.0088141
0.00961538
0.00160256
0
0.0188301
0.000400641
0.00240385
0.0112179
0
0
0.00921474
0.00520833
0.00200321
0.00120192
0
0
0
0
0.0444712
0
0
0
0.000400641
0.000400641
0.00120192
0.00320513
0
0.00280449
0.000400641
0.00520833
0
0
0.0116186
0
0
0.00240385
0.00120192
0
0
0.0176282
0
0.000400641
0.00160256
0
0.00320513
0.000400641
0.00480769
0
0.00160256
0
0.00480769
0
0.00240385
0.00240385
0.00120192
0.000801282
0.000400641
0
0
0
0
0.03125
0
0.000801282
0.000801282
0.000801282
0.000801282
0.00120192
0.00160256
0.00240385
0.000400641
0.00280449
0.00160256
0.00400641
0.00120192
0.00200321
0.00360577
0
0.00240385
0.000801282
0.00120192
0.000801282
0.0108173
0.000400641
0.000801282
0.00120192
0.00160256
0.00120192
0.000400641
0.00240385
0.000400641
0.000400641
0.00240385
0.000400641
0.000801282
0.00160256
0.000801282
0.000400641
0.00120192
0.00120192
0
0
0
0.0184295
0
0
0.000400641
0.000801282
0.000801282
0.000400641
0
0
0.00160256
0
0.00200321
0.000400641
0.000400641
0.00160256
0.000400641
0
0.000801282
0.000400641
0.000801282
0
0.00560897
0
0.000400641
0.00120192
0
0
0.00120192
0.000400641
0.000400641
0.000400641
0
0.000801282
0.000400641
0.00120192
0.000400641
0.000801282
0
0
0
0.000400641
0
0
0.0068109
0
0
0
0
0.000801282
0
0
0.000801282
0.000400641
0.00160256
0
0.00160256
0.000400641
0.00400641
0.000400641
0
0.000400641
0.000801282
0.000801282
0.000400641
0.00480769
0.000400641
0.000801282
0.000400641
0.00200321
0.000400641
0.00120192
0.00520833
0.00200321
0.000801282
0.00240385
0.000400641
0.000801282
0.00440705
0.0068109
0.00200321
0.00641026
0.00641026
0.010016
0.00721154
0.0108173
0.0600962