0
0.000455996
0.00227998
0.00273598
0.000911993
0.00182399
0.00136799
0.00319197
0
0.00227998
0.00136799
0.000911993
0.00227998
0.00273598
0.00410397
0.00364797
0.00455996
0.00638395
0.0173279
0.0141359
0.0250798
0.0250798
0.0259918
0.0259918
0.0218878
0.0218878
0.0141359
0.00866393
0.00957592
0.00410397
0.00547196
0.00182399
0.00455996
0.000911993
0.00182399
0.000911993
0.00227998
0.00136799
0.00182399
0.000455996
0.000455996
0
0
0.00729594
0
0.000911993
0.000911993
0.000911993
0.00136799
0.000911993
0.000911993
0
0
0.000911993
0.00136799
0.000911993
0.000455996
0
0
0
0.000455996
0
0.00136799
0.000455996
0.000911993
0
0
0.000455996
0
0
0.000455996
0.00136799
0
0
0
0
0
0
0
0
0
0
0
0
0
0.00364797
0
0
0
0.000911993
0
0
0
0.000455996
0
0.00136799
0.000911993
0.000455996
0.000455996
0.000911993
0
0.000455996
0.000455996
0
0.000455996
0.000911993
0.000911993
0
0.00136799
0.000455996
0.000911993
0
0.000911993
0
0.000911993
0
0.000455996
0.000911993
0.00136799
0.000455996
0.000911993
0.00136799
0.000911993
0.00182399
0.000455996
0.00182399
0.000455996
0.000455996
0.0328317
0.000455996
0.00136799
0.00136799
0.00227998
0.00227998
0.00364797
0.00410397
0.00410397
0.00455996
0.00547196
0.00364797
0.00547196
0.00319197
0.00729594
0.00501596
0.00319197
0.00638395
0.00547196
0.00501596
0.00547196
0.0109439
0.00547196
0.00364797
0.00547196
0.0100319
0.00273598
0.00319197
0.00501596
0.00227998
0.00501596
0.00501596
0.000911993
0.00227998
0.00273598
0.00136799
0.00182399
0.000911993
0.000911993
0.000911993
0
0.000455996
0.00957592
0
0
0.000455996
0.000455996
0.00227998
0
0.00136799
0
0.00182399
0
0.000911993
0
0.000911993
0.000911993
0
0.000455996
0.00136799
0.000455996
0.000455996
0.000911993
0.000911993
0
0.000455996
0
0.000455996
0.000455996
0.000455996
0
0
0
0
0.000455996
0.00136799
0.000911993
0.000455996
0.000911993
0.000455996
0
0.000455996
0
0
0
0.00319197
0
0
0
0
0.000455996
0.000455996
0.000911993
0.00136799
0
0.000455996
0
0.000911993
0
0.000455996
0.00136799
0
0.00136799
0.000455996
0
0
0.00182399
0.000911993
0.000455996
0.000455996
0.000455996
0
0
0.00182399
0.000911993
0
0.00227998
0.00136799
0
0.00273598
0.00182399
0.000911993
0
0
0.00227998
0.000911993
0.000455996
0.427725