0
0
0
0
0.000411523
0.00164609
0
0.00164609
0
0.000411523
0
0.000823045
0.000411523
0.000411523
0.00164609
0
0.000411523
0.000411523
0.000411523
0.000411523
0
0.00205761
0
0
0
0
0.00123457
0.000411523
0.00123457
0
0
0
0
0
0.000823045
0
0
0
0.000411523
0
0
0
0
0.00329218
0
0
0
0
0
0
0.000411523
0
0
0.000411523
0
0.000823045
0
0.000411523
0
0
0
0
0
0
0.000823045
0
0
0
0
0
0
0.000411523
0
0
0
0
0
0
0
0
0
0
0
0
0
0.000823045
0
0
0
0
0
0.000411523
0
0
0
0
0
0
0
0.000411523
0
0
0.00123457
0
0
0
0.00164609
0
0
0
0
0
0
0.00123457
0
0
0.000411523
0
0
0
0
0
0
0.000411523
0
0.000411523
0
0
0.00823045
0
0.000411523
0.000411523
0
0.000411523
0.000411523
0.00123457
0.000823045
0.000411523
0.00288066
0.000823045
0.00205761
0.000411523
0.00534979
0.00205761
0.000411523
0.00617284
0.00534979
0.00411523
0.000823045
0.0197531
0.00288066
0.0090535
0.00823045
0.0106996
0.0090535
0.00823045
0.0283951
0.00781893
0.0197531
0.0337449
0.00452675
0.0115226
0.0288066
0.027572
0.0135802
0.0242798
0.0127572
0.00329218
0.00123457
0.000411523
0.162551
0
0
0.00576132
0.00534979
0.0090535
0.00781893
0.0119342
0.00288066
0.0205761
0
0.0213992
0.00534979
0.00123457
0.0226337
0.000823045
0.00164609
0.0102881
0.00246914
0.00205761
0
0.0230453
0
0.000411523
0.00576132
0
0.0090535
0.00205761
0.0201646
0
0.00329218
0.000411523
0.00946502
0.000823045
0.00823045
0.00123457
0.00246914
0.000823045
0.00123457
0
0
0
0
0.0345679
0
0
0
0.000823045
0.00164609
0.00288066
0.00411523
0.00699588
0.000411523
0.00781893
0.000411523
0.0037037
0
0.0156379
0.00658436
0
0.0111111
0.0111111
0
0
0.0238683
0
0.00864198
0.00946502
0.0148148
0.00823045
0.00164609
0.0152263
0.00493827
0.00740741
0.0102881
0.000411523
0.00493827
0.00946502
0.0037037
0.00123457
0.00411523
0.000823045
0.000823045
0
0
0.0226337