0.00252781
0.0065723
0.0106168
0.0480283
0.0535895
0.0480283
0.0308392
0.0176946
0.016178
0.0156724
0.0106168
0.0091001
0.0091001
0.0065723
0.00505561
0.00606673
0.00707786
0.00353893
0.00303337
0.00455005
0.00151668
0.00505561
0.00353893
0.00455005
0.00353893
0.00353893
0.00455005
0.00303337
0.00505561
0.00353893
0.00353893
0.00404449
0.00353893
0.00202224
0.00202224
0.00252781
0.00202224
0.00202224
0.00101112
0.00303337
0.00101112
0.00151668
0
0.0677452
0.000505561
0.000505561
0
0.00151668
0
0.00101112
0.00151668
0
0.00151668
0.00101112
0.000505561
0
0.000505561
0.000505561
0.000505561
0
0
0
0
0
0
0
0
0
0
0.000505561
0.000505561
0.00101112
0
0.000505561
0.000505561
0
0
0.000505561
0.000505561
0
0
0
0
0
0
0.000505561
0
0
0
0
0
0
0
0.000505561
0
0
0
0
0
0
0.000505561
0
0
0
0
0
0
0
0.000505561
0.000505561
0
0.00101112
0
0.000505561
0
0.00101112
0
0
0
0.00151668
0.000505561
0
0
0
0.000505561
0.00151668
0
0
0.0242669
0.000505561
0
0
0.00101112
0.00101112
0
0.00101112
0.000505561
0
0.000505561
0
0
0.000505561
0
0.00101112
0
0.000505561
0.000505561
0.000505561
0
0.00151668
0.000505561
0.000505561
0
0
0.00101112
0
0.000505561
0
0
0.00101112
0.000505561
0.000505561
0.00101112
0.00101112
0.00151668
0.000505561
0.00101112
0.00101112
0
0
0.00252781
0.000505561
0
0.00202224
0.00252781
0.00151668
0.000505561
0.000505561
0.000505561
0.00151668
0.000505561
0.00202224
0.00101112
0.00101112
0.00151668
0
0
0.000505561
0
0.00151668
0.00101112
0.00151668
0.00101112
0.000505561
0.000505561
0
0.00101112
0
0
0.00151668
0.000505561
0
0.000505561
0
0
0.000505561
0.00151668
0
0.000505561
0
0.000505561
0
0
0.0131446
0.000505561
0
0
0
0.000505561
0.000505561
0
0.00151668
0
0.00202224
0.00151668
0.00101112
0.00101112
0.00101112
0.000505561
0
0
0.000505561
0.00101112
0.000505561
0.00151668
0.000505561
0.00151668
0.00151668
0
0
0.000505561
0.00151668
0.00101112
0
0.00252781
0.00101112
0.00202224
0.00404449
0.00101112
0.00151668
0.00252781
0.00303337
0.00202224
0.00404449
0.00151668
0.394843