0
0.013986
0.0367133
0.0262238
0.0839161
0.0804196
0.048951
0.0454545
0.0472028
0.0751748
0.0174825
0.0664336
0.0367133
0.0297203
0.0437063
0.0192308
0.0227273
0.0174825
0.0157343
0.0122378
0.0034965
0.0104895
0.00174825
0.0034965
0.00174825
0.00174825
0.00174825
0.0034965
0
0.00174825
0.0034965
0
0
0
0
0
0
0.00174825
0
0
0
0
0
0.00174825
0
0
0
0
0
0
0
0
0
0
0
0
0
0
0
0
0
0
0
0
0
0
0
0
0
0
0
0
0
0
0
0
0
0.00174825
0
0
0
0
0
0
0
0
0
0
0
0
0
0
0
0
0
0
0
0
0
0
0
0
0
0
0
0
0
0
0
0
0
0
0
0
0
0
0
0
0
0
0
0
0
0
0
0
0
0
0
0
0
0
0
0
0
0
0
0
0
0
0
0
0
0
0
0
0
0
0
0.00174825
0
0
0
0
0
0
0
0
0
0
0.00174825
0
0
0.00174825
0
0.00174825
0.00174825
0
0
0
0.00174825
0
0
0
0
0
0
0
0
0.00174825
0
0
0
0
0
0
0
0
0
0
0
0
0
0
0
0
0
0
0.00174825
0
0
0
0
0
0
0
0
0
0
0
0
0
0
0
0
0
0
0
0
0
0
0
0
0
0
0
0
0
0
0
0
0.00174825
0
0
0
0.00174825
0
0
0
0.00174825
0
0.0034965
0.00174825
0.0034965
0
0
0.00174825
0.0034965
0.0104895
0.00874126
0.0104895
0.013986
0.0104895
0.0122378
0.00874126
0.113636