0
0.0469364
0.0616654
0.0329929
0.0257266
0.0163001
0.00962294
0.00923016
0.0043205
0.00903378
0.00392773
0.0117832
0.00392773
0.00274941
0.00864101
0.00157109
0.00216025
0.00274941
0.0029458
0.0029458
0.00176748
0.0174784
0.00196386
0.0029458
0.00530244
0.00235664
0.00648075
0.00216025
0.0117832
0.00137471
0.00471328
0.000392773
0.00569521
0.00196386
0.00530244
0.00176748
0.000981932
0.00137471
0.00117832
0.000981932
0
0
0
0.066575
0.000196386
0.000589159
0
0.000392773
0.000392773
0.000785546
0.00196386
0.00235664
0.000196386
0.00628437
0.000196386
0.00117832
0.000392773
0.00981932
0.000392773
0
0.00117832
0.00196386
0.000196386
0
0.0235664
0
0
0.000785546
0.000589159
0.000196386
0
0.00648075
0
0.000392773
0.00333857
0
0.000196386
0.000785546
0.00137471
0.000392773
0.00117832
0.000196386
0
0
0
0.0379026
0
0
0
0
0.000392773
0
0.000196386
0
0.00196386
0
0.00216025
0.000392773
0.000392773
0.00608798
0.000392773
0.000589159
0.00196386
0.000589159
0.000589159
0.000392773
0.0149254
0
0.000196386
0.00176748
0
0.00157109
0.00196386
0.00667714
0.000196386
0.000981932
0.000589159
0.00333857
0.00176748
0.00412412
0.00235664
0.00117832
0.000589159
0.00176748
0.00137471
0.000196386
0.000392773
0
0.0504713
0.000589159
0.00137471
0.00176748
0.00157109
0.00392773
0.00471328
0.0072663
0.00628437
0.00549882
0.00765907
0.00353496
0.00628437
0.00490966
0.0108013
0.00530244
0.00333857
0.00824823
0.00687353
0.00412412
0.00216025
0.0143362
0.00314218
0.00471328
0.00255302
0.00353496
0.00176748
0.00235664
0.00530244
0.000589159
0.0029458
0.00314218
0.000785546
0.00176748
0.00235664
0.00137471
0.00157109
0.000392773
0.00176748
0.000589159
0.000196386
0
0.0235664
0
0
0.000196386
0.000785546
0.000196386
0.000392773
0.000589159
0.000196386
0.00157109
0
0.000589159
0.000196386
0.000196386
0.00196386
0
0.000392773
0.00137471
0.000392773
0
0.000196386
0.00333857
0
0.000589159
0.000785546
0.000392773
0.000589159
0.000392773
0.00117832
0
0.000392773
0.000196386
0.000981932
0.000392773
0.000392773
0.000196386
0.000196386
0
0.000196386
0.000196386
0
0
0
0.00746269
0
0
0
0.000589159
0
0.000785546
0.000589159
0.000785546
0.000392773
0.00117832
0
0.000392773
0
0.000981932
0.000785546
0.000196386
0.000981932
0.00176748
0.000589159
0.000981932
0.00471328
0.000981932
0.00137471
0.000785546
0.00137471
0.00137471
0.000196386
0.00314218
0.00157109
0.00137471
0.00274941
0.00157109
0.00117832
0.0043205
0.00373134
0.00392773
0.00373134
0.00706991
0.00687353
0.00824823
0.0166929
0.0877848