0
0.00469245
0.00481928
0.00266328
0.00202917
0.00317058
0.00317058
0.00481928
0.00139505
0.00545339
0.00202917
0.00545339
0.00405834
0.00481928
0.00875079
0.00380469
0.00545339
0.00697527
0.00963855
0.0125555
0.0181357
0.0398224
0.0419784
0.0355105
0.0334813
0.0214331
0.0138237
0.00722892
0.0115409
0.00279011
0.00355105
0.00215599
0.00469245
0.00139505
0.00355105
0.00342422
0.00202917
0.00114141
0.00152188
0.00114141
0.000253646
0
0
0.032974
0.000126823
0.000253646
0.00101458
0.000507292
0.00190235
0.00279011
0.00291693
0.00558022
0.0016487
0.00773621
0.000634115
0.00355105
0.000380469
0.0111604
0.00304375
0
0.00773621
0.00380469
0.000887762
0
0.0178821
0
0.000507292
0.00291693
0.00646798
0.00190235
0.000126823
0.0149651
0.000634115
0.00342422
0.0112873
0
0.000126823
0.00621433
0.00405834
0.00228282
0.00114141
0.000253646
0
0.000126823
0
0.0381737
0
0
0
0.000380469
0.00202917
0.00139505
0.00253646
0.000253646
0.00646798
0
0.0106531
0.00291693
0.000507292
0.0139505
0.000507292
0.00215599
0.00748256
0.00342422
0.0016487
0.000887762
0.0247305
0.000126823
0.000760939
0.0032974
0.00101458
0.00722892
0.00253646
0.0128091
0.000380469
0.00177552
0.00126823
0.00963855
0.00139505
0.00405834
0.00443881
0.00202917
0.00190235
0.00101458
0.0016487
0.00101458
0.00114141
0
0.0311985
0.00114141
0.00228282
0.00291693
0.00202917
0.00304375
0.00317058
0.0049461
0.00393152
0.00443881
0.00697527
0.00507292
0.00760939
0.00507292
0.0125555
0.0106531
0.00608751
0.00849715
0.00849715
0.00697527
0.00355105
0.012175
0.00532657
0.0049461
0.00266328
0.00431198
0.00266328
0.00253646
0.00367787
0.00139505
0.00202917
0.00266328
0.000253646
0.000507292
0.00215599
0.00126823
0.000887762
0.000634115
0.000887762
0
0.000126823
0
0.0111604
0
0
0.000126823
0.000507292
0.000634115
0.000253646
0.000380469
0
0.00101458
0
0.000380469
0
0.000126823
0.00126823
0
0.000126823
0.000253646
0.000126823
0
0
0.00253646
0
0
0.000634115
0
0
0.000126823
0.000760939
0
0
0
0
0
0.000380469
0
0
0.000126823
0
0
0
0
0
0.00545339
0
0
0.000126823
0
0
0.000253646
0.000380469
0.000126823
0.000126823
0.00114141
0
0.000380469
0
0.00215599
0.000126823
0.000253646
0.00101458
0.000507292
0.000253646
0
0.00519975
0
0.000126823
0.000507292
0.0016487
0.000253646
0.000380469
0.00393152
0.000634115
0.000887762
0.00443881
0.000380469
0.000380469
0.00355105
0.00228282
0.00177552
0.00177552
0.00152188
0.000887762
0.0016487
0.000126823
0.053773