0
0.0633284
0.0810015
0.0333824
0.0200049
0.011782
0.00699558
0.00687285
0.00454099
0.00834561
0.0033137
0.00699558
0.0062592
0.00773196
0.0116593
0.00699558
0.0074865
0.00895925
0.00834561
0.00932744
0.00687285
0.0162003
0.000736377
0.00675012
0.0101865
0.00270005
0.0111684
0.00687285
0.0115366
0.00319097
0.0062592
0.00306824
0.00871379
0.00454099
0.0062592
0.00724104
0.00576829
0.00478645
0.00368189
0.00319097
0.000859107
0.000122729
0
0.0456554
0
0.000736377
0.00233186
0.00405007
0.00233186
0.00429553
0.00601375
0.00662739
0.00184094
0.00687285
0.00135002
0.00405007
0.000490918
0.00895925
0.00380461
0.000245459
0.00515464
0.00405007
0.000859107
0.000122729
0.0101865
0.000122729
0.00233186
0.00184094
0.00380461
0.00171821
0.00110457
0.00392734
0.000981836
0.00220913
0.00355916
0
0.00110457
0.00355916
0.00270005
0.00110457
0.0020864
0.000859107
0.000245459
0
0
0.0112911
0
0
0
0.000613648
0.00184094
0.000981836
0.000981836
0.000490918
0.00257732
0
0.00282278
0.000859107
0.000736377
0.00282278
0.000736377
0.00159548
0.00171821
0.00159548
0.00110457
0.000981836
0.00613648
0.000122729
0.0020864
0.00282278
0.0012273
0.0033137
0.00184094
0.00355916
0.000736377
0.00233186
0.000981836
0.0033137
0.00196367
0.000981836
0.00294551
0.00257732
0.00171821
0.0033137
0.00319097
0.00220913
0.00159548
0.000122729
0.0201276
0.00135002
0.00368189
0.00576829
0.00503191
0.00589102
0.00552283
0.00895925
0.00638193
0.00687285
0.010432
0.00711831
0.0101865
0.00638193
0.00871379
0.0105547
0.00294551
0.00675012
0.00576829
0.00380461
0.00184094
0.00589102
0.00257732
0.0020864
0.00196367
0.00196367
0.000981836
0.0012273
0.00147275
0.00147275
0.00184094
0.00171821
0.000245459
0.000368189
0.0012273
0.000490918
0.000613648
0.000736377
0.000613648
0.000490918
0.000245459
0.000122729
0.00834561
0
0.000122729
0.000122729
0.000736377
0.000613648
0.000368189
0.00171821
0.000122729
0.000613648
0.000122729
0.000613648
0.000613648
0.000736377
0.00147275
0.000122729
0.000245459
0.000490918
0.000368189
0.000122729
0.000245459
0.00319097
0
0
0.000490918
0
0.000736377
0.000490918
0.000981836
0
0.000245459
0.000245459
0.000736377
0.000122729
0.000736377
0.000122729
0.000368189
0.000490918
0
0.000122729
0.000245459
0
0
0.00355916
0
0.000245459
0
0.000245459
0.000245459
0.000613648
0.0012273
0.000736377
0.000490918
0.000859107
0
0.000736377
0.000245459
0.000859107
0.00110457
0
0.000981836
0.000981836
0.000736377
0.000122729
0.00355916
0.000490918
0.0012273
0.00110457
0.00184094
0.000981836
0.000490918
0.00282278
0.00171821
0.00171821
0.00257732
0.0012273
0.00159548
0.00429553
0.00319097
0.00257732
0.00527737
0.00613648
0.00527737
0.00883652
0.0110457
0.0381689