0.00294118
0.00784314
0.0235294
0.0411765
0.0480392
0.0294118
0.0205882
0.0235294
0.0147059
0.0323529
0.00882353
0.00980392
0.00882353
0.0117647
0.00392157
0.00392157
0.00196078
0.00392157
0.00196078
0.00294118
0.00196078
0.00196078
0.00196078
0.000980392
0.00294118
0.000980392
0.000980392
0.00196078
0
0.00196078
0.000980392
0.00196078
0
0
0.00196078
0
0.000980392
0
0
0.00196078
0
0
0
0.0529412
0
0
0.000980392
0
0
0
0.000980392
0
0
0
0
0
0
0.000980392
0
0
0
0
0
0
0
0
0
0
0
0
0
0
0
0.000980392
0
0
0
0.000980392
0
0
0
0
0
0
0
0
0
0
0
0
0
0
0
0
0
0
0
0
0
0.000980392
0
0
0
0
0
0
0.000980392
0
0.000980392
0
0
0
0
0
0
0
0
0
0.000980392
0
0
0
0
0
0
0.000980392
0
0
0.00784314
0
0
0
0.000980392
0.000980392
0
0.000980392
0.000980392
0
0
0
0.000980392
0.000980392
0.000980392
0
0
0.000980392
0.000980392
0
0
0.00392157
0
0
0
0
0
0
0.00196078
0
0
0
0
0
0.00196078
0
0.000980392
0
0
0
0
0
0.00294118
0
0.000980392
0
0
0
0.00196078
0.000980392
0
0.000980392
0.000980392
0.000980392
0.000980392
0
0.000980392
0
0.000980392
0.000980392
0
0
0.000980392
0
0
0
0.000980392
0
0.000980392
0.000980392
0.000980392
0
0.000980392
0
0
0
0
0
0
0
0
0
0
0
0
0.0176471
0.000980392
0
0
0.000980392
0
0.00196078
0.00294118
0
0
0
0
0.000980392
0
0
0
0.000980392
0
0
0
0
0.00196078
0
0.00196078
0
0.00196078
0
0.000980392
0.00196078
0.00196078
0.00196078
0.000980392
0.00196078
0.00294118
0.00490196
0.00196078
0.00490196
0.000980392
0.00196078
0.00588235
0.00294118
0.00490196
0.493137