0
0.0482524
0.0210331
0.0346427
0.0513455
0.115063
0.0235076
0.0167028
0.0148469
0.0553665
0.00185586
0.0136097
0.00866069
0.00463965
0.00835138
0.00185586
0.00278379
0.00123724
0.00123724
0.00154655
0.00030931
0.00525827
0
0
0.00278379
0.00030931
0.000927931
0.00030931
0.00154655
0
0.00030931
0.00061862
0.00030931
0
0
0.00061862
0
0
0
0
0
0
0
0.00402103
0
0
0
0
0
0
0
0
0
0
0
0
0
0.00030931
0
0
0
0
0
0
0.00030931
0
0
0
0
0
0
0.00030931
0
0
0
0
0
0
0
0
0
0
0
0
0
0.00247448
0
0
0
0
0
0
0
0
0
0
0
0
0
0.00030931
0
0
0
0
0
0
0.00061862
0
0
0
0
0
0
0
0
0
0
0
0
0
0
0
0
0
0
0
0
0
0.00556758
0
0
0
0.00030931
0
0
0.00030931
0.00030931
0
0.000927931
0
0.00061862
0
0.00123724
0.00061862
0
0.00123724
0.00061862
0.00030931
0
0.00185586
0
0.000927931
0.00061862
0.00030931
0.00030931
0
0.00185586
0.00061862
0.00030931
0.00123724
0
0.00061862
0.00061862
0.00030931
0.00030931
0.000927931
0.00030931
0.00030931
0
0
0.0151562
0
0
0.00030931
0
0.00061862
0.00061862
0.00061862
0
0.00030931
0
0.000927931
0.000927931
0.00061862
0.00216517
0
0
0.000927931
0.00061862
0
0
0.00494896
0
0
0.00030931
0
0.00154655
0.00061862
0.0030931
0
0.000927931
0
0.000927931
0.00030931
0.00061862
0
0.00030931
0.00030931
0.00030931
0.00030931
0.00030931
0
0
0.0173214
0
0
0.00030931
0
0.00030931
0
0.000927931
0.00247448
0.00030931
0.00278379
0.00154655
0.00061862
0.00030931
0.00897
0.00185586
0.00030931
0.00371172
0.00123724
0.00061862
0
0.0191772
0.00061862
0.000927931
0.00247448
0.00587689
0.00061862
0.00216517
0.0173214
0.00154655
0.0061862
0.0207238
0.00154655
0.00340241
0.0235076
0.0173214
0.013919
0.0142283
0.0133003
0.00773276
0.012991
0.0061862
0.254253