0.00160256
0.00360577
0.0124199
0.0428686
0.0713141
0.0560897
0.0276442
0.0204327
0.0160256
0.0108173
0.00921474
0.0068109
0.00761218
0.0088141
0.00520833
0.00480769
0.00480769
0.00400641
0.00520833
0.00721154
0.00360577
0.00480769
0.00280449
0.00480769
0.00520833
0.00480769
0.00641026
0.00761218
0.00520833
0.00320513
0.00721154
0.00600962
0.00560897
0.00560897
0.00560897
0.00440705
0.00320513
0.00320513
0.00440705
0.00520833
0.00360577
0.000801282
0
0.0516827
0.000400641
0.00280449
0.000801282
0.000400641
0.00120192
0.00120192
0
0.00120192
0.00200321
0.000801282
0
0.000400641
0.000801282
0.00240385
0.00120192
0.000400641
0.000400641
0.000400641
0
0.000801282
0
0.000400641
0
0
0.000801282
0.000400641
0
0.000400641
0.000400641
0
0
0
0
0.000400641
0
0.000400641
0
0
0.000400641
0.000400641
0.000400641
0.00120192
0
0
0
0
0
0.000400641
0.000400641
0
0
0.000400641
0
0.000400641
0.000801282
0.000400641
0.000400641
0.000400641
0.000400641
0.000801282
0
0
0.000801282
0
0.000400641
0.000400641
0
0
0.000400641
0
0
0.000400641
0.000400641
0
0.000400641
0.000801282
0.000801282
0.000801282
0
0
0
0.000801282
0.000400641
0
0.0104167
0
0
0
0.00120192
0
0.000400641
0.000801282
0.000400641
0
0
0
0.000400641
0.00160256
0.000400641
0
0
0.000400641
0.00120192
0.000801282
0
0.000801282
0.000400641
0
0.000400641
0.000801282
0.000400641
0.000400641
0
0.000400641
0
0.000400641
0.000400641
0.000400641
0.000400641
0.000801282
0
0
0.000400641
0
0.000801282
0.000400641
0.00280449
0.000400641
0.000801282
0.000400641
0.000400641
0.000400641
0.000400641
0.00120192
0.000801282
0.00120192
0.000801282
0.000400641
0.00160256
0.000400641
0
0.000400641
0.000400641
0.000400641
0.000400641
0.000801282
0
0.000801282
0.000400641
0.000400641
0.000400641
0.000400641
0
0.000400641
0.00120192
0.00120192
0.000801282
0
0.000400641
0.000801282
0
0.000400641
0.000801282
0.000400641
0.000801282
0.000400641
0
0.000400641
0
0.00721154
0.00120192
0.000400641
0.000400641
0.00120192
0
0.000400641
0.000801282
0.00160256
0.000400641
0.000400641
0
0.00120192
0
0
0.000801282
0.000400641
0.000400641
0.000801282
0
0.000801282
0.00120192
0.000801282
0
0.000400641
0.00160256
0.000801282
0.000400641
0.00120192
0.00120192
0.00120192
0.000400641
0.00200321
0.00160256
0.00160256
0.000801282
0.000801282
0.00120192
0.00320513
0.000801282
0.00200321
0.00360577
0.387821