0
0.0272059
0.0433824
0.0360294
0.0360294
0.025
0.0205882
0.0154412
0.0183824
0.0110294
0.0132353
0.00882353
0.0110294
0.00735294
0.0257353
0.00441176
0.00808824
0.0169118
0.0161765
0.00735294
0.00735294
0.0338235
0.00661765
0.00735294
0.0117647
0.00367647
0.0272059
0.00661765
0.0279412
0.00661765
0.00882353
0.00367647
0.0154412
0.00514706
0.00882353
0.00367647
0.000735294
0.000735294
0.000735294
0.00294118
0.000735294
0
0
0.0352941
0
0
0
0.000735294
0.000735294
0.00220588
0.00147059
0.00294118
0
0.00367647
0.000735294
0
0
0.00441176
0
0
0.00147059
0.000735294
0
0
0.00955882
0
0
0.00147059
0
0.000735294
0
0.00294118
0
0
0.00147059
0
0
0.00147059
0.00147059
0
0
0.000735294
0
0
0
0.0139706
0
0
0
0.000735294
0
0.00147059
0.000735294
0.00147059
0.000735294
0
0.00147059
0
0
0.00441176
0
0
0.000735294
0.000735294
0.00147059
0
0.00588235
0
0.00147059
0.000735294
0
0.00294118
0
0.00294118
0
0.000735294
0.000735294
0.00147059
0
0.00147059
0.00220588
0
0.000735294
0.00147059
0.00147059
0
0
0
0.0242647
0
0
0.000735294
0
0.00147059
0
0.000735294
0.00294118
0
0.00367647
0.00147059
0.000735294
0.000735294
0.00367647
0.000735294
0
0.00147059
0.00147059
0
0.000735294
0.00294118
0
0.00147059
0.000735294
0.00367647
0
0
0.00441176
0
0.00147059
0.00147059
0.000735294
0.00147059
0.000735294
0
0
0
0
0.000735294
0
0
0.00735294
0
0
0
0.000735294
0.00147059
0
0
0
0.00220588
0.000735294
0.000735294
0.000735294
0
0.000735294
0
0.000735294
0
0.000735294
0.000735294
0
0.000735294
0
0
0
0.00220588
0.000735294
0
0.00147059
0
0.000735294
0.000735294
0.000735294
0
0
0
0
0.000735294
0
0
0
0.000735294
0
0.00735294
0
0.000735294
0.000735294
0
0
0
0
0
0.000735294
0
0.000735294
0
0
0.00294118
0.00147059
0.000735294
0.00294118
0.00367647
0.000735294
0
0.00367647
0.00294118
0.00147059
0.00220588
0.00514706
0.00294118
0.00661765
0.00441176
0.00661765
0.00367647
0.00661765
0.00367647
0.00441176
0.00955882
0.00882353
0.00955882
0.00735294
0.0125
0.0169118
0.0117647
0.0169118
0.0698529