0
0.0390625
0.0425347
0.0434028
0.0381944
0.0303819
0.0243056
0.0251736
0.015625
0.0147569
0.0121528
0.0173611
0.0078125
0.00607639
0.0173611
0.00520833
0.0104167
0.0138889
0.00868056
0.00520833
0.00347222
0.0503472
0.00347222
0.00347222
0.00868056
0.00434028
0.0208333
0.0078125
0.0277778
0.00347222
0.00607639
0.00347222
0.0182292
0.00434028
0.0121528
0.0078125
0.00434028
0.00347222
0.00173611
0.00434028
0.00173611
0
0
0.0477431
0
0.00173611
0
0.000868056
0.00173611
0
0.00173611
0.00173611
0
0.00347222
0
0.00173611
0
0.0104167
0.000868056
0
0.00173611
0
0
0
0.00434028
0
0
0.000868056
0.000868056
0
0
0.00607639
0
0
0.00260417
0
0
0.00173611
0
0
0
0
0
0
0
0.0130208
0
0
0
0
0
0
0
0
0.000868056
0
0.000868056
0.00173611
0
0.00260417
0
0
0
0.000868056
0
0
0.00347222
0
0
0
0
0
0
0.00347222
0
0
0
0.00173611
0
0.00173611
0
0.000868056
0
0
0.000868056
0
0
0
0.0329861
0
0
0
0.000868056
0.000868056
0.000868056
0.000868056
0.00260417
0.00260417
0.00173611
0.000868056
0.000868056
0
0.00260417
0
0.00173611
0.000868056
0
0
0
0.00173611
0
0
0
0.00173611
0
0
0.00260417
0
0.000868056
0.00173611
0
0.000868056
0
0.00260417
0
0
0
0
0
0
0.00347222
0
0
0
0
0
0
0
0
0
0
0
0
0
0.000868056
0
0.000868056
0.00173611
0
0
0
0.00173611
0
0.00173611
0.000868056
0
0.00173611
0
0
0
0
0
0.00173611
0
0
0
0.000868056
0
0.000868056
0.000868056
0
0
0
0.00260417
0
0
0
0.00173611
0
0.00173611
0.000868056
0
0.00173611
0.00260417
0
0
0
0.000868056
0.000868056
0
0.00260417
0.00173611
0.00347222
0
0.00173611
0.00260417
0.00173611
0.00173611
0.00694444
0.00173611
0.00173611
0.00434028
0.00520833
0.00347222
0.0078125
0.0078125
0.00347222
0.00954861
0.00694444
0.00434028
0.0130208
0.0147569
0.0112847
0.0147569
0.0164931
0.0564236