0
0.0461111
0.0366667
0.0355556
0.05
0.0838889
0.0333333
0.025
0.015
0.0422222
0.00666667
0.0166667
0.0166667
0.00833333
0.0144444
0.00611111
0.00388889
0.00555556
0.00444444
0.00444444
0.00166667
0.00722222
0
0.00111111
0.00222222
0.000555556
0.00166667
0.00166667
0.005
0
0.000555556
0.000555556
0.000555556
0.000555556
0.000555556
0.000555556
0
0.000555556
0
0
0
0
0
0.00222222
0
0
0
0
0
0
0
0.00111111
0
0.00166667
0
0
0
0
0
0
0
0.00111111
0
0
0.000555556
0
0
0
0
0
0
0.000555556
0
0
0
0
0
0
0
0
0.000555556
0
0
0
0
0.00111111
0
0
0
0
0
0
0
0
0
0
0
0
0
0
0.000555556
0
0
0
0
0
0.000555556
0
0
0
0
0
0
0
0
0
0
0.000555556
0
0.000555556
0
0.000555556
0
0
0.000555556
0
0
0
0.00166667
0
0.00111111
0.000555556
0.000555556
0
0
0.000555556
0
0.000555556
0.000555556
0
0.000555556
0.00111111
0.00166667
0.00222222
0
0.00222222
0.000555556
0
0.000555556
0.00277778
0
0
0.000555556
0.00111111
0.000555556
0.000555556
0.000555556
0
0.00111111
0
0
0.000555556
0.00111111
0.000555556
0.000555556
0
0.00111111
0
0
0
0.00611111
0
0
0.000555556
0
0.00111111
0
0.000555556
0.000555556
0
0
0.00111111
0.000555556
0.000555556
0.00444444
0.000555556
0
0.00111111
0.000555556
0.000555556
0
0.00222222
0
0.000555556
0
0
0.00166667
0.000555556
0.00388889
0
0.00166667
0.000555556
0.00111111
0
0
0
0
0
0
0
0
0
0
0.00888889
0
0
0
0
0.00111111
0
0.00222222
0.00222222
0
0.00277778
0
0.00111111
0
0.00555556
0.00166667
0.00111111
0.00166667
0.00166667
0.000555556
0.000555556
0.0144444
0.00111111
0.00222222
0.00166667
0.00944444
0.00277778
0.00277778
0.015
0.005
0.00611111
0.0166667
0.000555556
0.00388889
0.0194444
0.0211111
0.0144444
0.0205556
0.0111111
0.0111111
0.0111111
0.0138889
0.216111