0
0.0534255
0.035198
0.0389692
0.0747957
0.079824
0.044626
0.0452546
0.0213702
0.043369
0.0119422
0.0232558
0.0144563
0.00817096
0.0138278
0.00565682
0.00377121
0.00565682
0.00377121
0.00188561
0.00125707
0.00251414
0
0.00188561
0.00188561
0
0.000628536
0.000628536
0.00125707
0
0.000628536
0
0
0
0.000628536
0.000628536
0
0
0
0.000628536
0
0
0
0.00377121
0
0
0
0.000628536
0
0.000628536
0.000628536
0
0
0.000628536
0
0
0
0.000628536
0
0
0
0
0
0
0.000628536
0
0
0
0.000628536
0
0
0
0.000628536
0
0
0
0
0
0
0
0
0.000628536
0
0
0
0
0
0
0
0
0
0
0
0
0
0
0
0
0
0.000628536
0
0
0
0
0
0
0.00125707
0
0
0
0
0
0
0.000628536
0
0
0
0.000628536
0
0
0
0
0
0.000628536
0
0
0
0
0.00188561
0.000628536
0
0
0
0
0.000628536
0
0.000628536
0
0.000628536
0
0.000628536
0
0.000628536
0
0
0.000628536
0.000628536
0
0
0.00125707
0
0
0
0.00125707
0.000628536
0
0
0
0
0.000628536
0
0
0
0
0
0.00125707
0.000628536
0
0
0
0.00314268
0
0
0.000628536
0.000628536
0
0
0
0
0.000628536
0
0.000628536
0
0.000628536
0.000628536
0
0.000628536
0
0
0
0
0.000628536
0
0
0
0
0
0
0.000628536
0
0.000628536
0
0.000628536
0
0
0
0
0
0.000628536
0
0
0
0
0.00125707
0
0
0
0
0
0.000628536
0
0.00188561
0.000628536
0.00125707
0
0.000628536
0
0.00251414
0
0
0.000628536
0.00125707
0.000628536
0
0.0087995
0.00188561
0.00188561
0.00251414
0.00502828
0.00125707
0.00125707
0.0087995
0.00251414
0.00502828
0.0125707
0.00251414
0.00502828
0.0213702
0.0125707
0.0087995
0.0125707
0.00942803
0.00942803
0.0157134
0.00628535
0.255185