0
0.0350958
0.0344031
0.0240129
0.0157008
0.0143154
0.0122374
0.0126991
0.00877396
0.01293
0.00785038
0.0131609
0.00923574
0.00831217
0.0154699
0.00669591
0.00484876
0.00507966
0.00692681
0.0036943
0.00115447
0.0163934
0.000692681
0.00230894
0.00277072
0.00184715
0.00554145
0.0036943
0.00992842
0.00115447
0.00415608
0.00161625
0.00646502
0.00300162
0.00646502
0.0034634
0.00253983
0.00184715
0.00207804
0.000692681
0.000230894
0
0
0.0858924
0
0
0.00161625
0.00323251
0.00323251
0.00415608
0.00785038
0.0115447
0.0034634
0.0207804
0.000230894
0.00738859
0
0.0235511
0.0036943
0
0.0110829
0.00623413
0.00115447
0
0.0387901
0
0.00161625
0.00323251
0.00900485
0.00253983
0
0.0177788
0
0.00161625
0.00831217
0
0.000461787
0.0071577
0.00184715
0.000461787
0.000461787
0
0
0
0
0.0339414
0
0
0
0
0
0.000692681
0.000692681
0
0.00230894
0
0.00415608
0.000230894
0
0.00461787
0
0.000230894
0.000923574
0.000692681
0
0
0.00831217
0
0
0.000461787
0
0.00138536
0.000461787
0.0036943
0
0.000461787
0
0.00161625
0
0.00161625
0.00207804
0.000692681
0
0.000230894
0.000461787
0
0
0
0.0177788
0
0.000230894
0.000461787
0.000923574
0.000461787
0.00161625
0.00115447
0.00207804
0.00138536
0.00253983
0.000461787
0.00230894
0.00230894
0.00392519
0.00323251
0.00161625
0.00415608
0.00300162
0.00115447
0.000923574
0.00623413
0.00184715
0.00207804
0.00115447
0.00300162
0.00161625
0.000230894
0.00161625
0.00184715
0.00253983
0.00184715
0.000692681
0.000923574
0.00253983
0.00161625
0.000923574
0.000692681
0
0.000461787
0
0
0.0175479
0
0
0.000461787
0.000230894
0.000230894
0.000923574
0.000923574
0
0.00115447
0
0.00115447
0.000230894
0.000230894
0.00138536
0
0.000461787
0.000230894
0.000461787
0
0
0.00392519
0
0
0.000923574
0
0.000923574
0.000692681
0.00161625
0
0.000461787
0
0.000692681
0.000923574
0.000230894
0.000923574
0
0
0.000461787
0.000230894
0.000230894
0
0
0.00738859
0
0
0.000692681
0
0.000461787
0.000461787
0.000692681
0.000923574
0.000230894
0.000923574
0.000692681
0
0.000461787
0.00184715
0.000692681
0
0.000461787
0.000923574
0.000230894
0.000230894
0.00554145
0.000461787
0.000461787
0.000692681
0.000923574
0.000923574
0.000923574
0.00300162
0.00184715
0.00230894
0.00323251
0.00138536
0.00184715
0.00507966
0.00507966
0.00600323
0.00761949
0.00785038
0.00738859
0.0113138
0.010852
0.0886631