0.00536673
0.0268336
0.033393
0.0208706
0.0268336
0.0166965
0.0149076
0.0101372
0.00775194
0.00834824
0.00357782
0.00357782
0.000596303
0.000596303
0.00119261
0
0.00119261
0.00178891
0.000596303
0.000596303
0.00178891
0.00178891
0
0.00119261
0.000596303
0.000596303
0.000596303
0.000596303
0.000596303
0
0.00119261
0
0.000596303
0
0
0
0.000596303
0
0.000596303
0.000596303
0
0
0
0.00715563
0
0
0
0.000596303
0
0
0
0
0
0
0
0
0.000596303
0
0
0
0
0.000596303
0
0
0
0
0
0
0
0
0
0
0
0
0
0
0
0.000596303
0
0
0
0
0
0
0
0.00178891
0
0
0
0
0
0
0.000596303
0
0.000596303
0.000596303
0
0
0
0
0
0
0
0
0
0
0.000596303
0
0
0
0
0
0
0
0
0
0
0.000596303
0
0
0
0
0
0
0
0
0
0
0.019678
0
0
0.00119261
0
0
0
0.00119261
0.00119261
0.000596303
0.000596303
0.00119261
0.00119261
0.000596303
0.00238521
0
0.00119261
0.00178891
0.00477042
0.00417412
0.000596303
0.00238521
0.00238521
0.00298151
0.00119261
0.00238521
0.00238521
0.00238521
0.00655933
0.00596303
0.000596303
0.00238521
0.00238521
0.00477042
0.00417412
0.00298151
0.00298151
0.00298151
0.00417412
0.00238521
0.00357782
0
0.0220632
0
0.00119261
0.000596303
0.00357782
0.00417412
0.00298151
0.00357782
0.00119261
0.00417412
0.000596303
0.00536673
0.00178891
0.00357782
0.00715563
0.00417412
0.00357782
0.00536673
0.00298151
0.00298151
0.00119261
0.00715563
0
0.00119261
0.00298151
0.00119261
0.00357782
0.00178891
0.00178891
0.00178891
0.00238521
0.00119261
0.00417412
0.00119261
0.00178891
0.000596303
0.000596303
0.00298151
0.00238521
0.00119261
0.00119261
0.000596303
0
0.0411449
0.000596303
0.000596303
0.00178891
0.00238521
0.00119261
0.00357782
0.000596303
0.00357782
0.00178891
0.00119261
0.00178891
0.00536673
0.00238521
0.00477042
0.00417412
0
0.00477042
0.00178891
0.00119261
0.00357782
0.0119261
0.00238521
0.00775194
0.00775194
0.00477042
0.00417412
0.00417412
0.00834824
0.00834824
0.00775194
0.00655933
0.0107335
0.00834824
0.00894454
0.0119261
0.013715
0.0125224
0.00954085
0.019678
0.0190817
0.0178891
0.266547