0
0.0524464
0.0607611
0.0409338
0.0252638
0.0166294
0.00927406
0.00927406
0.00735529
0.0111928
0.00735529
0.0131116
0.0070355
0.0102335
0.0175887
0.0070355
0.00415734
0.010873
0.00927406
0.00639591
0.00767509
0.0207867
0.00511673
0.00639591
0.00831468
0.00863447
0.0143908
0.00927406
0.0143908
0.00447713
0.00927406
0.00863447
0.0121522
0.00383754
0.0070355
0.00767509
0.00735529
0.00255836
0.00287816
0.00191877
0.00159898
0.00159898
0
0.0470099
0.000959386
0.000959386
0.00191877
0.00191877
0.00223857
0.00287816
0.00287816
0.00255836
0.00127918
0.00415734
0
0.00191877
0.000639591
0.00735529
0.00127918
0
0.00255836
0.00159898
0.000319795
0.000319795
0.0121522
0.000639591
0.00191877
0.000959386
0.00127918
0.000959386
0
0.00447713
0.000959386
0.000959386
0.00127918
0
0.000639591
0.00287816
0.000319795
0
0.00127918
0.000319795
0
0
0
0.0127918
0
0
0
0.000319795
0.000639591
0
0.000319795
0
0.00127918
0
0.00287816
0.000639591
0.000319795
0.00479693
0
0
0.00127918
0.00127918
0.000639591
0
0.00831468
0
0
0.00159898
0.000639591
0.000959386
0.000639591
0.00287816
0.000639591
0.00191877
0.000959386
0.00159898
0.000959386
0.00319795
0.000639591
0.00159898
0.000959386
0.00319795
0.000959386
0.00127918
0
0
0.0198273
0
0.00191877
0.00159898
0.00223857
0.00287816
0.00319795
0.00159898
0.00191877
0.00255836
0.00479693
0.00255836
0.00287816
0.000639591
0.00415734
0.00415734
0.00127918
0.00383754
0.00255836
0.00447713
0.000959386
0.0137512
0.000639591
0.00415734
0.00351775
0.00447713
0.00319795
0.00287816
0.00863447
0.00223857
0.00351775
0.00191877
0.000639591
0.00287816
0.00287816
0.00159898
0.00191877
0.000639591
0.00191877
0.00127918
0
0
0.0163096
0
0.000319795
0.000639591
0.000319795
0.000319795
0.000319795
0.000959386
0.000639591
0.000639591
0.000319795
0.000639591
0.000959386
0.000319795
0.00223857
0
0.000959386
0.000959386
0.000319795
0.000959386
0.000639591
0.00127918
0
0
0.000639591
0.000319795
0.000639591
0
0.000959386
0.000319795
0.000639591
0.000639591
0.00127918
0.000319795
0.000319795
0
0.000639591
0
0
0.000319795
0
0
0
0.00767509
0
0
0.000319795
0.000959386
0
0.000639591
0.000639591
0.000319795
0
0.000639591
0.000319795
0.000959386
0
0.00287816
0.000959386
0.000319795
0.000639591
0.00127918
0.000319795
0
0.00415734
0.000639591
0.000639591
0.00159898
0.000639591
0.000959386
0.00127918
0.00543652
0.00191877
0.00319795
0.00255836
0.00223857
0.00255836
0.00447713
0.00383754
0.00383754
0.00511673
0.00639591
0.00895427
0.010873
0.0131116
0.0588423