0.000606061
0.00585859
0.0133333
0.0781818
0.0709091
0.0327273
0.0218182
0.0163636
0.0141414
0.0123232
0.00868687
0.00808081
0.00707071
0.00929293
0.00666667
0.00606061
0.00343434
0.00363636
0.0030303
0.00484848
0.0030303
0.00545455
0.00343434
0.00444444
0.00262626
0.00323232
0.00484848
0.0040404
0.00484848
0.00343434
0.0020202
0.00222222
0.00242424
0.00464646
0.00343434
0.00363636
0.00141414
0.00181818
0.0020202
0.00141414
0.00121212
0.000808081
0
0.0511111
0
0.00040404
0.000606061
0.0010101
0.00040404
0.000606061
0.000808081
0.000606061
0.00020202
0.00040404
0.00020202
0.00020202
0.000606061
0
0.00040404
0.00020202
0.00040404
0.00040404
0.00020202
0
0.000606061
0
0.000606061
0.000606061
0.00020202
0
0.00040404
0.00040404
0.00020202
0.00020202
0.00020202
0.00020202
0
0.00040404
0.00040404
0
0.000606061
0.00040404
0.00020202
0
0
0.00141414
0
0
0
0.00040404
0
0
0.00040404
0.00020202
0.000606061
0.00020202
0.00040404
0.00040404
0.00020202
0
0
0.00020202
0.00040404
0.00040404
0
0.00020202
0.00121212
0.00020202
0
0.00040404
0.00020202
0.00040404
0
0.00040404
0
0.00020202
0.000606061
0.00040404
0.000808081
0.00020202
0.00040404
0.00040404
0.00040404
0.00040404
0.000606061
0.000606061
0.000808081
0
0.0274747
0.00020202
0.00161616
0.0010101
0.00161616
0
0.0010101
0.000808081
0.00020202
0.00020202
0.00141414
0.00040404
0.000808081
0.000606061
0.00262626
0.00141414
0.0010101
0.0010101
0.00161616
0.000606061
0.000606061
0.00222222
0.00121212
0.0010101
0.0010101
0.000808081
0.00040404
0.000808081
0.000808081
0.00020202
0.000808081
0.00141414
0.00020202
0.00161616
0.0010101
0.00040404
0.0010101
0.00040404
0.00121212
0.00040404
0
0.000606061
0.00424242
0.00020202
0.00020202
0.000606061
0
0.000606061
0.00020202
0.00020202
0.000808081
0.000606061
0.00020202
0.00040404
0.000606061
0.000808081
0.0020202
0.000606061
0.00141414
0.000808081
0.000606061
0.000606061
0.000606061
0.00121212
0
0.00020202
0.00020202
0.00040404
0.000606061
0.00040404
0.000606061
0.00020202
0.000606061
0.00040404
0.00020202
0.00040404
0.000606061
0.00121212
0.00040404
0.00020202
0.000606061
0.00020202
0
0.00020202
0
0.00949495
0
0.00020202
0.00020202
0
0.000808081
0.000606061
0.000606061
0.000606061
0.000808081
0.0010101
0.000606061
0.000808081
0.00040404
0.00020202
0.0010101
0.000808081
0.00040404
0.00181818
0.000606061
0.00040404
0.00141414
0.00040404
0.00121212
0.00141414
0.0010101
0.00040404
0.00161616
0.0020202
0.00141414
0.00121212
0.00161616
0.00141414
0.0020202
0.00262626
0.0020202
0.00141414
0.00222222
0.00424242
0.00262626
0.00181818
0.00282828
0.380404