0
0.00843254
0.00892857
0.0104167
0.00545635
0.00694444
0.00545635
0.0014881
0.0014881
0.00198413
0.00347222
0.00545635
0.0014881
0.00248016
0.00347222
0.000992064
0.0014881
0.00396825
0.00396825
0.00248016
0.00347222
0.00545635
0.00248016
0.0143849
0.00843254
0.00744048
0.0168651
0.0198413
0.0213294
0.0133929
0.0183532
0.0133929
0.0114087
0.0124008
0.0104167
0.00644841
0.00992064
0.0014881
0.00644841
0.00297619
0.00545635
0
0
0.0233135
0.000496032
0
0.000496032
0.000496032
0
0.000992064
0.0014881
0.0014881
0
0.000496032
0
0.0014881
0
0.000992064
0.000496032
0
0.000496032
0
0
0
0.000496032
0
0
0.000496032
0
0
0
0.000496032
0.000496032
0
0.000496032
0
0
0
0.000496032
0.000496032
0
0
0
0
0
0.00248016
0
0
0
0
0
0
0.000496032
0
0.000992064
0
0.000992064
0.000496032
0
0.000496032
0
0
0.000992064
0.000496032
0
0
0.000992064
0
0
0.000496032
0
0.0014881
0
0.000496032
0
0
0
0
0.000496032
0
0.000992064
0.0014881
0
0
0.000496032
0.000496032
0
0
0.0183532
0
0.000496032
0.000496032
0.0014881
0
0.00198413
0.00198413
0.00248016
0.00248016
0.00198413
0.000992064
0.0014881
0.000992064
0.00446429
0.00248016
0.00198413
0.00446429
0.00446429
0.00248016
0.000496032
0.00843254
0.00644841
0.00595238
0.00347222
0.00644841
0.0104167
0.0124008
0.0188492
0.0143849
0.015873
0.0128968
0.00892857
0.00992064
0.0119048
0.00744048
0.00644841
0.0094246
0.00793651
0.0014881
0.00446429
0.00198413
0.015377
0.0014881
0.00248016
0.00644841
0.00297619
0.00396825
0.00396825
0.00396825
0.00297619
0.00545635
0.00198413
0.00595238
0.00446429
0.00198413
0.00496032
0.000496032
0.0014881
0.00396825
0.00198413
0.00347222
0.000992064
0.00396825
0.000992064
0.00198413
0.00198413
0.000992064
0.00297619
0.0014881
0.00644841
0.000496032
0.00198413
0.000992064
0.00446429
0.00198413
0.00297619
0.00297619
0.0014881
0.000496032
0.000496032
0.000496032
0.0014881
0
0
0.00793651
0
0.000992064
0.000496032
0.000992064
0.00198413
0.000992064
0.00248016
0.00297619
0.00297619
0.00297619
0.000496032
0.00496032
0.00297619
0.00198413
0.00297619
0.0014881
0.00396825
0.00446429
0.000992064
0.00198413
0.00396825
0.00496032
0.00198413
0.00446429
0.00446429
0.00347222
0.00248016
0.00248016
0.00446429
0.00545635
0.00694444
0.00496032
0.00644841
0.00644841
0.00892857
0.00545635
0.00892857
0.00892857
0.0168651
0.0282738
0.0262897
0.0758929