0
0
0
0.00284091
0.00113636
0.00113636
0.00170455
0.00113636
0
0.000568182
0
0.00397727
0.00284091
0
0.00227273
0
0.000568182
0.00227273
0
0
0
0.000568182
0
0
0
0
0
0
0
0
0
0
0
0
0.000568182
0
0
0
0
0
0
0
0
0.00227273
0
0
0
0
0
0
0
0.000568182
0
0
0.000568182
0
0
0
0
0
0
0
0
0
0
0
0
0
0
0
0
0
0
0
0
0
0
0
0
0
0
0
0
0
0
0.000568182
0
0
0
0
0
0
0
0
0
0
0
0
0
0
0
0
0
0
0
0
0
0
0
0
0
0
0
0
0
0
0
0
0
0
0
0
0
0
0
0
0
0
0.00511364
0
0
0
0
0
0
0
0.000568182
0
0.000568182
0
0.000568182
0
0.00227273
0.00170455
0
0.00227273
0.00397727
0.00170455
0.00170455
0.0125
0.00284091
0.00625
0.00625
0.00852273
0.00852273
0.0107955
0.0147727
0.0102273
0.0125
0.0244318
0.00511364
0.00625
0.0102273
0.00681818
0.00738636
0.00625
0.00795455
0.00568182
0.00284091
0
0.165909
0
0.000568182
0.000568182
0.00454545
0.00227273
0.00227273
0.00284091
0
0.00795455
0
0.0119318
0.00113636
0.000568182
0.0352273
0.00170455
0
0.00568182
0.00170455
0.00170455
0
0.0642045
0
0.00113636
0.000568182
0
0.00227273
0.00284091
0.00965909
0.000568182
0.00340909
0.000568182
0.00284091
0.00113636
0.00113636
0.00284091
0
0.000568182
0.00340909
0.00113636
0
0
0
0.0846591
0
0
0.000568182
0.00113636
0.000568182
0.00340909
0.00170455
0.00227273
0.000568182
0.00625
0.000568182
0.00397727
0
0.0193182
0.00284091
0
0.00681818
0.00625
0.00340909
0
0.0414773
0.00227273
0.00852273
0.00909091
0.0119318
0.00568182
0.00625
0.0204545
0.00568182
0.00965909
0.0147727
0.00568182
0.00454545
0.0221591
0.00795455
0.0119318
0.00625
0.00909091
0.00625
0.00113636
0
0.0778409