0
0
0
0
0
0.000472813
0
0.00141844
0.000472813
0.000945626
0
0.00189125
0
0
0.00189125
0
0
0.000945626
0.00141844
0
0
0.00425532
0
0
0.000945626
0
0
0
0.000472813
0
0
0
0
0
0
0
0
0
0
0
0
0
0
0.00236407
0
0
0
0
0
0
0
0
0
0
0
0
0
0
0
0
0
0
0
0
0
0
0
0
0
0.000472813
0
0
0
0
0
0
0
0
0
0
0
0
0
0
0
0.000472813
0
0
0
0
0
0
0
0
0
0
0.000472813
0
0
0
0
0
0
0
0
0
0
0
0
0
0
0
0
0.000472813
0
0
0
0.000472813
0
0
0
0
0
0
0
0
0
0
0.00898345
0
0
0
0
0
0
0
0.000472813
0
0.000945626
0
0
0
0.00330969
0.000472813
0
0.00236407
0.00236407
0
0
0.027896
0
0.00283688
0.00945626
0.00945626
0.00945626
0.000472813
0.0572104
0.00141844
0.0236407
0.020331
0
0.00236407
0.0212766
0.012766
0.00851064
0.00378251
0
0
0
0
0.335697
0
0
0
0
0.00189125
0.000945626
0.00378251
0.000945626
0.00330969
0
0.00614657
0
0
0.0179669
0
0
0.000945626
0.00236407
0.000472813
0
0.0496454
0
0
0.00141844
0
0.00472813
0.000945626
0.00945626
0
0.000472813
0
0.00425532
0
0.00283688
0.00236407
0
0
0
0
0
0
0
0.0690307
0
0
0
0
0
0
0.000945626
0.00661939
0
0.00945626
0
0.00189125
0
0.0113475
0
0
0.00614657
0.00283688
0
0
0.0245863
0
0.000472813
0.0070922
0.00851064
0.00661939
0
0.0193853
0
0.0189125
0.0137116
0
0.00283688
0.0070922
0.00756501
0.00756501
0.0113475
0.00141844
0
0
0
0.0543735