0
0.01
0.01
0.0025
0.0125
0
0.0075
0.0075
0.0025
0.005
0.01
0.005
0.01
0.005
0
0.0025
0.0025
0
0.005
0.0075
0
0.0075
0.0025
0.005
0
0.005
0.0025
0.0025
0.0075
0.0025
0.0025
0
0
0.0025
0
0.0025
0.0125
0.0025
0.0025
0
0
0
0
0.0775
0
0
0
0.0025
0
0
0
0
0
0
0.0025
0
0
0
0
0
0
0.0025
0
0
0.005
0
0
0
0
0
0
0
0
0
0
0
0
0
0
0
0
0
0
0
0
0.0025
0
0
0
0
0
0.0025
0
0
0
0
0
0
0
0
0
0
0
0
0
0
0.005
0
0
0
0
0
0
0.0025
0
0.0025
0
0
0.005
0
0
0
0
0
0
0.0025
0
0
0.01
0
0
0
0
0
0.005
0
0.0025
0
0
0
0
0
0.0025
0
0
0.0025
0.0025
0.0025
0
0
0
0
0.0025
0
0
0
0
0
0.0025
0
0
0
0
0.0025
0
0
0
0
0.0025
0
0.005
0
0.0025
0
0.0025
0
0
0.0025
0.0025
0
0
0
0.0025
0
0
0
0
0
0
0
0
0.0025
0.0025
0
0
0
0
0
0.005
0
0
0.005
0
0.0025
0.0025
0
0.0025
0
0
0.005
0
0
0.0025
0.025
0
0
0
0.0025
0
0.0025
0
0.01
0.0025
0.0025
0
0
0.0025
0.0025
0.0025
0.01
0.0075
0
0
0.005
0.0075
0.01
0.005
0.005
0.0125
0.0125
0.0025
0.0075
0.0075
0.005
0.015
0.015
0.0075
0.0175
0.0225
0.01
0.015
0.0075
0.0125
0.0175
0.0225
0.325