0
0.0502415
0.0657005
0.0531401
0.0541063
0.0434783
0.0415459
0.0429952
0.0352657
0.0391304
0.0280193
0.0347826
0.02657
0.0299517
0.0275362
0.0183575
0.0169082
0.0149758
0.0115942
0.00966184
0.010628
0.010628
0.00724638
0.00821256
0.00724638
0.00434783
0.00241546
0.00386473
0.00483092
0.00483092
0.00241546
0.00144928
0
0.000483092
0.000966184
0.00144928
0.00144928
0.000483092
0.000483092
0.000966184
0.000966184
0
0
0.0057971
0
0
0
0
0.000483092
0
0
0
0
0.000483092
0.000483092
0.000483092
0.000966184
0.000966184
0.000483092
0
0.000483092
0
0
0
0.000483092
0
0
0
0
0
0
0
0
0
0.000483092
0
0
0
0
0
0
0
0
0
0
0.000483092
0
0
0
0
0
0.000483092
0
0
0.000483092
0
0
0.000483092
0
0.000483092
0
0
0
0
0
0
0.000483092
0
0
0
0
0
0
0.000483092
0
0
0.000483092
0
0
0.000483092
0
0
0.000483092
0
0
0
0
0
0
0
0
0
0
0
0
0
0
0
0
0
0
0
0
0
0
0
0
0
0
0
0
0
0
0
0
0
0
0
0
0
0
0
0
0
0
0
0
0
0
0
0.000483092
0
0
0
0
0
0
0.000483092
0.000483092
0.000483092
0
0
0
0.000483092
0
0.000483092
0.000483092
0
0.000966184
0.000483092
0.000483092
0.000483092
0
0
0
0
0.000483092
0.000483092
0
0
0
0
0
0.000483092
0
0.000483092
0.000966184
0
0
0
0
0
0
0.000483092
0
0
0
0.000483092
0.000483092
0
0
0
0.000483092
0.000483092
0
0.000966184
0
0.000483092
0
0
0
0.000966184
0.000483092
0.00193237
0.000966184
0.000483092
0.000966184
0.000966184
0.00241546
0.00144928
0.00241546
0.000966184
0.00144928
0.00338164
0.00289855
0.00434783
0.00434783
0.00434783
0.00966184
0.0101449
0.0135266
0.0183575
0.0144928
0.0318841
0.0241546
0.094686