0
0.0340136
0.0232426
0.0249433
0.0249433
0.0283447
0.0379819
0.0396825
0.0430839
0.0549887
0.053288
0.0464853
0.0459184
0.047619
0.0402494
0.0277778
0.0345805
0.0255102
0.0209751
0.0102041
0.0215419
0.0102041
0.00907029
0.0119048
0.00963719
0.00736961
0.00680272
0.00566893
0.00566893
0.00510204
0.00283447
0.00396825
0.00170068
0.00226757
0.00170068
0
0.000566893
0.00113379
0.00113379
0
0.000566893
0.000566893
0
0.000566893
0
0.000566893
0
0
0
0.000566893
0.00170068
0
0
0.000566893
0.000566893
0
0.000566893
0.000566893
0
0
0.000566893
0.000566893
0.000566893
0
0
0
0.000566893
0.000566893
0.000566893
0
0
0
0
0
0.000566893
0
0
0
0
0
0
0
0
0.000566893
0
0
0
0
0
0
0
0
0
0
0
0
0
0
0
0.000566893
0
0
0
0
0.000566893
0
0
0
0
0
0
0
0
0
0
0
0
0
0
0
0
0
0
0
0
0
0
0
0.00113379
0
0
0
0
0
0
0
0
0
0
0
0
0
0
0
0
0
0
0
0
0
0
0
0
0
0
0
0
0
0
0
0
0
0
0
0
0
0
0
0
0
0
0
0
0
0
0
0
0
0.000566893
0
0
0
0
0
0.000566893
0
0
0.000566893
0
0
0
0
0
0.000566893
0.000566893
0
0
0
0
0
0
0
0
0
0
0
0
0
0
0
0.000566893
0
0
0.00170068
0
0
0
0
0
0
0
0
0
0
0
0.000566893
0.000566893
0.000566893
0.000566893
0.00283447
0
0.000566893
0.00113379
0
0.000566893
0.000566893
0.00113379
0.00170068
0.00226757
0.00226757
0.00113379
0.00113379
0.00396825
0.00170068
0.00566893
0.00170068
0.00396825
0.00340136
0.0085034
0.00510204
0.00736961
0.0119048
0.0136054
0.0345805
0.0515873
0.0385488