0
0.00699301
0.00955711
0.00955711
0.0111888
0.0100233
0.00489511
0.00792541
0.00722611
0.013986
0.00792541
0.0191142
0.0149184
0.0193473
0.018648
0.0130536
0.0135198
0.0104895
0.0121212
0.00745921
0.00792541
0.00652681
0.000699301
0.0032634
0.0016317
0.0011655
0.0018648
0.0020979
0.002331
0.0016317
0.0025641
0.0020979
0.0020979
0.0018648
0.0027972
0.002331
0.002331
0.0025641
0.0039627
0.0018648
0.0025641
0.0016317
0.0002331
0.0137529
0.000932401
0.0011655
0.000699301
0.000932401
0.000932401
0.0004662
0.000932401
0.000932401
0.0004662
0.0004662
0.0002331
0.0011655
0.0002331
0
0.0013986
0.000699301
0.0002331
0.0004662
0.0020979
0.0004662
0.000932401
0.0002331
0.0004662
0.0004662
0.000699301
0.0004662
0
0.0013986
0.0002331
0.0004662
0
0.0002331
0
0
0.0004662
0.0004662
0
0.0002331
0
0
0
0
0
0
0.0004662
0
0
0
0.0002331
0.0002331
0.0002331
0
0.0004662
0
0.000699301
0.0004662
0
0.0002331
0.0004662
0.0002331
0.0002331
0
0
0.0002331
0.0002331
0.0002331
0.0002331
0.0004662
0.0004662
0.0004662
0.0004662
0.000699301
0.0011655
0.0002331
0
0
0.0004662
0.0002331
0.0002331
0
0.0002331
0.0002331
0
0
0.0193473
0.0002331
0.0002331
0.000699301
0
0.0002331
0.0002331
0.000699301
0
0.0004662
0.0004662
0
0.0004662
0.0002331
0.0002331
0.0002331
0
0.000699301
0.0002331
0.0004662
0
0
0.0002331
0
0
0
0
0
0.0004662
0
0.0004662
0.0004662
0
0
0.0002331
0
0.000699301
0.0002331
0
0.0002331
0
0.0002331
0.0018648
0.000699301
0.0002331
0.0002331
0.0002331
0.0002331
0.000699301
0.000932401
0.0004662
0
0
0
0
0
0.0004662
0
0.0004662
0.0002331
0
0
0.0004662
0.0011655
0
0.0002331
0.0011655
0
0.0004662
0.0002331
0
0
0.0002331
0.0002331
0
0
0
0.0002331
0
0.0002331
0
0
0.0004662
0.0002331
0
0.0016317
0
0.0002331
0
0.0002331
0.0002331
0.0002331
0.0002331
0.0002331
0.0002331
0.0004662
0.0002331
0.000699301
0.0004662
0.0002331
0.0002331
0.0002331
0.0004662
0.0004662
0
0.0004662
0.0011655
0.0011655
0.0013986
0.0018648
0.0004662
0.000932401
0.0011655
0.000932401
0.000932401
0.0018648
0.000932401
0.002331
0.0030303
0.0041958
0.004662
0.00582751
0.0114219
0.0242424
0.0310023
0.0368298
0.0347319
0.459441