0
0
0
0.000567215
0
0.00226886
0.00283607
0.00226886
0
0.00283607
0
0.00453772
0.000567215
0
0.00623936
0
0.000567215
0.000567215
0
0
0
0.00737379
0
0
0.000567215
0
0
0
0.00226886
0
0.000567215
0
0.00226886
0
0
0.000567215
0.000567215
0
0
0
0
0
0
0.0113443
0
0
0
0
0
0
0.000567215
0
0
0.00113443
0
0
0
0.00170164
0
0
0
0
0
0
0.00226886
0
0
0
0
0
0
0
0
0
0
0
0
0
0
0
0
0
0
0
0
0.00567215
0
0
0
0
0
0
0
0
0
0
0
0
0
0.00113443
0
0
0
0
0
0
0.00113443
0
0
0
0
0
0
0.00170164
0
0
0
0
0
0
0.000567215
0
0
0
0
0
0
0
0.0102099
0
0
0
0
0
0.000567215
0.000567215
0
0
0
0
0
0
0.00340329
0
0
0.00340329
0.00113443
0
0
0.0124787
0
0
0
0.00283607
0.00113443
0
0.0181509
0
0.00794101
0.0249575
0
0.00340329
0.0102099
0.0119115
0.0136132
0.0164492
0
0
0
0
0.25468
0
0
0
0.000567215
0.00283607
0.00567215
0.0136132
0.000567215
0.0187181
0
0.0215542
0.00453772
0
0.0436756
0.000567215
0.00113443
0.0107771
0.00170164
0.000567215
0.00113443
0.0521838
0
0
0.00113443
0
0.00623936
0
0.0192853
0
0.000567215
0
0.00907544
0
0.00453772
0.00283607
0.00170164
0
0
0
0
0
0
0.0555871
0
0
0
0
0.00113443
0.00170164
0.00453772
0.00737379
0
0.00567215
0
0.00340329
0
0.020987
0.00453772
0
0.0107771
0.0119115
0.000567215
0
0.031764
0
0.00510493
0.00964266
0.0136132
0.00907544
0.00113443
0.0107771
0.00340329
0.00850822
0.00907544
0
0.00567215
0.00680658
0.00623936
0.00340329
0.00623936
0.00340329
0.000567215
0
0
0.0504821