0.00129199
0.00581395
0.00904393
0.00904393
0.0239018
0.0426357
0.0271318
0.0232558
0.0187338
0.0167959
0.0129199
0.0148579
0.0142119
0.0187338
0.0129199
0.0109819
0.0174419
0.0193798
0.0135659
0.00710594
0.0122739
0.0109819
0.0103359
0.00710594
0.00710594
0.00645995
0.00516796
0.00581395
0.00581395
0.00129199
0.00193798
0.00452196
0.00387597
0.000645995
0.00258398
0.00387597
0.00387597
0.00193798
0.00387597
0.00193798
0.00581395
0.00258398
0.000645995
0.137597
0.000645995
0
0
0
0
0
0
0
0
0
0
0
0
0.000645995
0
0
0
0.000645995
0
0
0
0
0
0
0
0
0
0
0
0
0
0.000645995
0
0
0
0
0
0
0
0
0
0
0
0
0
0
0
0
0
0
0
0
0
0
0
0
0
0
0
0
0
0
0
0
0
0
0
0.000645995
0
0
0
0
0
0
0
0
0
0
0
0
0
0
0
0
0
0
0
0
0
0
0
0
0
0
0
0
0
0
0
0
0
0
0
0
0
0
0
0
0
0
0
0
0
0
0
0
0
0
0
0
0
0
0
0
0
0
0
0
0
0
0
0
0
0
0
0
0
0
0
0.00258398
0.00193798
0
0
0
0.000645995
0.000645995
0
0.00129199
0
0
0.000645995
0
0
0
0
0
0
0.000645995
0.000645995
0
0
0
0
0
0
0
0.000645995
0
0
0.00839793
0
0
0
0.00129199
0.00193798
0
0.000645995
0
0
0.000645995
0
0.00129199
0
0.000645995
0
0.00129199
0.000645995
0.00129199
0.000645995
0.000645995
0.000645995
0.000645995
0.000645995
0.000645995
0.00193798
0.000645995
0.000645995
0.000645995
0.00193798
0.00193798
0.00258398
0.000645995
0.00452196
0.00129199
0.000645995
0.00322997
0.00129199
0.00581395
0.00258398
0.00516796
0.00516796
0.356589