0
0.0037594
0.00313283
0.00250627
0.00438596
0.0037594
0.0112782
0.00814536
0.00877193
0.0125313
0.0106516
0.0200501
0.0162907
0.0175439
0.0125313
0.014411
0.0112782
0.0181704
0.0119048
0.0131579
0.0150376
0.014411
0.014411
0.0125313
0.0131579
0.0194236
0.0150376
0.0162907
0.0162907
0.0125313
0.0125313
0.0125313
0.0075188
0.00438596
0.0018797
0.00250627
0.00250627
0.00125313
0.000626566
0.00125313
0.00501253
0.0056391
0.00125313
0.120927
0
0
0
0
0.000626566
0
0.000626566
0
0
0.000626566
0
0
0.000626566
0.000626566
0
0
0
0.0018797
0
0.000626566
0
0
0
0
0
0
0
0
0
0
0
0
0
0
0
0
0
0
0
0
0
0.000626566
0
0
0
0
0
0
0
0
0
0
0
0.000626566
0
0
0
0
0.000626566
0
0
0.000626566
0
0
0
0
0
0.000626566
0
0
0
0.000626566
0
0
0
0.000626566
0.00125313
0
0.000626566
0
0
0
0
0
0.0037594
0
0
0
0
0
0
0
0
0
0
0
0
0
0
0
0
0.000626566
0
0
0
0
0.000626566
0
0
0.000626566
0
0
0
0
0
0
0
0
0
0
0
0.000626566
0
0.000626566
0
0
0
0
0
0
0
0
0
0
0
0.000626566
0
0.000626566
0.000626566
0.000626566
0.00125313
0
0.000626566
0
0
0.000626566
0.0018797
0
0
0
0.000626566
0
0
0.000626566
0.000626566
0.000626566
0.000626566
0
0
0.000626566
0.000626566
0
0
0.00125313
0.000626566
0.00125313
0.000626566
0
0
0.00689223
0
0
0
0.000626566
0
0.00125313
0
0
0
0.00125313
0
0
0
0.00125313
0.000626566
0
0
0.000626566
0
0.000626566
0.00125313
0.000626566
0.000626566
0.00125313
0.00125313
0.00125313
0.000626566
0.0018797
0
0.000626566
0.0018797
0
0.000626566
0.00125313
0.00125313
0.000626566
0
0.00125313
0.00250627
0.0018797
0.00125313
0.39787