0
0
0
0
0.000177809
0
0
0
0
0.000711238
0
0.00106686
0.000533428
0
0.00248933
0
0.000177809
0.000711238
0.000177809
0
0
0.00142248
0
0
0
0
0.000177809
0
0.000355619
0
0
0
0
0
0
0
0
0
0
0
0
0
0
0.00160028
0
0
0
0
0
0
0
0
0
0.000177809
0
0
0
0
0
0
0
0
0
0
0.000177809
0
0
0
0
0
0
0
0
0
0
0
0
0
0
0
0
0
0
0
0
0.000177809
0
0
0
0
0
0
0
0
0
0
0.000177809
0
0
0.000177809
0
0
0
0
0
0
0
0
0
0.000177809
0
0
0
0.000355619
0
0.000177809
0
0.000177809
0
0
0
0
0.000177809
0
0
0
0
0
0.00248933
0
0
0
0
0
0.000177809
0
0.000355619
0
0.000177809
0
0
0
0.000355619
0
0
0.000177809
0
0
0
0.00426743
0
0
0.00142248
0.00586771
0.000355619
0
0.0181366
0
0.00533428
0.0206259
0
0
0.0400071
0.01867
0.00337838
0.000533428
0
0
0
0
0.180121
0
0
0.000177809
0.000177809
0.00142248
0.000533428
0.00106686
0
0.003734
0
0.00444523
0.000177809
0
0.0133357
0
0.000533428
0.00142248
0.000889047
0
0
0.0967283
0
0
0.000889047
0
0.00266714
0
0.00622333
0
0
0
0.00160028
0
0.00248933
0.000177809
0
0
0
0
0
0
0
0.209459
0
0
0
0
0
0
0.000533428
0.00124467
0
0.00515647
0
0
0
0.0163585
0
0
0.00480085
0.000533428
0
0
0.075569
0
0
0.0094239
0.0110242
0.00142248
0
0.0403627
0
0.0227596
0.012091
0
0.000355619
0.00977952
0.0200925
0.0142248
0.00231152
0
0
0
0
0.0897937