0
0.0526515
0.0265152
0.017803
0.019697
0.0113636
0.00795455
0.00833333
0.00833333
0.0109848
0.00719697
0.00833333
0.00492424
0.00795455
0.00833333
0.00530303
0.00871212
0.00606061
0.00416667
0.00795455
0.00378788
0.00795455
0.00416667
0.00568182
0.00643939
0.00416667
0.00909091
0.00568182
0.00757576
0.00378788
0.00416667
0.00833333
0.00757576
0.00719697
0.00871212
0.00606061
0.00530303
0.00340909
0.00492424
0.00568182
0.00416667
0.00265152
0.00113636
0.0200758
0.00416667
0.00265152
0.00340909
0.00454545
0.0030303
0.0030303
0.0030303
0.00113636
0.00189394
0.00189394
0.00113636
0.00189394
0.000378788
0.00189394
0.00113636
0.00189394
0.000378788
0
0.000378788
0.00113636
0.00189394
0
0.000757576
0
0.000378788
0.000378788
0.000757576
0.000757576
0.000757576
0.000378788
0.00113636
0
0.000757576
0
0.00151515
0
0.00113636
0.000378788
0.000378788
0.000378788
0
0.00189394
0
0.000378788
0
0
0.000378788
0.000378788
0
0.000378788
0.00113636
0.000378788
0
0
0.000378788
0.000378788
0
0.000378788
0
0
0.000378788
0.000378788
0.000757576
0
0.000757576
0
0
0
0
0.000378788
0
0
0
0
0
0.000378788
0
0
0.000378788
0
0
0.000378788
0
0
0.00189394
0
0
0
0
0
0
0
0.000378788
0.00113636
0
0
0.000378788
0
0.000378788
0.000757576
0
0.000757576
0
0
0
0.00227273
0
0
0.000378788
0.00189394
0.000378788
0.000378788
0.00151515
0
0
0.00113636
0
0
0.00189394
0
0.000378788
0.000378788
0
0
0
0
0.0094697
0
0.000378788
0.000378788
0.000378788
0
0.000378788
0.00189394
0.00189394
0.00340909
0.00151515
0.00378788
0.00378788
0.00606061
0.00833333
0.00757576
0.00681818
0.00568182
0.0147727
0.0121212
0.00606061
0.017803
0.000378788
0.0136364
0.00492424
0.00606061
0.0159091
0.0094697
0.0121212
0.00189394
0.0106061
0.00681818
0.00530303
0.00416667
0.00568182
0.00265152
0.00189394
0.00113636
0.00340909
0.00113636
0.000378788
0.000757576
0
0.0102273
0.000378788
0.00113636
0.000757576
0.00113636
0.000378788
0.000378788
0.00189394
0.00151515
0.00113636
0.00378788
0.00113636
0.00113636
0.000378788
0.00719697
0.000378788
0.00151515
0.0030303
0.00265152
0.00265152
0.0030303
0.0106061
0.00378788
0.00227273
0.00227273
0.00568182
0.00416667
0.00454545
0.0121212
0.00454545
0.0030303
0.017803
0.00340909
0.00454545
0.0128788
0.0109848
0.0136364
0.0136364
0.0125
0.0128788
0.0159091
0.0109848
0.0939394