0
0.00309345
0.00569847
0.00521003
0.00879192
0.0151416
0.0452621
0.0478671
0.0206773
0.0125366
0.0097688
0.0112341
0.00765223
0.00700098
0.00651254
0.00586128
0.00374471
0.00716379
0.00683816
0.00797786
0.00423315
0.00586128
0.00325627
0.00309345
0.00634972
0.00293064
0.00521003
0.00293064
0.00634972
0.00211657
0.00439596
0.00227939
0.00276783
0.00309345
0.00293064
0.0035819
0.00325627
0.00162813
0.00293064
0.00309345
0.000814067
0.000162813
0
0.0353305
0
0
0.00227939
0.0060241
0.00455878
0.00537284
0.00667535
0.00862911
0.00390752
0.00716379
0.00211657
0.00797786
0.00048844
0.0149788
0.00651254
0.00048844
0.00895474
0.00716379
0.000651254
0
0.0197004
0
0.00179095
0.00407034
0.00667535
0.00227939
0.000162813
0.00862911
0.000162813
0.00130251
0.00928036
0
0.000651254
0.00504722
0.00309345
0.000814067
0.000325627
0.000325627
0
0
0
0.021817
0
0
0
0
0.000325627
0.00162813
0.00195376
0.000162813
0.0024422
0
0.00537284
0.000814067
0.00048844
0.00325627
0
0.000651254
0.00309345
0.000162813
0.000325627
0
0.0073266
0
0
0.000814067
0.000162813
0.00146532
0.000325627
0.00276783
0.000162813
0.000651254
0
0.00260501
0.00048844
0.000651254
0.000814067
0.000651254
0.000814067
0.000162813
0
0.000162813
0.000162813
0
0.0107457
0
0.000325627
0.000814067
0.00048844
0
0.000651254
0.00048844
0.00048844
0
0.00227939
0.00146532
0.00162813
0.00048844
0.00276783
0.0024422
0.00113969
0.00309345
0.00521003
0.00586128
0.0024422
0.014002
0.00911755
0.00928036
0.0100944
0.00944318
0.00700098
0.0112341
0.0125366
0.0105829
0.0105829
0.00765223
0.0035819
0.00455878
0.00683816
0.00276783
0.0024422
0.00260501
0.00276783
0.00162813
0.000162813
0
0.00667535
0.000162813
0.000162813
0.000162813
0.00130251
0.000814067
0.000325627
0.00130251
0
0.000814067
0.000325627
0.000651254
0.000814067
0.000162813
0.00113969
0.000325627
0.000814067
0.00113969
0.000162813
0.000325627
0.000651254
0.00113969
0.000325627
0.00048844
0.00048844
0.000651254
0.000814067
0.00048844
0.00113969
0.000162813
0.000814067
0.000162813
0.000814067
0.00048844
0.000162813
0.00048844
0.000162813
0
0.000651254
0.000325627
0.000162813
0.000162813
0
0.00260501
0
0.000325627
0
0.000325627
0.000325627
0.00048844
0.000325627
0.00048844
0.000162813
0.000325627
0.00048844
0.000325627
0
0.00130251
0.000651254
0
0.00048844
0.00048844
0.000814067
0.00048844
0.00113969
0.000814067
0.000814067
0.000325627
0.000651254
0.000814067
0.00113969
0.00130251
0.00113969
0.00162813
0.00146532
0.00195376
0.00113969
0.00211657
0.00179095
0.00162813
0.00211657
0.00179095
0.00260501
0.00227939
0.00276783
0.18056