0.00105105
0.00405405
0.00555556
0.0138889
0.0362613
0.0476727
0.0283784
0.0162913
0.00893393
0.0125375
0.00630631
0.0126877
0.00457958
0.00405405
0.0181682
0.0045045
0.0042042
0.00570571
0.00375375
0.0033033
0.00217718
0.0350601
0.0012012
0.00247748
0.00292793
0.00112613
0.00533033
0.0018018
0.0144895
0.0018018
0.00172673
0.000975976
0.00487988
0.00105105
0.00292793
0.0024024
0.00172673
0.000900901
0.000750751
0.000825826
0.00045045
0.000375375
0
0.0867117
0.00015015
0.00045045
0.0003003
0.000375375
0.00015015
0.000375375
0.000600601
0.0015015
0.00045045
0.0015015
7.50751e-005
0.000900901
0.000225225
0.0033033
0.000525526
0.000225225
0.0012012
0.000600601
0.000375375
0.00015015
0.00683183
7.50751e-005
0.000225225
0.0003003
0.00045045
0.000525526
0.000225225
0.0015015
7.50751e-005
0.000225225
0.00112613
0.00015015
7.50751e-005
0.0003003
0.0003003
0.0003003
0.00015015
0.000225225
0.000225225
0.000225225
0
0.0142643
7.50751e-005
0
0.000225225
0.000225225
0.0003003
0.00015015
0.000525526
0.00015015
0.0003003
0.00015015
0.000675676
7.50751e-005
0.000375375
0.0015015
0.00015015
0.000375375
0.000525526
0.0003003
7.50751e-005
0.000375375
0.00277778
0
0.000225225
0.0003003
7.50751e-005
0.000600601
0.000225225
0.00202703
0.0003003
0.000525526
0.000375375
0.000750751
0.000675676
0.000375375
0.000600601
0.000750751
0.00015015
0.0003003
0.000750751
0.0003003
0.0003003
7.50751e-005
0.0363363
0.00112613
0.000825826
0.000750751
0.000600601
0.00112613
0.00127628
0.00105105
0.00142643
0.000900901
0.00187688
0.00105105
0.00127628
0.00165165
0.00165165
0.00157658
0.000975976
0.00165165
0.00195195
0.00307808
0.00352853
0.00810811
0.00503003
0.00322823
0.00307808
0.00367868
0.00285285
0.00225225
0.00307808
0.00172673
0.00105105
0.0015015
0.000900901
0.000375375
0.00112613
0.000675676
0.000750751
0.000375375
0.000675676
7.50751e-005
0.000750751
0.000375375
0.0196697
0.000225225
0.0003003
0.000375375
0.00045045
0.000600601
0.00015015
7.50751e-005
0.00015015
0.000525526
0.00015015
0.000225225
0.00015015
7.50751e-005
0.000900901
0
0
0.000375375
0.0003003
0.00015015
0
0.00345345
0
0
0.000225225
7.50751e-005
0.00015015
7.50751e-005
0.000525526
7.50751e-005
0.000225225
0
0.000375375
0.00015015
0.0003003
0.00015015
0
0
0
0.0003003
7.50751e-005
0
0
0.0188438
7.50751e-005
7.50751e-005
0.00015015
7.50751e-005
0.00015015
0.00015015
7.50751e-005
0.0003003
7.50751e-005
0.00015015
0.00015015
0.000225225
7.50751e-005
0.000675676
0.00045045
0
0.000225225
0.00045045
0.00015015
0.00015015
0.00548048
0.0003003
0.000525526
0.00045045
0.000525526
0.00015015
7.50751e-005
0.00202703
0.000375375
0.000525526
0.000975976
0.000675676
0.00112613
0.00165165
0.00157658
0.0018018
0.00157658
0.00187688
0.00165165
0.00157658
0.00157658
0.336261