0.000980392
0.0284314
0.0372549
0.0254902
0.0323529
0.027451
0.0372549
0.0313726
0.027451
0.0382353
0.0245098
0.0254902
0.0117647
0.0186275
0.00980392
0.0156863
0.00882353
0.00784314
0.00980392
0.00588235
0.000980392
0.0127451
0.00392157
0.00294118
0.00196078
0.000980392
0.00294118
0.00196078
0.00294118
0.000980392
0.000980392
0.00294118
0.00196078
0
0.00392157
0.00294118
0.000980392
0.000980392
0.000980392
0
0
0
0
0.00686275
0
0
0
0.000980392
0
0
0
0
0
0
0
0
0
0
0
0
0.000980392
0
0
0
0.00588235
0
0
0
0
0
0
0.00196078
0
0
0
0
0
0.00196078
0.000980392
0
0
0
0
0
0
0.00980392
0
0
0
0
0
0
0
0
0
0
0
0
0.000980392
0.00294118
0
0
0.000980392
0.000980392
0
0.000980392
0.00784314
0
0.000980392
0.000980392
0
0.00294118
0.000980392
0.00588235
0
0.000980392
0
0.00196078
0.000980392
0.000980392
0
0
0
0
0.00196078
0
0
0
0.0284314
0
0
0.000980392
0
0.000980392
0.00196078
0.00196078
0.00392157
0.00196078
0.00294118
0
0.00392157
0.000980392
0.00392157
0
0.000980392
0.00588235
0.00294118
0
0
0.0107843
0.000980392
0.000980392
0
0.00784314
0.00196078
0
0.00980392
0.000980392
0.000980392
0.00294118
0.000980392
0.000980392
0.00294118
0.000980392
0.00196078
0.00392157
0.000980392
0
0
0
0.0186275
0
0
0.000980392
0
0.000980392
0
0.000980392
0
0.000980392
0
0.000980392
0
0
0.000980392
0
0
0.000980392
0
0
0
0.00196078
0
0
0.00196078
0
0
0
0.000980392
0
0
0
0.00294118
0
0.000980392
0.000980392
0.000980392
0
0.000980392
0
0
0.000980392
0
0.00392157
0
0.000980392
0
0
0
0
0.000980392
0.00392157
0.000980392
0
0.00196078
0
0.000980392
0.00294118
0
0
0.000980392
0.00392157
0
0
0.00980392
0
0.00196078
0.00392157
0.00392157
0.00392157
0.00588235
0.00490196
0.00490196
0.00392157
0.0107843
0.00196078
0.00686275
0.0117647
0.0147059
0.0137255
0.0196078
0.0245098
0.0343137
0.0313726
0.0196078
0.0607843