0
0
0.00815603
0.00921986
0.00957447
0.00567376
0.00567376
0.00638298
0.00390071
0.00602837
0.00319149
0.00638298
0.00319149
0.00283688
0.0113475
0.00070922
0.00177305
0.00390071
0.00283688
0.00319149
0.00106383
0.0223404
0.00070922
0.00070922
0.00390071
0.00106383
0.00567376
0.00283688
0.00992908
0
0.00283688
0.00106383
0.00673759
0.00070922
0.0035461
0.00141844
0.00070922
0
0.00070922
0
0
0
0
0.0652482
0
0
0
0.00035461
0.00035461
0
0
0.00141844
0.00070922
0.00106383
0
0
0
0.00248227
0
0
0.00070922
0.00035461
0.00035461
0
0.00992908
0
0
0
0.00035461
0
0
0.00425532
0
0
0.00035461
0
0
0.00035461
0
0
0
0
0
0
0
0.0244681
0
0
0
0
0
0
0.00035461
0
0.00035461
0
0.00141844
0
0
0.00141844
0
0
0
0
0
0
0.00921986
0
0
0
0
0
0
0.00744681
0
0
0
0.00212766
0
0.00106383
0.00035461
0.00035461
0
0
0
0
0
0
0.051773
0
0
0
0
0
0
0.00177305
0.00070922
0.00248227
0.00531915
0
0.00177305
0.00106383
0.0113475
0.00319149
0.00106383
0.00496454
0.00851064
0.00638298
0
0.0319149
0.00602837
0.00815603
0.0141844
0.0131206
0.0109929
0.00638298
0.0251773
0.00496454
0.0131206
0.0152482
0.00177305
0.00390071
0.00780142
0.00531915
0.00602837
0.00780142
0.00283688
0.00248227
0.00070922
0.00035461
0.0531915
0
0.00035461
0.00035461
0.00177305
0.00070922
0.00212766
0.00177305
0.00070922
0.00141844
0.00070922
0.00248227
0.00141844
0.00177305
0.00248227
0.00035461
0.00035461
0.00177305
0.00106383
0.00106383
0
0.00602837
0
0.00070922
0.00177305
0.00106383
0.00106383
0.00106383
0.00390071
0
0.00106383
0.00070922
0.00106383
0.00070922
0.00248227
0.00106383
0.00070922
0.00106383
0.00070922
0.00035461
0
0
0
0.0205674
0
0
0.00070922
0.00141844
0.00035461
0.00141844
0.00070922
0.00141844
0.00035461
0.0035461
0.00035461
0.00106383
0
0.0035461
0.00106383
0.00035461
0.00212766
0.00283688
0.00212766
0
0.012766
0.00177305
0.00212766
0.00283688
0.00390071
0.00248227
0.00141844
0.00602837
0.00673759
0.00531915
0.00567376
0.00212766
0.00460993
0.00851064
0.0113475
0.00815603
0.00921986
0.00567376
0.00496454
0.00602837
0
0.157447