0
0.00696594
0.00386997
0.0108359
0.0255418
0.0201238
0.0224458
0.0487616
0.0286378
0.0309598
0.0239938
0.0278638
0.0286378
0.0208978
0.0325077
0.0162539
0.0286378
0.0193498
0.0201238
0.0162539
0.00619195
0.0379257
0.00309598
0.0139319
0.0208978
0.00541796
0.0108359
0.00541796
0.00928793
0.00541796
0.00386997
0.00696594
0.00696594
0.00464396
0.00619195
0.00464396
0.00309598
0.00154799
0.00309598
0.00309598
0.000773994
0.00154799
0
0.0510836
0.000773994
0.00154799
0
0.000773994
0.00154799
0
0.000773994
0.000773994
0.00154799
0.00154799
0.000773994
0.000773994
0
0.000773994
0
0.00154799
0.00232198
0.000773994
0.000773994
0
0.000773994
0
0.00154799
0.00232198
0
0.000773994
0.000773994
0
0.000773994
0
0.000773994
0
0.000773994
0
0
0
0
0
0
0
0
0.00309598
0
0
0.000773994
0
0
0.000773994
0.00154799
0
0
0.000773994
0.000773994
0.00232198
0
0
0
0
0.00154799
0.00154799
0
0.000773994
0.000773994
0.000773994
0
0.000773994
0.000773994
0
0.000773994
0.000773994
0.000773994
0.000773994
0.000773994
0
0
0
0.00154799
0
0
0
0.000773994
0
0
0
0.00541796
0
0
0
0.000773994
0
0
0
0
0
0.000773994
0
0.000773994
0
0.000773994
0
0.000773994
0.000773994
0
0
0.00232198
0
0.00232198
0.000773994
0.00232198
0.000773994
0.00154799
0.00309598
0.00154799
0
0.00154799
0.00154799
0.000773994
0.00154799
0.000773994
0.00154799
0.00154799
0.00154799
0.00154799
0.000773994
0.000773994
0
0.00232198
0
0.000773994
0
0.000773994
0.000773994
0
0
0
0.000773994
0
0
0
0
0
0
0.000773994
0.000773994
0
0.000773994
0
0.00232198
0
0
0
0.00154799
0.00309598
0.000773994
0.00154799
0
0
0
0
0
0
0
0.00154799
0
0
0
0
0
0
0.00464396
0.00154799
0.000773994
0
0
0
0.000773994
0.00154799
0
0
0
0
0
0.000773994
0
0.000773994
0
0.00154799
0.000773994
0
0
0.00154799
0
0.000773994
0.000773994
0
0.00232198
0.000773994
0.00154799
0
0.00154799
0.00232198
0.00309598
0.00154799
0.000773994
0.00232198
0.00309598
0.00154799
0.00541796
0.00464396
0.00232198
0.00309598
0.192724