0
0.0117975
0.0353925
0.0720721
0.0328185
0.0160875
0.00836551
0.00965251
0.00815101
0.0109395
0.00536251
0.004719
0.00557701
0.00429
0.0049335
0.0045045
0.003432
0.00429
0.00622051
0.004719
0.00643501
0.015444
0.000858001
0.00965251
0.011154
0.003432
0.00943801
0.010725
0.018447
0.00536251
0.0109395
0.00557701
0.013728
0.010725
0.010725
0.012012
0.00879451
0.00536251
0.00622051
0.0045045
0.000429
0.0002145
0
0.0553411
0
0
0.0023595
0.00536251
0.001716
0.0027885
0.00536251
0.00536251
0.0010725
0.00729301
0.0010725
0.0027885
0.0002145
0.00772201
0.001287
0.0002145
0.003861
0.001716
0.000429
0
0.00772201
0
0.0010725
0.001287
0.0015015
0.000429
0.000429
0.003432
0.000643501
0.000429
0.0023595
0
0.0002145
0.0015015
0.0010725
0.000643501
0
0.000429
0
0.0002145
0
0.010725
0
0
0
0.000429
0.0002145
0.0002145
0
0.0002145
0.001716
0
0.001287
0.000429
0.0002145
0.0027885
0
0
0.000858001
0.000429
0.0002145
0
0.002574
0
0
0.0010725
0
0.000858001
0.0002145
0.002145
0
0.000643501
0.0002145
0.0010725
0.0002145
0.000858001
0.001287
0.000643501
0.000429
0.000643501
0.000429
0
0.000643501
0
0.027456
0.000643501
0.000858001
0.0010725
0.0010725
0.0019305
0.0019305
0.0040755
0.00514801
0.0032175
0.00664951
0.0019305
0.00772201
0.0010725
0.0143715
0.0126555
0.002145
0.01287
0.0156585
0.011583
0
0.0280995
0.003003
0.0105105
0.010296
0.00793651
0.00686401
0.0023595
0.00922351
0.0015015
0.003861
0.0049335
0.0002145
0.0019305
0.00429
0.002145
0.0010725
0.001716
0.001287
0.000429
0.0002145
0
0.00729301
0.0002145
0.0002145
0.0002145
0.000643501
0
0.0002145
0.001287
0.000429
0.0015015
0.000643501
0.001716
0.0002145
0.000858001
0.0019305
0.0002145
0.000858001
0.000429
0.000429
0.000858001
0.0002145
0.001716
0
0
0.0010725
0.000643501
0.0010725
0
0.0010725
0
0.0010725
0.000429
0.001287
0
0.000858001
0.000643501
0.0002145
0
0.000429
0.000643501
0
0
0
0.0036465
0
0.000429
0.000643501
0.0002145
0.0002145
0.0010725
0.000858001
0.000429
0.000429
0.000429
0
0.000429
0.000429
0.001287
0.0010725
0.0002145
0.0010725
0.0010725
0.0002145
0
0.0036465
0.000429
0.000858001
0.000858001
0.001287
0.000858001
0.000643501
0.0019305
0.0002145
0.003003
0.0027885
0.0010725
0.0010725
0.003003
0.004719
0.0027885
0.002145
0.003432
0.0032175
0.0036465
0.0023595
0.0778636