0
0.011396
0.0210826
0.0296296
0.039886
0.0165242
0.0165242
0.0216524
0.0153846
0.0136752
0.0108262
0.0119658
0.00968661
0.0102564
0.0102564
0.00683761
0.0045584
0.0045584
0.00797721
0.00626781
0.0102564
0.0131054
0.0022792
0.0045584
0.00683761
0.00569801
0.00626781
0.0045584
0.00968661
0.0034188
0.0119658
0.00626781
0.00968661
0.0102564
0.0034188
0.011396
0.00626781
0.00740741
0.00512821
0.0102564
0.00512821
0
0
0.0643875
0
0.00512821
0.011396
0.00911681
0.0102564
0.0045584
0.014245
0.00512821
0.00740741
0.0119658
0.0045584
0.0125356
0.0017094
0.0108262
0.00968661
0.0011396
0.00968661
0.00854701
0.0034188
0
0.0165242
0
0.002849
0.0022792
0.002849
0.0017094
0.0017094
0.00512821
0.000569801
0.0034188
0.0039886
0
0.0011396
0.0022792
0.0011396
0.000569801
0.0039886
0.000569801
0
0
0
0.00683761
0
0
0
0
0
0
0.000569801
0
0.000569801
0
0.0011396
0.000569801
0
0.0011396
0
0.000569801
0.0011396
0
0
0
0.002849
0
0
0
0
0.000569801
0
0
0
0.000569801
0
0
0
0.0011396
0
0
0
0
0
0
0
0
0.00512821
0
0
0.000569801
0
0
0.000569801
0
0
0.000569801
0.0011396
0
0
0.000569801
0.0034188
0.0011396
0
0.00512821
0.0034188
0.00626781
0
0.0125356
0.0017094
0.00854701
0.00683761
0.00797721
0.0108262
0.0034188
0.0136752
0.00626781
0.011396
0.00968661
0.0011396
0.0034188
0.00626781
0.00569801
0.0017094
0.00626781
0.0011396
0.0017094
0.000569801
0
0.017094
0
0
0.000569801
0.0017094
0.000569801
0.0011396
0.0011396
0.0011396
0.000569801
0.000569801
0.0017094
0.000569801
0.0017094
0.0017094
0.000569801
0
0.0022792
0.0017094
0.000569801
0.000569801
0.0017094
0
0.000569801
0.0011396
0
0.0011396
0.000569801
0.0022792
0
0.000569801
0
0
0
0.0017094
0.000569801
0.000569801
0
0
0.0011396
0
0.0011396
0
0.0045584
0
0
0
0.000569801
0.0017094
0.0011396
0.0011396
0.000569801
0.000569801
0.000569801
0
0.0022792
0
0.000569801
0.0011396
0.0011396
0.0017094
0.0034188
0.0017094
0.0017094
0.00683761
0.000569801
0.0034188
0.000569801
0.000569801
0.0022792
0.0034188
0.0022792
0.0017094
0.000569801
0.0017094
0.002849
0.0011396
0.0039886
0.0011396
0.00683761
0.0045584
0.002849
0.0039886
0.00740741
0.0017094
0.0205128