0
0.00568182
0.00568182
0.0109428
0.0105219
0.0130471
0.047138
0.0481902
0.0183081
0.0147306
0.0107323
0.0122054
0.00736532
0.00715488
0.00883838
0.00673401
0.00694444
0.00631313
0.00673401
0.00484007
0.00441919
0.00505051
0.00294613
0.003367
0.00420875
0.003367
0.003367
0.00252525
0.00378788
0.00105219
0.00357744
0.00189394
0.00273569
0.00252525
0.003367
0.00399832
0.00273569
0.0016835
0.00252525
0.00189394
0.00105219
0.000420875
0
0.0359848
0.000420875
0.00105219
0.00378788
0.00294613
0.00294613
0.00315657
0.00589226
0.00357744
0.00357744
0.00526094
0.00273569
0.00610269
0.00105219
0.0103114
0.00673401
0.000631313
0.00610269
0.00568182
0.00273569
0
0.0109428
0.000631313
0.00210438
0.00378788
0.00715488
0.00273569
0.000210438
0.00547138
0.000420875
0.00252525
0.00378788
0
0.000841751
0.00273569
0.00252525
0.00105219
0.00126263
0
0
0
0
0.0138889
0
0
0
0.000210438
0.000841751
0.00105219
0.00231481
0
0.00189394
0
0.00147306
0.000210438
0
0.00294613
0
0.000420875
0.00126263
0.000420875
0
0
0.00357744
0
0
0.000841751
0
0.00105219
0.000420875
0.00147306
0
0.000420875
0
0.000631313
0
0.000210438
0.000420875
0
0.000631313
0
0
0
0
0
0.00841751
0
0.000210438
0.000210438
0.000210438
0.000631313
0
0.00147306
0.00126263
0.000631313
0.000210438
0.00147306
0.00105219
0.000420875
0.00484007
0.00294613
0.000631313
0.00420875
0.00526094
0.00568182
0.000631313
0.0155724
0.00589226
0.00925926
0.00883838
0.00526094
0.00925926
0.00736532
0.0128367
0.00904882
0.00883838
0.00799663
0.00315657
0.00378788
0.0094697
0.00505051
0.00273569
0.00399832
0.00315657
0.000841751
0.000210438
0
0.00989057
0
0
0.000841751
0.00105219
0.0016835
0.000420875
0.000210438
0.000420875
0.00189394
0.000420875
0.00147306
0.000841751
0.000631313
0.00231481
0
0.000631313
0.000631313
0.000841751
0.000420875
0.000420875
0.000631313
0
0.00147306
0.000210438
0.000420875
0.000420875
0.000841751
0.000631313
0.000210438
0.000420875
0.000631313
0.000420875
0.000210438
0.000841751
0.000631313
0.000210438
0.000210438
0.000420875
0
0
0.000210438
0
0.00210438
0
0
0.000420875
0.000631313
0.000841751
0.000420875
0.000841751
0.000210438
0.000210438
0.000210438
0.000841751
0.000210438
0.000420875
0.000841751
0.000631313
0.000420875
0.00105219
0.000210438
0.000841751
0.000631313
0.00105219
0.000841751
0.000210438
0.000841751
0.00252525
0.000420875
0.00126263
0.00189394
0.00105219
0.00189394
0.00189394
0.00126263
0.00189394
0.00231481
0.00252525
0.00231481
0.00231481
0.00210438
0.00273569
0.00357744
0.00189394
0.234007