0.000520833
0.00494792
0.0145833
0.00963542
0.00859375
0.00833333
0.00651042
0.00572917
0.00572917
0.00807292
0.00703125
0.00755208
0.00833333
0.0078125
0.0104167
0.00651042
0.00911458
0.0117188
0.0153646
0.0132813
0.0138021
0.015625
0.0106771
0.0132813
0.0114583
0.0117188
0.0138021
0.0125
0.0125
0.00963542
0.0138021
0.0106771
0.0111979
0.0122396
0.00989583
0.0104167
0.0114583
0.00885417
0.00833333
0.00755208
0.0101562
0.00963542
0.00338542
0.111458
0.003125
0.00364583
0.00208333
0.00234375
0.003125
0.00338542
0.003125
0.00260417
0.00130208
0.00234375
0.0015625
0.00234375
0.00208333
0.00234375
0.00182292
0.0015625
0.00078125
0.00104167
0.00104167
0.000520833
0.00364583
0.00078125
0.00078125
0.00104167
0.00078125
0.00104167
0.0015625
0.000520833
0.00078125
0.000260417
0.00104167
0
0.000520833
0.0015625
0.000260417
0.000520833
0.00078125
0.000260417
0
0.000520833
0.000260417
0.00234375
0.000260417
0
0.000520833
0
0.000260417
0.00078125
0.00130208
0.000260417
0
0.000520833
0.000520833
0
0.00104167
0.0015625
0.000260417
0.000520833
0.00104167
0.000260417
0.00078125
0.000260417
0.00078125
0
0.000520833
0.00078125
0.000260417
0.00078125
0.00078125
0.00104167
0
0.00104167
0.000260417
0.00078125
0.00104167
0.000260417
0.00078125
0.000260417
0.00078125
0.00078125
0
0.000520833
0.000520833
0
0.00729167
0.00078125
0.00078125
0.000520833
0.000260417
0.000520833
0.000260417
0.00130208
0.000520833
0.000260417
0.00182292
0.000260417
0.000520833
0.000520833
0.00208333
0.00078125
0.000260417
0.00130208
0.00104167
0.00078125
0.00078125
0.00182292
0.000260417
0.00078125
0.00078125
0.00182292
0.00104167
0
0.00234375
0.000520833
0.00208333
0.00234375
0.00078125
0.000260417
0.00859375
0.00260417
0.00338542
0.000260417
0.000260417
0.00104167
0.000520833
0
0.0242187
0.000260417
0.000260417
0.000260417
0.000260417
0.000260417
0.00130208
0.00104167
0.000520833
0.00208333
0.000520833
0.00338542
0.00078125
0.000260417
0.0015625
0.000260417
0
0.000260417
0
0.00078125
0.000260417
0.00390625
0
0
0.000260417
0
0.00078125
0
0.000260417
0.000260417
0.000260417
0.000260417
0.00182292
0.000260417
0.000520833
0.000260417
0.000260417
0
0
0.000260417
0.000520833
0.000520833
0
0.0119792
0.000520833
0
0.000260417
0.000260417
0
0.000260417
0
0.000260417
0.000520833
0.00104167
0
0.000260417
0.000520833
0.000260417
0.00078125
0
0.000260417
0.000260417
0.000260417
0.000520833
0.00286458
0.00104167
0.000520833
0
0.00104167
0.00078125
0.00104167
0.00130208
0.00104167
0.00104167
0.00130208
0.00208333
0.000520833
0.00286458
0.00130208
0.00260417
0.00390625
0.00338542
0.00338542
0.00286458
0.0015625
0.22474