0
0.00868486
0.00992556
0.0235732
0.0186104
0.016129
0.0148883
0.00744417
0.0186104
0.00992556
0.00992556
0.0111663
0.00868486
0.00744417
0.00496278
0.00744417
0.00992556
0.00496278
0.00248139
0.00744417
0.00496278
0.00620347
0.00372208
0.00372208
0
0
0.00124069
0
0.00124069
0
0
0
0
0
0
0
0
0
0
0
0
0
0
0.00372208
0
0
0
0
0
0
0
0
0
0
0
0
0
0.00124069
0
0
0
0
0
0
0
0
0
0
0
0
0
0.00124069
0
0
0
0
0
0
0
0
0
0
0
0
0
0.00744417
0
0
0
0
0
0
0
0
0
0
0
0
0
0.00124069
0
0
0
0
0
0
0.00496278
0
0
0
0
0.00124069
0
0.00620347
0
0.00124069
0
0
0
0.00248139
0.00124069
0
0.00124069
0
0
0
0
0
0.0645161
0
0
0
0
0
0.00496278
0.00372208
0.0173697
0.00496278
0.0210918
0
0.00868486
0.00124069
0.0459057
0.0136476
0
0.0248139
0.0186104
0.00124069
0
0.08933
0.00248139
0.0111663
0.0136476
0.028536
0.00744417
0
0.0409429
0
0.0124069
0.0260546
0
0.00124069
0.00744417
0.00124069
0.00124069
0.00372208
0
0
0
0
0.0471464
0
0
0
0.00124069
0
0
0.00124069
0
0.00372208
0
0.00620347
0.00248139
0
0.00248139
0.00124069
0
0.00124069
0.00248139
0
0.00124069
0.00992556
0
0
0.00372208
0.00124069
0.00124069
0
0.00372208
0
0
0
0.00248139
0
0.00124069
0.00124069
0.00248139
0
0
0
0
0
0
0.00744417
0
0
0.00124069
0.00248139
0
0.00124069
0.00248139
0.00124069
0.00124069
0.00124069
0
0.00124069
0
0.00620347
0.00124069
0
0.00248139
0.00248139
0.00124069
0
0.00744417
0
0
0.00868486
0.00248139
0.00372208
0.00372208
0.00248139
0.00744417
0.00868486
0.00868486
0.00372208
0.00248139
0.00496278
0.00372208
0.00496278
0.00496278
0.00372208
0.00744417
0.00620347
0.00124069
0.0372208