0
0.00503018
0.00885312
0.00764588
0.00804829
0.00865191
0.00925553
0.00643863
0.00382294
0.01167
0.00201207
0.0136821
0.00724346
0.00623742
0.0132797
0.00482897
0.0054326
0.00804829
0.00744467
0.00321932
0.00140845
0.0211268
0.000603622
0.00422535
0.00704225
0.00140845
0.00764588
0.0056338
0.0084507
0.00120724
0.00342052
0.00241449
0.00583501
0.00181087
0.00321932
0.00342052
0.00241449
0.00140845
0.00301811
0.00221328
0.00120724
0.000201207
0
0.0287726
0.000402414
0.000402414
0.00160966
0.00100604
0.000804829
0.00160966
0.00221328
0.00181087
0.00120724
0.00181087
0.000804829
0.00160966
0.000603622
0.00422535
0.000402414
0.000402414
0.00140845
0.00100604
0.000402414
0
0.00503018
0.000201207
0.000402414
0.000402414
0.00140845
0.000804829
0
0.00221328
0
0.000603622
0.00221328
0
0.000402414
0.00201207
0.000804829
0
0.000402414
0.000201207
0
0
0
0.0150905
0
0.000201207
0
0
0.00100604
0.000402414
0.000804829
0.000201207
0.00181087
0
0.00362173
0
0.000201207
0.00442656
0.000201207
0.000402414
0.00241449
0.000804829
0.000201207
0
0.00985915
0
0.000402414
0.000804829
0.000201207
0.00181087
0.000804829
0.00885312
0.000201207
0.00120724
0.000402414
0.00422535
0.000402414
0.00442656
0.00241449
0.00160966
0.00120724
0.000804829
0
0.000201207
0.000201207
0
0.0684105
0
0.000201207
0.000402414
0.00181087
0.00382294
0.00603622
0.00905433
0.0104628
0.00140845
0.0162978
0.000402414
0.00623742
0
0.0243461
0.00523139
0.000201207
0.0128773
0.01167
0.000402414
0.000402414
0.0434608
0
0.00261569
0.00482897
0.00985915
0.00382294
0.00140845
0.0181087
0.00100604
0.00100604
0.00503018
0.000402414
0.000201207
0.00462777
0.00100604
0.00100604
0.000603622
0.000603622
0.000201207
0.000402414
0
0.0297787
0
0.000201207
0.000201207
0.000402414
0.000201207
0.000201207
0.000402414
0.000402414
0.00181087
0.000201207
0.00120724
0.000402414
0.000402414
0.00442656
0.000201207
0.000201207
0.000201207
0.00140845
0
0.000402414
0.00804829
0.000201207
0
0.000804829
0
0.000603622
0.000603622
0.00261569
0.000603622
0.000201207
0.000201207
0.00140845
0.000402414
0.000804829
0
0.000603622
0.000402414
0.000201207
0.000201207
0.000201207
0.000201207
0
0.0134809
0
0.000402414
0.000804829
0.00100604
0.000201207
0
0.00100604
0.000603622
0.000402414
0.00301811
0.00201207
0.00181087
0.000603622
0.00704225
0.00160966
0.000603622
0.00160966
0.00160966
0.000603622
0.000201207
0.0124748
0.000804829
0.00201207
0.00221328
0.00342052
0.00261569
0.00201207
0.00804829
0.00120724
0.00422535
0.00724346
0.00261569
0.00301811
0.00523139
0.00503018
0.00724346
0.0120724
0.0253521
0.0275654
0.0265594
0.0138833
0.0740443