0
0.0411765
0.0300654
0.0183007
0.0154684
0.0126362
0.00936819
0.0111111
0.00718954
0.00610022
0.00413943
0.00653595
0.00305011
0.00501089
0.00675381
0.00457516
0.00457516
0.00348584
0.00457516
0.00326797
0.0037037
0.0117647
0.000653595
0.00305011
0.00305011
0.00196078
0.0043573
0.00501089
0.00522876
0.00261438
0.00544662
0.00348584
0.00544662
0.00610022
0.00566449
0.00697168
0.00544662
0.00261438
0.0037037
0.00544662
0.00152505
0.00108932
0
0.0518519
0.00043573
0.00196078
0.00305011
0.00522876
0.00413943
0.00479303
0.00740741
0.00544662
0.00239651
0.008061
0.00239651
0.008061
0.00043573
0.0137255
0.00697168
0.00043573
0.00849673
0.0087146
0.00130719
0
0.0167756
0.000217865
0.00305011
0.00326797
0.00522876
0.0037037
0.000653595
0.0100218
0.00196078
0.00413943
0.00413943
0
0.00130719
0.00544662
0.00348584
0.00196078
0.00152505
0.00152505
0
0.00043573
0
0.0167756
0
0
0
0.00152505
0.00152505
0.000653595
0.00174292
0.000217865
0.00326797
0.000217865
0.00261438
0.00108932
0.00130719
0.00522876
0.000217865
0.000653595
0.00217865
0.00196078
0.000217865
0.00087146
0.00392157
0.000217865
0.000653595
0.00152505
0.00130719
0.00283224
0.00108932
0.00283224
0.00043573
0.00087146
0.00087146
0.00217865
0.00087146
0.00108932
0.00305011
0.00196078
0.00130719
0.00239651
0.00217865
0.000653595
0.00043573
0
0.0122004
0.000653595
0.00087146
0.00239651
0.00413943
0.00283224
0.00479303
0.00740741
0.00326797
0.00762527
0.00675381
0.00631808
0.00915033
0.008061
0.0135076
0.0143791
0.00566449
0.0189542
0.0159041
0.0122004
0.0104575
0.0152505
0.00740741
0.00522876
0.00566449
0.00348584
0.00174292
0.00130719
0.00261438
0.00217865
0.00174292
0.00174292
0.00108932
0.00087146
0.000653595
0.00152505
0.00043573
0.000653595
0.000653595
0.00108932
0.00043573
0
0.00784314
0.000217865
0.00043573
0.000217865
0.00087146
0.000217865
0.00108932
0.00087146
0
0.00108932
0.00043573
0.00087146
0.00043573
0.000653595
0.00087146
0.000217865
0.00043573
0.00087146
0.000217865
0.00043573
0
0.00196078
0
0.000217865
0.00043573
0
0.000653595
0.000217865
0.00130719
0.00043573
0.00043573
0
0.00108932
0.000217865
0.00043573
0.000653595
0.000653595
0.000217865
0.000217865
0.00043573
0.00043573
0.000217865
0
0.00283224
0
0.00043573
0.000217865
0.000217865
0
0.000217865
0.00108932
0.000653595
0.000217865
0.000653595
0.000653595
0.00108932
0.000217865
0.00130719
0.00108932
0.000217865
0.00087146
0.00043573
0
0.00087146
0.00130719
0.00043573
0.00043573
0.00043573
0.00174292
0.00108932
0.00130719
0.00217865
0.00087146
0.00108932
0.00283224
0.00196078
0.00261438
0.00413943
0.00413943
0.00501089
0.00588235
0.00610022
0.0100218
0.0150327
0.0183007
0.0671024