0
0
0.0246491
0.0277193
0.0174561
0.0138596
0.0111404
0.0117544
0.00385965
0.0142982
0.00131579
0.0151754
0.00701754
0.00201754
0.0246491
0.00157895
0.00324561
0.00833333
0.00377193
0.00210526
0.000701754
0.0532456
0.000263158
0.00122807
0.00473684
0.000526316
0.00973684
0.00342105
0.03
0.000614035
0.00657895
0.00175439
0.019386
0.00447368
0.0109649
0.00719298
0.00587719
0.00342105
0.00412281
0.00385965
0.00184211
0.000175439
0
0.12693
0
0.00114035
0.00377193
0.005
0.00508772
0.00517544
0.00745614
0.00754386
0.00236842
0.00894737
0.000614035
0.00429825
0.000438597
0.0100877
0.0027193
8.77193e-005
0.00333333
0.00219298
0.000263158
0
0.0114035
8.77193e-005
0.000614035
0.00140351
0.00122807
8.77193e-005
0
0.00245614
8.77193e-005
0.000263158
0.000789474
0
0
0.000175439
0.000263158
0
0.000175439
0
0
0
0
0.00842105
0
0
0
0
0.000175439
0
0
0
0
8.77193e-005
0
0
0
0.000350877
0
8.77193e-005
8.77193e-005
0
0
0
0.00131579
0
0
0
0
0
0
0.000175439
0
0
0
0.000175439
0
8.77193e-005
0
0
0
0
0
0
0
0
0.00333333
0
0
0
0
0
0
0
0
0
0
0
0
0
8.77193e-005
0
0
0
0
0
0
0.000263158
0
0
8.77193e-005
0
0
0
8.77193e-005
0
0
0
0
0
0
0
0
0
0
0
0
0
0.0139474
0
0
0
0
0
0
0
0
0
0
8.77193e-005
0
0
0.00114035
0
0
0
0
0
0
0.00824561
0
0
8.77193e-005
0
0
0
0.000438597
0
0
0
0
0
0
0
0
0
0
0
0
0
0
0.0270175
0
0
0
0
0
0
0
8.77193e-005
0
8.77193e-005
0
0
0
0.00122807
0
0
0
0.000175439
0
0
0.0145614
0
0
0.000263158
0.000789474
8.77193e-005
0
0.00570175
8.77193e-005
0.000350877
0.00342105
0
0.000964912
0.00385965
0.00333333
0.00350877
0.00649123
0.00859649
0.0123684
0.0126316
0
0.271053