0
0.0136778
0.0445795
0.026849
0.0425532
0.029382
0.0202634
0.0162107
0.0116515
0.0243161
0.00658561
0.0222898
0.00962513
0.0116515
0.0298886
0.0106383
0.00658561
0.0197568
0.0116515
0.0222898
0.00101317
0.035461
0
0.00759878
0.0116515
0.000506586
0.0111449
0.00557244
0.0217832
0
0.00861196
0.00151976
0.0157042
0.00151976
0.014691
0.0131712
0.00607903
0.00506586
0.00405269
0
0
0
0
0.0805471
0
0
0
0
0.000506586
0.0035461
0.0167173
0.0106383
0
0.00151976
0
0
0
0.00405269
0
0
0.00455927
0
0
0
0.00151976
0
0
0
0.000506586
0
0
0
0
0
0
0
0
0
0
0
0
0
0
0
0
0.000506586
0
0
0
0
0
0
0
0
0
0
0.000506586
0
0
0
0
0
0
0
0
0
0
0
0
0
0
0
0
0
0
0
0
0
0
0
0
0
0
0
0
0
0
0
0
0
0
0
0
0
0
0
0
0
0
0
0
0
0
0
0
0
0
0
0
0
0
0
0
0
0
0
0
0
0
0
0
0
0
0
0
0
0
0
0
0
0.00101317
0
0
0
0
0
0
0
0
0
0
0
0
0
0.00202634
0
0
0
0
0
0
0.00861196
0
0
0
0
0
0
0.00202634
0
0
0
0.000506586
0
0
0
0
0
0
0
0
0
0
0.0349544
0
0
0
0
0
0
0
0
0
0.00303951
0
0
0
0.0222898
0
0
0.00101317
0
0
0
0.0187437
0
0
0
0.00202634
0
0
0.0157042
0
0
0.0121581
0
0.000506586
0.00861196
0.0035461
0.0035461
0.0035461
0.0101317
0.00506586
0.0151976
0.00151976
0.153495