0
0.035475
0.0173433
0.0201025
0.0149783
0.0169492
0.0110367
0.00945999
0.00906583
0.00748916
0.00512416
0.00906583
0.00630666
0.0106425
0.00788333
0.00591249
0.0106425
0.00630666
0.00985416
0.00827749
0.0114308
0.011825
0.00551833
0.0106425
0.0153725
0.0130075
0.0173433
0.0161608
0.0185258
0.0106425
0.0106425
0.0110367
0.00906583
0.0114308
0.0114308
0.0161608
0.0114308
0.00709499
0.0114308
0.011825
0.00709499
0.000788333
0
0.0421758
0.000394166
0.002365
0.00709499
0.00630666
0.00433583
0.00670083
0.0110367
0.00433583
0.00433583
0.00433583
0.0011825
0.00551833
0.0011825
0.00473
0.00433583
0
0.00197083
0.00157667
0.000394166
0
0.00709499
0.000394166
0.00157667
0.000394166
0.00197083
0.00197083
0.000788333
0.002365
0.000394166
0.0011825
0.000394166
0.000788333
0.00197083
0
0.000788333
0.000394166
0.000394166
0
0
0.000394166
0
0.00788333
0
0
0
0.000394166
0.000394166
0
0.0011825
0.000394166
0.002365
0.000394166
0.000788333
0.0011825
0
0.0011825
0.000394166
0.0011825
0.000788333
0.000394166
0.000394166
0
0.0011825
0.000394166
0.000788333
0.00197083
0
0.00197083
0.000394166
0.0011825
0.000394166
0.0011825
0.000788333
0.00157667
0.00197083
0.00157667
0.0011825
0.000394166
0.00157667
0.0011825
0
0
0.000394166
0
0.00512416
0.000394166
0.000394166
0.000394166
0.0035475
0.00315333
0.002365
0.00670083
0.002365
0.00670083
0.00512416
0.00630666
0.0106425
0.00551833
0.0145842
0.0173433
0.00748916
0.0173433
0.0106425
0.00748916
0.00473
0.00788333
0.0035475
0.00433583
0.00394166
0.00197083
0.002365
0.00275916
0.00157667
0.00157667
0.00157667
0.00157667
0.0011825
0.000394166
0.00157667
0.0011825
0.000788333
0
0
0.000394166
0
0
0.0035475
0
0.000394166
0.0011825
0.000394166
0.000788333
0.000788333
0.0011825
0.000788333
0.0011825
0.000394166
0.000788333
0.0011825
0.000788333
0.0011825
0
0
0.0011825
0.000394166
0
0.000394166
0.000788333
0
0
0.00157667
0.0011825
0.000788333
0.000394166
0.000788333
0.000788333
0.000394166
0.00157667
0.000788333
0.000394166
0
0.000788333
0.000394166
0
0.000394166
0.000394166
0.000394166
0
0
0.002365
0.000788333
0.000394166
0
0.000394166
0
0.000394166
0.000788333
0
0.000788333
0.0011825
0.000788333
0.000394166
0.000788333
0.00197083
0.00157667
0
0.000394166
0.000788333
0.0011825
0.000394166
0.00197083
0.00157667
0.000788333
0.002365
0.00157667
0.0011825
0.00315333
0.00433583
0.002365
0.00157667
0.00473
0.0035475
0.00315333
0.00275916
0.00394166
0.00512416
0.00512416
0.00985416
0.0106425
0.00630666
0.00906583
0.0453291