0
0.00703083
0.0140617
0.0146025
0.0167658
0.0124392
0.0108167
0.00540833
0.00540833
0.0151433
0.00757166
0.00811249
0.00973499
0.00432666
0.0113575
0.00648999
0.00540833
0.00432666
0.00594916
0.00540833
0.0108167
0.00757166
0.00270416
0.0048675
0.00216333
0.0016225
0.003245
0.003245
0.0048675
0.00108167
0.00108167
0.00108167
0.00216333
0.000540833
0.00216333
0
0.00108167
0.000540833
0.000540833
0.0016225
0
0
0
0.00703083
0
0
0
0
0
0
0.000540833
0.00108167
0
0
0
0
0
0
0
0
0.000540833
0.000540833
0
0
0.000540833
0
0
0
0.000540833
0.000540833
0
0.000540833
0
0
0
0
0
0
0
0
0
0
0
0
0
0.00108167
0
0
0
0
0
0
0
0
0
0
0
0
0
0
0
0
0
0
0
0
0.00108167
0
0
0
0
0
0
0.0016225
0
0
0
0.0016225
0
0.00108167
0.000540833
0.000540833
0
0
0
0
0
0
0.0178475
0
0
0
0.00108167
0.00216333
0.003245
0.00432666
0.00540833
0.00270416
0.00973499
0.003245
0.0102758
0.00216333
0.0248783
0.0210925
0.00811249
0.0329908
0.0470525
0.0346133
0.0243375
0.0481341
0.0108167
0.0189292
0.0173067
0.0156842
0.0156842
0.0048675
0.0167658
0.00648999
0.0102758
0.0124392
0.0016225
0.00432666
0.00865333
0.00811249
0.00216333
0.00703083
0.0016225
0.000540833
0
0
0.029205
0
0
0.000540833
0.00216333
0.00270416
0.00108167
0.0016225
0.000540833
0.00108167
0.00108167
0.00270416
0.000540833
0
0.003245
0
0.000540833
0.00216333
0.000540833
0.00216333
0.000540833
0.0048675
0
0.000540833
0.0016225
0.000540833
0.00108167
0.00216333
0.00540833
0
0.00108167
0.000540833
0.0016225
0.00108167
0
0.00108167
0.00108167
0.00108167
0
0.000540833
0
0
0
0.00919416
0
0
0.000540833
0
0
0.000540833
0.0016225
0.00108167
0
0.000540833
0
0.0016225
0
0.0016225
0.0016225
0
0.00216333
0.0016225
0.0016225
0
0.00540833
0
0.000540833
0.0016225
0.00432666
0.003245
0.000540833
0.00703083
0.00108167
0.00216333
0.00811249
0.000540833
0.00216333
0.00811249
0.00540833
0.00973499
0.00973499
0.00811249
0.00865333
0.0151433
0.00378583
0.0843699