0
0.00741997
0.0201399
0.0133559
0.00890396
0.00826797
0.00551198
0.00784397
0.00445198
0.00911596
0.00678397
0.010388
0.00932796
0.00466398
0.012296
0.00635997
0.00551198
0.00593598
0.00678397
0.00805597
0.00784397
0.0218359
0.00445198
0.00720797
0.00741997
0.00275599
0.00508798
0.00402798
0.00699597
0.00169599
0.00254399
0.00106
0.00402798
0.00127199
0.00190799
0.00275599
0.00106
0.00127199
0.00169599
0.00148399
0
0
0
0.0529998
0
0
0.000211999
0.00127199
0.00190799
0.00211999
0.00254399
0.00360399
0.00127199
0.00529998
0
0.00211999
0
0.00953996
0.00106
0
0.00445198
0.00275599
0
0
0.0182319
0
0.000211999
0.000847997
0.00339199
0.000423998
0
0.00932796
0
0.000635997
0.00635997
0
0
0.00381598
0.00169599
0.000211999
0
0
0
0
0
0.0322239
0
0
0
0
0
0.000211999
0.000635997
0
0.00296799
0
0.00551198
0.000423998
0
0.00932796
0
0.000423998
0.00402798
0.000635997
0
0
0.0169599
0
0
0.00148399
0
0.00402798
0.000635997
0.010812
0
0.00211999
0
0.00678397
0.00148399
0.00466398
0.00402798
0.00190799
0.00148399
0.00148399
0.00106
0
0
0
0.0426118
0
0
0.00190799
0.00254399
0.00148399
0.00423998
0.00508798
0.00529998
0.00445198
0.010812
0.00296799
0.00635997
0.00254399
0.00911596
0.00466398
0.00339199
0.00932796
0.00678397
0.00635997
0.00466398
0.0175959
0.00805597
0.00487598
0.00466398
0.00529998
0.00466398
0.00381598
0.012296
0.0139919
0.00869197
0.00657197
0.00148399
0.00233199
0.00233199
0.00211999
0.000423998
0.00148399
0.00148399
0.000423998
0.000211999
0
0.0222599
0
0
0
0.000635997
0.00127199
0
0.000635997
0.000423998
0.00127199
0.000211999
0.00254399
0.00127199
0.000211999
0.00657197
0.000211999
0.000635997
0.00106
0
0.000635997
0
0.00741997
0
0.000211999
0.000847997
0
0.00127199
0.000423998
0.00402798
0
0.000423998
0
0.00127199
0.000211999
0.000635997
0.000211999
0.000635997
0
0
0
0
0
0
0.010176
0
0
0.000211999
0.000847997
0.000635997
0.000635997
0.000635997
0.00148399
0
0.00127199
0.000211999
0.000847997
0
0.00317999
0.00211999
0
0.00127199
0.00233199
0.000423998
0
0.00572398
0.00106
0.00148399
0.00106
0.00190799
0.00233199
0.00106
0.00508798
0.00254399
0.00296799
0.00402798
0.00233199
0.00339199
0.00466398
0.00699597
0.00360399
0.00572398
0.00826797
0.00657197
0.012084
0.00127199
0.0934916