0
0.028749
0.017094
0.025641
0.012432
0.01554
0.014763
0.011655
0.013986
0.00932401
0.00777001
0.010101
0.00699301
0.00932401
0.013209
0.00621601
0.010101
0.003108
0.003885
0.00699301
0.003108
0.01554
0.003885
0.00621601
0.00932401
0.003108
0.010878
0.01554
0.017871
0.00543901
0.014763
0.00621601
0.010878
0.010878
0.00543901
0.017871
0.010101
0.012432
0.014763
0.00854701
0.003885
0
0
0.0901321
0
0
0.002331
0.00699301
0.010878
0.00777001
0.013986
0.00621601
0.00621601
0.011655
0.000777001
0.003885
0
0.004662
0.003885
0
0.003885
0.002331
0
0
0.00699301
0
0.000777001
0.000777001
0.002331
0
0
0.001554
0
0.000777001
0.000777001
0
0
0
0.000777001
0
0.000777001
0
0
0
0
0.00621601
0
0
0
0
0.000777001
0
0
0
0.000777001
0
0
0.000777001
0
0.000777001
0
0
0.000777001
0
0
0.000777001
0.001554
0
0
0
0
0.000777001
0.000777001
0.001554
0.000777001
0.002331
0
0
0
0
0
0
0
0.001554
0.000777001
0
0
0
0.00543901
0
0
0
0.000777001
0
0.002331
0.000777001
0.002331
0
0.003885
0.002331
0.00932401
0.001554
0.00699301
0.00854701
0.002331
0.010101
0.012432
0.013986
0.003108
0.020979
0.00777001
0.010878
0.00699301
0.004662
0.003108
0.002331
0.003108
0.002331
0.001554
0
0
0
0.003885
0.000777001
0.003108
0.000777001
0.001554
0
0.001554
0
0.000777001
0
0
0.000777001
0.000777001
0
0.000777001
0
0
0.000777001
0
0.000777001
0.000777001
0.002331
0.001554
0
0.000777001
0.000777001
0.000777001
0
0
0.003885
0
0
0.000777001
0
0.000777001
0
0.000777001
0
0.000777001
0
0
0.001554
0
0.000777001
0.000777001
0
0.001554
0.000777001
0
0
0
0.002331
0
0.000777001
0.000777001
0
0.001554
0.000777001
0.000777001
0.000777001
0
0
0.001554
0.000777001
0
0.000777001
0
0
0.000777001
0.001554
0.001554
0.000777001
0.002331
0.000777001
0.001554
0.002331
0.001554
0.001554
0.003885
0.003108
0.003108
0.003885
0.003108
0.003885
0.003885
0.00854701
0.00621601
0.004662
0.004662
0.00699301
0.010101
0.00932401
0.011655
0.0559441