0
0.00396825
0.00963719
0.00793651
0.00453515
0.00623583
0.00623583
0.00510204
0.00623583
0.0113379
0.00736961
0.00396825
0.00680272
0.00680272
0.00680272
0.00510204
0.00623583
0.00907029
0.00736961
0.00510204
0.00340136
0.00680272
0.00226757
0.00226757
0.00453515
0.00226757
0.00226757
0.00170068
0.00396825
0
0.00170068
0
0.000566893
0.000566893
0
0.000566893
0
0.00113379
0
0
0
0
0
0.00170068
0
0.000566893
0
0
0
0
0
0
0
0
0
0
0
0
0
0
0
0
0
0
0.000566893
0
0
0
0
0
0
0
0.000566893
0
0
0
0
0
0
0
0
0
0
0
0
0
0
0
0
0
0
0
0
0
0
0
0
0
0
0
0
0
0
0
0
0
0.00113379
0
0
0
0
0
0
0.000566893
0
0
0
0
0
0.000566893
0
0
0
0.000566893
0
0
0
0
0.00736961
0
0
0.000566893
0.000566893
0.00226757
0.00226757
0.00340136
0.00283447
0.00396825
0.00510204
0.00510204
0.00340136
0.00736961
0.0085034
0.0124717
0.0124717
0.0272109
0.0255102
0.042517
0.0328798
0.0487528
0.0396825
0.0334467
0.0300454
0.0260771
0.0136054
0.0215419
0.0170068
0.0113379
0.0136054
0.0119048
0.00226757
0.00623583
0.00793651
0.00566893
0.00453515
0.00226757
0
0.00226757
0.00113379
0
0.0226757
0
0.000566893
0.000566893
0.00340136
0.00170068
0.00226757
0.00226757
0
0.00453515
0
0.00226757
0.00113379
0.00170068
0.00396825
0.00113379
0.00170068
0.00340136
0.00226757
0.00113379
0.000566893
0.00453515
0
0.00283447
0.000566893
0
0.00170068
0.00170068
0.00226757
0
0
0.000566893
0.00170068
0.000566893
0.00113379
0
0
0.00113379
0.00113379
0.000566893
0
0
0
0.00907029
0
0
0.00113379
0.00113379
0.00170068
0.00170068
0.00340136
0.00170068
0.000566893
0.00396825
0.000566893
0.00283447
0.00113379
0.00566893
0.00226757
0
0.00396825
0.00566893
0.00113379
0
0.0102041
0.00396825
0.00283447
0.00340136
0.00340136
0.00736961
0.00623583
0.00736961
0.00453515
0.00907029
0.015873
0.00226757
0.00736961
0.0085034
0.0141723
0.010771
0.00963719
0.0124717
0.00566893
0.0113379
0.00283447
0.0442177