0
0.0490834
0.0239503
0.0141928
0.00753992
0.00384388
0.00310467
0.00192194
0.00206978
0.00473093
0.0017741
0.00399172
0.00162626
0.0017741
0.00369604
0.00103489
0.00236546
0.0017741
0.00221762
0.00103489
0.00118273
0.00532229
0.000591366
0.00206978
0.00162626
0.000887049
0.00236546
0.000887049
0.00310467
0.000443525
0.00118273
0.000591366
0.000887049
0.00133057
0.00162626
0.00118273
0.00103489
0.000295683
0.00118273
0.00103489
0.000887049
0.000295683
0
0.021437
0.000591366
0.000739208
0.000887049
0.000887049
0.000887049
0.000739208
0.00162626
0.00118273
0.000887049
0.00206978
0.000147842
0.000739208
0.000591366
0.00266115
0.000887049
0.000295683
0.0017741
0.00103489
0.000443525
0.000147842
0.00694855
0
0.000147842
0.00133057
0.00133057
0.000443525
0.000147842
0.00251331
0.000295683
0.000591366
0.00133057
0.000295683
0.000147842
0.000887049
0.000443525
0.000147842
0.000295683
0.000443525
0
0.000147842
0
0.0127144
0
0
0.000591366
0.000147842
0.000739208
0.000739208
0.000295683
0.000147842
0.000295683
0.000147842
0.000739208
0.000887049
0.000443525
0.00413956
0.000591366
0
0.00118273
0.000147842
0.000443525
0.000147842
0.00547014
0.000295683
0.000295683
0.000443525
0
0.00147842
0.000443525
0.00591366
0.000295683
0.000443525
0.000443525
0.00251331
0.000295683
0.00147842
0.0017741
0.00147842
0.000591366
0.000443525
0.000591366
0.000443525
0.000147842
0
0.029864
0
0.000887049
0.000295683
0.000591366
0.000739208
0.000443525
0.00118273
0.00162626
0.000887049
0.00147842
0.000591366
0.00118273
0.000591366
0.0035482
0.00147842
0.000887049
0.00162626
0.0017741
0.00118273
0.000887049
0.00532229
0.00103489
0.000591366
0.00118273
0.00251331
0.00103489
0.00133057
0.00251331
0.00103489
0.00206978
0.00251331
0.00251331
0.0017741
0.00576582
0.0060615
0.0078356
0.00753992
0.0113838
0.00532229
0.0198108
0.000591366
0.0452395
0.000887049
0.0153755
0.00813128
0.00916617
0.0096097
0.00547014
0.00458309
0.00369604
0.00413956
0.00236546
0.00369604
0.00280899
0.00340035
0.0042874
0.00103489
0.00221762
0.00206978
0.0017741
0.00221762
0.00236546
0.0017741
0.000591366
0.00236546
0.00162626
0.000887049
0.00236546
0.00162626
0.00280899
0.00133057
0.00118273
0.00103489
0.00118273
0.000295683
0.00147842
0.00118273
0.00118273
0.000739208
0.0017741
0.000591366
0.00103489
0.000295683
0.000295683
0.00916617
0
0.00133057
0.000443525
0.00118273
0.000739208
0.00103489
0.00221762
0.00147842
0.00118273
0.00266115
0.000887049
0.00206978
0.00133057
0.00399172
0.0017741
0.000591366
0.00295683
0.00221762
0.00251331
0.00206978
0.00517445
0.00340035
0.00280899
0.00384388
0.00399172
0.00251331
0.00384388
0.00591366
0.00413956
0.00413956
0.00680071
0.00443525
0.00502661
0.00946186
0.00857481
0.0100532
0.0109403
0.0130101
0.0170018
0.0255766
0.0322294
0.201508