0
0.011466
0.013104
0.011466
0.00655201
0.00655201
0.002457
0.000819001
0.000819001
0.001638
0.001638
0.002457
0.001638
0.000819001
0.000819001
0.000819001
0
0.000819001
0.002457
0.000819001
0.003276
0
0
0.001638
0.003276
0
0.001638
0.001638
0.004095
0.000819001
0.001638
0.001638
0.002457
0
0.001638
0.000819001
0
0
0.000819001
0
0.000819001
0
0
0.00819001
0
0.000819001
0.001638
0.000819001
0.000819001
0
0
0.000819001
0.000819001
0.001638
0
0.000819001
0
0.002457
0
0
0.000819001
0.001638
0.000819001
0
0.004095
0.000819001
0.000819001
0
0.001638
0.001638
0.000819001
0.001638
0.000819001
0.001638
0.002457
0.000819001
0.000819001
0.000819001
0.000819001
0.000819001
0.000819001
0
0.000819001
0
0
0.00573301
0
0
0
0
0
0.000819001
0
0
0.000819001
0
0
0
0
0.000819001
0
0
0.000819001
0
0
0
0
0
0
0.001638
0
0.000819001
0
0.000819001
0
0.000819001
0
0.000819001
0
0
0
0.000819001
0
0.002457
0.000819001
0
0
0
0.015561
0
0
0
0.000819001
0.000819001
0.000819001
0.001638
0.003276
0
0.001638
0.000819001
0.002457
0.001638
0.00655201
0.001638
0.002457
0.004914
0.004095
0.003276
0.002457
0.004095
0.001638
0.004914
0.00737101
0.004914
0.004095
0.004095
0.00573301
0.003276
0.00819001
0.003276
0.004914
0.004914
0.011466
0.010647
0.00900901
0.015561
0.018018
0.00900901
0.023751
0.004095
0.0606061
0.001638
0.00900901
0.010647
0.011466
0.013923
0.004914
0.004095
0.00819001
0.004095
0.00900901
0.004914
0.004095
0.004095
0.00737101
0.00573301
0.001638
0.003276
0.003276
0.002457
0.004914
0.00573301
0.001638
0.004095
0.004095
0.002457
0.00573301
0.004095
0.00573301
0.000819001
0.000819001
0.001638
0.003276
0.003276
0.001638
0.000819001
0.002457
0.002457
0.003276
0.000819001
0.000819001
0.000819001
0
0.011466
0.000819001
0.001638
0.004095
0.000819001
0.000819001
0.000819001
0.004914
0.001638
0.002457
0.004095
0.004095
0.004095
0.002457
0.001638
0.003276
0.001638
0.003276
0.001638
0.003276
0.004914
0.004914
0.00573301
0.002457
0.00982801
0.003276
0.004914
0.00900901
0.00982801
0.004914
0.002457
0.010647
0.013104
0.00655201
0.018018
0.014742
0.019656
0.018837
0.020475
0.031122
0.03276
0.026208
0.0573301