0
0.025641
0.0265252
0.0150309
0.0176835
0.00884173
0.0150309
0.0106101
0.00265252
0.0123784
0.00972591
0.00353669
0.00618921
0.00884173
0.00972591
0.00530504
0.00618921
0.00972591
0.0114943
0.0106101
0.0114943
0.0167993
0.00442087
0.00795756
0.0106101
0.00707339
0.0221043
0.0141468
0.0238727
0.00707339
0.0194518
0.0114943
0.0176835
0.00972591
0.0106101
0.0141468
0.0167993
0.00707339
0.0123784
0.0106101
0
0
0
0.0760389
0
0
0.000884173
0.00530504
0.00353669
0.00176835
0.00265252
0.00353669
0.00176835
0.00618921
0
0.00176835
0
0.00530504
0.00176835
0.000884173
0.00795756
0.000884173
0
0
0.00795756
0
0
0
0.00176835
0.000884173
0
0
0
0
0
0
0.000884173
0.00176835
0
0
0
0
0
0
0
0.00353669
0
0
0
0
0
0
0
0
0
0
0.000884173
0
0
0
0
0
0
0
0
0
0
0
0
0
0.000884173
0
0
0
0
0
0
0
0
0.000884173
0.000884173
0
0.000884173
0.000884173
0
0
0
0
0.00707339
0
0
0.000884173
0
0
0.00353669
0.000884173
0.00176835
0.00353669
0
0.000884173
0.00353669
0
0.00442087
0.00442087
0
0.00618921
0.00707339
0.00442087
0
0.0194518
0.00353669
0.0114943
0.00442087
0.00707339
0.00795756
0.00530504
0.0114943
0.00353669
0.00795756
0.00530504
0
0.00176835
0.00353669
0.00353669
0
0
0.000884173
0
0
0
0.0114943
0
0
0
0
0
0
0
0
0.000884173
0
0.000884173
0.000884173
0.000884173
0.00176835
0
0
0.00176835
0.00176835
0
0
0.00353669
0
0
0
0
0
0
0.00176835
0.000884173
0.000884173
0.00176835
0.00176835
0.000884173
0.000884173
0
0.000884173
0.000884173
0.000884173
0
0
0
0
0.00265252
0.000884173
0.00176835
0
0
0.00176835
0
0
0.00176835
0.000884173
0.000884173
0.000884173
0.000884173
0
0.000884173
0.000884173
0
0.000884173
0.000884173
0.000884173
0
0.000884173
0.000884173
0.00176835
0.00442087
0.00176835
0
0.00265252
0.00530504
0.00530504
0.00265252
0.00618921
0.00618921
0.00442087
0.00618921
0.0106101
0.00707339
0.00618921
0.0106101
0.0114943
0.0221043
0.0167993
0.0548187