0.00966184
0.0273752
0.0305958
0.0225443
0.0225443
0.0241546
0.00805153
0.0322061
0.0161031
0.0161031
0.00644122
0.00644122
0.0161031
0.00483092
0.00322061
0.00322061
0.00483092
0.0144928
0.0128824
0.00644122
0.00644122
0.0144928
0.00644122
0.00322061
0.0112721
0.00966184
0.00805153
0.00644122
0.0128824
0.0112721
0.0112721
0.00322061
0.0112721
0.00966184
0.00805153
0.0144928
0.00322061
0.00322061
0.00644122
0.0112721
0.00483092
0.00161031
0
0.020934
0.00161031
0.00322061
0.0144928
0.00322061
0.00483092
0.00322061
0.00322061
0.00483092
0.00483092
0.00483092
0.00322061
0.00644122
0.00483092
0.00322061
0.00483092
0.00161031
0.00322061
0
0.00161031
0.00161031
0.00805153
0.00322061
0.00161031
0.00161031
0.00161031
0
0
0.00644122
0
0
0.00161031
0
0
0
0
0.00161031
0.00161031
0
0
0
0
0.00805153
0
0
0
0
0
0
0.00161031
0
0.00161031
0
0.00161031
0
0
0.00322061
0
0
0.00322061
0
0
0
0.00483092
0
0
0.00161031
0
0
0
0.00483092
0
0.00322061
0
0.00161031
0
0
0
0.00161031
0
0
0
0.00161031
0
0
0.00644122
0.00161031
0
0
0
0
0
0
0
0
0
0
0
0
0
0.00161031
0
0.00161031
0
0
0
0.00161031
0
0.00161031
0
0
0
0
0
0
0
0
0.00161031
0
0.00161031
0
0.00161031
0
0
0
0
0
0
0
0
0
0
0
0
0
0
0
0
0
0
0
0
0
0
0
0
0
0
0
0
0
0
0
0
0
0
0
0.00161031
0
0.00161031
0
0
0.00161031
0
0
0
0.00161031
0.00161031
0
0.00161031
0.0128824
0
0
0
0.00161031
0
0.00161031
0
0
0
0.00161031
0
0
0
0.00161031
0.00161031
0.00161031
0.00161031
0
0.00161031
0
0.00161031
0.00161031
0.00161031
0
0
0.00161031
0.00161031
0.00161031
0.00161031
0.00644122
0.00322061
0.00483092
0.00161031
0.00966184
0.00322061
0.00805153
0.00483092
0.00644122
0.0112721
0.0177134
0.0338164
0.190016