0
0.0002886
0.00606061
0.004329
0.0037518
0.00577201
0.000865801
0.002886
0.0023088
0.0025974
0.0017316
0.0025974
0.0020202
0.0011544
0.0037518
0.000577201
0.0020202
0.000577201
0.0017316
0.0011544
0.0023088
0.0034632
0.001443
0.0011544
0.000577201
0.0002886
0.0002886
0.000577201
0.0011544
0.000577201
0.0002886
0.0002886
0.0011544
0.0002886
0
0
0.0002886
0
0.0002886
0
0
0
0
0.00548341
0
0.0002886
0
0.000577201
0
0
0.000577201
0.000577201
0
0.000865801
0
0.0002886
0
0.000577201
0
0
0.000865801
0
0
0
0.001443
0
0
0
0
0
0
0.0002886
0
0.0002886
0
0
0
0
0
0
0
0
0
0
0
0.0011544
0
0
0
0
0
0
0
0
0
0
0.0002886
0
0
0.000577201
0
0
0.000577201
0
0
0
0.0017316
0
0
0
0
0.0002886
0
0.0002886
0
0
0
0
0
0
0
0
0.0002886
0
0
0
0
0
0.00894661
0
0
0
0
0.000577201
0.000865801
0.000577201
0.0017316
0.0017316
0.002886
0.0020202
0.0025974
0.0031746
0.00634921
0.0034632
0.0034632
0.0046176
0.00577201
0.00548341
0.0031746
0.0196248
0.011544
0.0225108
0.0401154
0.04329
0.0357864
0.036075
0.0366522
0.018759
0.0227994
0.023088
0.00606061
0.01443
0.0222222
0.018759
0.00894661
0.0161616
0.0106782
0.0046176
0.0037518
0.000577201
0.102164
0.0002886
0.0020202
0.0034632
0.004329
0.0049062
0.0031746
0.00721501
0.0020202
0.00981241
0.000577201
0.00952381
0.0023088
0.0011544
0.011544
0.0011544
0.001443
0.004329
0.0017316
0.0025974
0.0011544
0.0150072
0.0002886
0.000577201
0.0011544
0.0002886
0.0025974
0.002886
0.00808081
0.0002886
0.0017316
0.001443
0.0049062
0.0020202
0.001443
0.001443
0.000865801
0.0011544
0.0011544
0.000865801
0
0
0
0.018759
0
0.000577201
0.0020202
0.000577201
0.0017316
0.000577201
0.0037518
0.0025974
0.0017316
0.0040404
0.0002886
0.0017316
0.000577201
0.0031746
0.001443
0.000577201
0.0031746
0.000865801
0.0031746
0.0011544
0.00692641
0.001443
0.0034632
0.0034632
0.0031746
0.000577201
0.0034632
0.00519481
0.0031746
0.0031746
0.00663781
0.0020202
0.0040404
0.0049062
0.00721501
0.0046176
0.010101
0.0176046
0.0193362
0.0271284
0.000577201
0.0323232