0
0.000528821
0.00237969
0.0026441
0.00277631
0.00171867
0.00178477
0.0026441
0.0024458
0.00343733
0.00237969
0.00211528
0.00105764
0.00224749
0.000793231
0.000727129
0.000330513
0.000594923
0.000594923
0.000330513
6.61026e-005
0.000330513
0.000132205
0.000330513
6.61026e-005
6.61026e-005
0.000132205
0
6.61026e-005
0.000132205
6.61026e-005
0
0.000132205
6.61026e-005
0
6.61026e-005
0
0
0
0
0
0
0
0.00026441
0
0
0
0
0.000132205
0
0
0
0
6.61026e-005
6.61026e-005
6.61026e-005
0
6.61026e-005
0
0
0
0
0
0
6.61026e-005
0
0
6.61026e-005
0
6.61026e-005
0
6.61026e-005
6.61026e-005
0
0.000132205
0
0
0.000132205
0
6.61026e-005
6.61026e-005
0.000132205
0
0
0
0.000198308
0
0
6.61026e-005
0
0.000132205
0
0
0
0
0
6.61026e-005
0
6.61026e-005
6.61026e-005
0.000132205
0
6.61026e-005
0
0.000198308
0
0.000132205
6.61026e-005
0.000132205
6.61026e-005
0
6.61026e-005
0.000132205
6.61026e-005
0.000132205
0
0
0.000132205
0
0
0
6.61026e-005
6.61026e-005
6.61026e-005
6.61026e-005
6.61026e-005
0
0
0.000594923
6.61026e-005
0
0.000396616
0.000132205
0.000198308
0.000462718
0.00026441
0.000528821
0.000330513
0.00026441
0.000528821
0.000330513
0.000793231
0.00125595
0.00171867
0.00165256
0.00171867
0.00211528
0.002578
0.00330513
0.00641195
0.0103781
0.0185087
0.0371497
0.0547329
0.0905605
0.142385
0.161819
0.0967742
0.0469328
0.0222105
0.0175833
0.00819672
0.00872554
0.00528821
0.00449498
0.00409836
0.00237969
0.00165256
0.00218139
0.000925436
0.00621364
0.000132205
0.00185087
0.00158646
0.00138815
0.00118985
0.00198308
0.00165256
0.00118985
0.00145426
0.00026441
0.00158646
0.00118985
0.00118985
0.00118985
0.000462718
0.000925436
0.000661026
0.000727129
0.000925436
0.000793231
0.00158646
0.000198308
0.000793231
0.000594923
0.000396616
0.000396616
0.000661026
0.00158646
0.000396616
0.000661026
0.00026441
0.000396616
0.000594923
0.000528821
0.000661026
0.000727129
0.000198308
0
0.000462718
0.000396616
0
0
0.0026441
0
0.000198308
0.000396616
0.000198308
0.000330513
0.000594923
0.000462718
0.000661026
0.00026441
0.000661026
0.000396616
0.000727129
6.61026e-005
0.000528821
0.000661026
0.000462718
0.000859334
0.000793231
0.00145426
0.00026441
0.00105764
0.000793231
0.000727129
0.00132205
0.00145426
0.000859334
0.00132205
0.00125595
0.000727129
0.00125595
0.0025119
0.000727129
0.00145426
0.0026441
0.00370175
0.00456108
0.0202935
0.00846113
0.050238
0.0280936
0.00218139
0.0120968