0.00104493
0.0292581
0.030303
0.0470219
0.0407524
0.0428422
0.0344828
0.0334378
0.0198537
0.0344828
0.0240334
0.0240334
0.0177638
0.031348
0.0282132
0.0198537
0.0198537
0.0177638
0.0177638
0.0198537
0.0229885
0.0261233
0.0031348
0.0198537
0.014629
0.0135841
0.0177638
0.015674
0.0177638
0.00940439
0.0104493
0.0104493
0.0125392
0.00417973
0.00940439
0.00940439
0.00417973
0.00208986
0.00522466
0.0031348
0.0031348
0.00208986
0
0.0135841
0.00104493
0.00208986
0.00208986
0.0031348
0.00208986
0.00104493
0.00417973
0.00208986
0.00104493
0.00208986
0.00104493
0
0.00104493
0.00104493
0.00104493
0.00104493
0
0
0
0
0.00104493
0
0.00104493
0
0.00208986
0.00104493
0
0.00104493
0.00208986
0
0
0
0
0
0
0
0.00104493
0
0
0
0
0.0031348
0
0
0
0.00104493
0.00208986
0
0
0
0.00104493
0
0.00208986
0
0
0.00104493
0
0.00104493
0
0
0.00104493
0
0.0031348
0
0
0
0
0
0
0.00104493
0
0
0.00104493
0.00104493
0.00104493
0
0
0
0
0.00104493
0
0.00104493
0
0
0.00626959
0
0
0
0.00104493
0
0
0.00104493
0.0031348
0
0.00626959
0
0.00208986
0
0.0167189
0
0
0.00522466
0.00208986
0
0
0.00835946
0
0
0.00104493
0.00104493
0.00104493
0
0.0114943
0
0.00104493
0.00208986
0
0.00104493
0
0.00104493
0.00104493
0.00104493
0
0
0
0
0.00522466
0
0
0
0
0
0
0
0
0
0
0
0
0
0
0
0
0
0
0
0
0
0
0
0
0
0
0
0.00104493
0
0
0
0.00104493
0
0
0
0
0
0
0
0
0
0
0.00104493
0
0
0
0
0.00104493
0
0
0.00104493
0
0
0
0
0
0
0
0
0
0.00104493
0.00104493
0
0
0
0.00104493
0
0.00104493
0
0.00104493
0.00208986
0.00104493
0
0
0.00104493
0.00208986
0.00417973
0.0031348
0.00522466
0.0031348
0.00208986
0.00940439
0.00417973
0.00626959
0.0240334