0
0
0
0.000400641
0.00160256
0.000400641
0
0
0
0
0
0.00120192
0.00120192
0
0.000400641
0
0.000400641
0.000400641
0.000400641
0.000400641
0
0.000801282
0
0
0.000400641
0
0.000400641
0
0
0
0
0
0
0
0
0
0
0
0
0
0
0
0
0.000400641
0
0
0
0
0
0
0
0
0
0
0
0
0
0
0
0
0
0
0
0
0.000400641
0
0
0
0
0
0
0
0
0
0
0
0
0
0
0
0
0
0
0
0
0.000400641
0
0
0
0
0
0
0
0
0
0
0
0
0
0
0
0
0
0
0
0
0
0
0
0
0
0
0
0
0
0
0
0
0
0
0
0
0
0
0
0
0
0
0.00120192
0
0
0
0
0
0
0
0
0
0
0
0
0
0.00160256
0
0
0
0
0.000400641
0
0.00320513
0.000400641
0.000400641
0.00440705
0.0208333
0.0228365
0.0352564
0.0416667
0.0128205
0.0116186
0.0240385
0.00200321
0.00360577
0.0188301
0.010016
0.00480769
0.00961538
0.00240385
0.000400641
0.00360577
0
0.354167
0
0.00200321
0.00320513
0.00360577
0.00200321
0.00280449
0.00560897
0.00160256
0.0204327
0.000400641
0.0608974
0.00360577
0.00240385
0.0364583
0.00200321
0.00200321
0.00641026
0.00360577
0.00240385
0.000400641
0.0196314
0
0.00120192
0.00320513
0.000400641
0.00120192
0.000801282
0.0104167
0.000400641
0.00360577
0.000801282
0.00560897
0.000400641
0.0068109
0.00200321
0.00200321
0.00200321
0.00240385
0.000400641
0
0
0
0.0120192
0
0
0.000801282
0.00120192
0.00120192
0.00120192
0.00240385
0.00360577
0.00160256
0.00520833
0.000400641
0.00320513
0.000801282
0.00480769
0.00480769
0
0.00560897
0.00841346
0.000400641
0
0.0152244
0.000400641
0.00480769
0.00320513
0.00721154
0.00600962
0.0104167
0.0116186
0.010016
0.00761218
0.00641026
0.00360577
0.00240385
0.00440705
0.00520833
0.00120192
0.00280449
0.00520833
0
0
0
0.00961538