0
0
0.00742207
0.00296883
0.00593765
0.00247402
0.00197922
0.00247402
0.000989609
0.00494805
0.00395844
0.00197922
0.00247402
0.00148441
0.00197922
0.00197922
0.000494805
0.00197922
0.00296883
0.00148441
0.000989609
0.00395844
0.000494805
0
0.000989609
0.000494805
0
0.00148441
0
0.000494805
0
0
0
0
0
0.000494805
0
0
0
0
0
0
0
0.000494805
0
0
0
0
0
0
0
0
0.000494805
0.000494805
0
0
0
0
0
0
0
0
0
0
0.000989609
0
0
0
0.000494805
0
0
0.000494805
0
0
0
0
0
0
0
0
0
0
0
0
0
0.000494805
0
0
0
0
0
0
0
0
0.000494805
0
0
0
0
0
0
0
0
0
0
0
0.000989609
0
0
0.000494805
0
0
0
0.000989609
0
0
0
0.000494805
0
0
0
0
0.000494805
0
0
0
0
0
0.00148441
0
0
0
0
0
0
0
0.000989609
0.000494805
0.00148441
0
0.00148441
0.000494805
0.00197922
0.00395844
0
0.00148441
0.000989609
0.00148441
0.000494805
0.00890648
0.00643246
0.0128649
0.0237506
0.0277091
0.0217714
0.020287
0.0207818
0.00890648
0.0103909
0.0103909
0.00148441
0.00494805
0.0143493
0.00890648
0.00841168
0.00593765
0.00395844
0.00346363
0.00247402
0
0.15141
0.000494805
0
0.00296883
0.00247402
0.00197922
0.00494805
0.00445324
0.00148441
0.0311727
0.000989609
0.0687778
0.00148441
0.00148441
0.0717467
0.00197922
0.000989609
0.00841168
0.000989609
0.000989609
0.000494805
0.0470064
0.000494805
0.00148441
0.000989609
0.000494805
0.00346363
0.00148441
0.0356259
0.000989609
0
0.00148441
0.00742207
0.000494805
0.00148441
0.00296883
0.000989609
0.000494805
0.00148441
0.000989609
0.000989609
0
0
0.0356259
0
0
0.000494805
0.00197922
0.000494805
0.000494805
0.000494805
0.00247402
0
0.00494805
0.000494805
0.00197922
0.00296883
0.00494805
0.00197922
0.000989609
0.00692726
0.00346363
0.000989609
0
0.00544285
0.00247402
0.00296883
0.00197922
0.00593765
0.00445324
0.00445324
0.00544285
0.00296883
0.00593765
0.0113805
0.00247402
0.00791687
0.00544285
0.00890648
0.00395844
0.00593765
0.0113805
0.00445324
0.0197922
0
0.0237506