0
0
0
0
0.000891266
0
0
0
0
0
0
0.00222816
0
0.000445633
0.000445633
0
0
0.000891266
0.000445633
0.000445633
0.000445633
0.000445633
0
0
0
0
0.000445633
0
0
0
0
0
0
0
0
0
0
0
0
0
0
0
0
0
0
0
0
0
0
0
0
0
0
0
0
0
0
0
0
0
0
0
0
0
0
0
0
0
0
0
0
0
0
0
0
0
0
0
0
0
0
0
0
0
0
0.000445633
0
0
0
0
0
0
0
0
0
0
0
0
0
0
0
0
0
0
0
0
0
0
0
0
0
0
0
0
0
0
0
0
0
0
0
0
0
0
0
0
0
0
0.000891266
0
0
0
0
0
0
0
0
0
0
0
0
0
0.000445633
0
0
0.000891266
0
0.000445633
0
0.00534759
0
0.00178253
0.00356506
0.0106952
0.0227273
0.0320856
0.0427807
0.021836
0.0173797
0.0236185
0.0026738
0.00757576
0.0276292
0.0151515
0.0102496
0.00757576
0.00490196
0.00222816
0.0013369
0
0.321747
0
0.000891266
0.0013369
0.00222816
0.0026738
0.00490196
0.00802139
0.0013369
0.0245098
0.000445633
0.065508
0.0026738
0.00356506
0.0320856
0.00178253
0.00356506
0.00490196
0.00534759
0.00311943
0.000445633
0.021836
0
0.000891266
0.00445633
0.00178253
0.00356506
0.0013369
0.00980392
0
0.0026738
0.0026738
0.00311943
0.000891266
0.00222816
0.00356506
0.00222816
0.000445633
0.0026738
0
0
0
0
0.0147059
0
0
0
0.000891266
0.00222816
0.00311943
0.0026738
0.00222816
0.00178253
0.00534759
0.00178253
0.00490196
0
0.00713012
0.00757576
0.000445633
0.00222816
0.00356506
0.00356506
0
0.0124777
0.00311943
0.00623886
0.00713012
0.00846702
0.00534759
0.00445633
0.0102496
0.0115865
0.00668449
0.00490196
0.00311943
0.00311943
0.0040107
0.00311943
0.00222816
0.00311943
0.00178253
0
0
0
0.00802139