0
0.0258503
0.00952381
0.00884354
0.00952381
0.0108844
0.00952381
0.0136054
0.00680272
0.0108844
0.00612245
0.0136054
0.00408163
0.00272109
0.0142857
0.00408163
0.00408163
0.0047619
0.00340136
0.0047619
0.000680272
0.0190476
0
0.000680272
0.000680272
0.000680272
0.00272109
0.00136054
0.00408163
0
0.00204082
0
0.00204082
0
0.000680272
0.000680272
0.000680272
0.00136054
0
0
0
0
0
0.0176871
0
0
0
0
0
0
0.000680272
0
0
0.00136054
0
0
0
0.00136054
0
0
0
0
0
0
0.000680272
0
0
0
0
0
0
0
0
0
0
0
0
0
0.000680272
0
0
0
0
0
0
0.0047619
0
0
0
0
0
0
0
0
0.000680272
0
0
0.000680272
0
0
0
0
0.000680272
0
0
0
0.000680272
0
0
0
0
0
0
0.00136054
0
0
0
0.000680272
0
0.000680272
0
0
0
0
0
0.00136054
0
0
0.0102041
0
0.000680272
0
0.000680272
0
0
0
0
0.00136054
0.00272109
0
0
0.000680272
0.00272109
0.000680272
0
0.000680272
0
0.00136054
0.00136054
0.00748299
0.00272109
0.0122449
0.0210884
0.0306122
0.029932
0.0238095
0.0163265
0.0047619
0.00272109
0.00680272
0.00136054
0.00136054
0.00544218
0.00340136
0.000680272
0.00136054
0.00204082
0
0.000680272
0.000680272
0.0557823
0.00136054
0
0.00204082
0.00204082
0.00136054
0.00136054
0.00272109
0.00204082
0.00340136
0
0.00544218
0.00408163
0
0.00952381
0
0
0.000680272
0
0.000680272
0.00204082
0.0190476
0.00272109
0.00340136
0.00136054
0.00204082
0.0047619
0.000680272
0.00612245
0
0.00272109
0
0.0047619
0.00136054
0
0
0.000680272
0.00136054
0.000680272
0
0.00204082
0
0
0.0503401
0.000680272
0.000680272
0.000680272
0.00136054
0.000680272
0.000680272
0.00204082
0.00136054
0
0.00544218
0.00136054
0
0.000680272
0.00816326
0.000680272
0
0.00204082
0
0.00204082
0.00272109
0.029932
0.00136054
0.000680272
0.000680272
0.00408163
0.00204082
0.00340136
0.0197279
0.00612245
0.00544218
0.00748299
0.00748299
0.00544218
0.00748299
0.00612245
0.00408163
0.00612245
0.0122449
0.0102041
0.0122449
0.0244898
0.155782