0
0
0
0
0
0
0.000474608
0.000949217
0
0.000474608
0
0.000949217
0.000474608
0
0.00237304
0
0
0.000474608
0
0.000949217
0
0.000474608
0
0
0
0
0
0.000474608
0
0
0
0
0
0
0
0
0
0
0
0
0
0
0
0.000474608
0
0
0
0
0
0
0
0
0
0
0
0
0
0
0
0
0
0
0
0
0
0
0
0
0
0
0
0
0
0
0
0
0
0
0
0
0
0
0
0
0
0
0
0
0
0
0
0
0
0
0
0
0
0
0
0
0
0
0
0
0
0
0
0
0
0
0
0
0
0
0
0
0
0
0
0
0
0
0
0
0
0
0
0
0.00189843
0
0
0
0
0
0
0
0
0
0
0
0
0
0.000949217
0
0
0.00142383
0
0.000474608
0
0.000949217
0.000474608
0.00142383
0.00474608
0.0156621
0.0280019
0.0332226
0.0355956
0.00759374
0.0123398
0.0147129
0.00237304
0.00806834
0.0303749
0.0232558
0.00996678
0.00996678
0.00284765
0.00379687
0.00284765
0
0.348837
0
0.00189843
0.00189843
0.00522069
0.00379687
0.00284765
0.00664452
0.00189843
0.0289511
0.000474608
0.0579022
0.00284765
0.00284765
0.0360702
0.00189843
0.00189843
0.00379687
0.00379687
0.00189843
0
0.0185097
0
0.000949217
0.00474608
0
0.00189843
0.000949217
0.0104414
0
0.00189843
0.000474608
0.00332226
0.000949217
0.00237304
0.00332226
0.00142383
0.000474608
0.00237304
0
0
0
0
0.0180351
0
0
0
0.00142383
0.000474608
0.00427148
0.00474608
0.00142383
0
0.00142383
0
0.00759374
0.000474608
0.00854295
0.00854295
0
0.00379687
0.00664452
0.000474608
0
0.0137636
0.000474608
0.00806834
0.00237304
0.00427148
0.00616991
0.0056953
0.00949217
0.00854295
0.0123398
0.00379687
0.00189843
0.00189843
0.00379687
0.00237304
0.000474608
0.00237304
0.00332226
0.00189843
0
0
0.00806834