0
0.0210526
0.0105263
0.0114035
0.0105263
0.0131579
0.00964912
0.0105263
0.00701754
0.0149123
0.00614035
0.0166667
0.00964912
0.00526316
0.0149123
0.00701754
0.000877193
0.00614035
0.00789474
0.00438596
0.000877193
0.0122807
0.00175439
0.000877193
0.00350877
0
0.00526316
0.00263158
0.000877193
0
0
0
0
0
0.000877193
0.000877193
0
0.00175439
0
0
0.000877193
0
0
0.00964912
0
0
0.000877193
0
0.000877193
0
0
0.000877193
0
0
0
0.000877193
0
0.000877193
0
0
0
0
0
0
0.000877193
0
0
0
0
0
0
0
0
0.000877193
0
0
0
0
0
0
0
0
0
0
0
0.000877193
0
0
0
0
0.000877193
0
0.000877193
0
0
0
0
0
0
0
0
0
0
0
0
0
0
0
0
0
0
0
0
0
0
0
0
0
0
0.000877193
0
0
0
0
0.000877193
0
0
0
0.0114035
0
0
0
0
0
0
0
0.00175439
0
0.00350877
0
0.000877193
0.00175439
0.00526316
0.000877193
0
0.000877193
0.000877193
0.000877193
0.00175439
0.0122807
0.00263158
0.00877193
0.0166667
0.0210526
0.0184211
0.0280702
0.0219298
0.00614035
0.00614035
0.00526316
0.000877193
0.00350877
0.00438596
0.00263158
0.000877193
0.00175439
0
0.00175439
0.000877193
0.000877193
0.0482456
0
0.000877193
0.00438596
0.00175439
0.00175439
0.000877193
0.000877193
0.00263158
0.00526316
0.00175439
0.00614035
0
0
0.00789474
0.000877193
0.00175439
0.00350877
0
0.00350877
0
0.022807
0.000877193
0.00526316
0.00175439
0.00175439
0.00614035
0.000877193
0.00614035
0.00175439
0
0
0.00263158
0.00175439
0.00350877
0.000877193
0.000877193
0.000877193
0
0.000877193
0.000877193
0.000877193
0
0.0473684
0
0.000877193
0
0
0.00175439
0.00175439
0.00263158
0.00263158
0.000877193
0.00350877
0.00263158
0.00175439
0.000877193
0.0105263
0
0.00175439
0.000877193
0.000877193
0.00175439
0
0.0175439
0.00175439
0
0.00175439
0.00438596
0.00526316
0.00350877
0.0201754
0.00877193
0.0114035
0.0201754
0.00789474
0.00526316
0.00877193
0.00701754
0.00701754
0.00877193
0.00877193
0.00789474
0.0184211
0.0201754
0.135088