0
0
0
0
0.000395726
0.000339194
0
0.000113065
5.65323e-005
0.000508791
5.65323e-005
0.000395726
0
5.65323e-005
0.000282662
5.65323e-005
0
0.000113065
5.65323e-005
0
0
0.000169597
0
0
5.65323e-005
0
0
0
5.65323e-005
0
0
0
0
0
0
0
0
0
0
0
0
0
0
5.65323e-005
0
0
0
0
0
0
0
0
0
0
0
0
0
0
0
0
0
0
0
0
0
0
0
0
0
0
0
0
0
0
0
0
0
0
0
0
0
0
0
0
0
5.65323e-005
0
0
0
0
0
0
0
0
0
0
0
0
0
0
0
0
0
0
0
0
0
0
0
0
0
0
0
0
0
0
0
0
0
0
0
0
0
0
0
0
0
0
0.000339194
0
0
0
0
0
0
5.65323e-005
5.65323e-005
0
0.000169597
0
0.000169597
0
0.000169597
0
0
0.000226129
5.65323e-005
5.65323e-005
5.65323e-005
0.00169597
0.000395726
0.00135678
0.00260049
0.0092713
0.0111934
0.0236305
0.0313189
0.0243654
0.0172424
0.0195602
0.0036746
0.00435299
0.0157725
0.00847985
0.00474871
0.00503138
0.00163944
0.00124371
0.000339194
0
0.286562
0
5.65323e-005
0.000508791
0.00124371
0.00254395
0.00390073
0.0142461
0.000395726
0.055119
0.000565323
0.11363
0.00243089
0.000791452
0.0692521
0.000508791
0.00152637
0.0138504
0.00135678
0.00113065
0.000169597
0.0474871
0
0.000565323
0.00135678
0.000169597
0.00288315
0.000904517
0.0203516
0
0.000904517
0.000169597
0.00621855
0.000395726
0.00118718
0.000961049
0.000508791
5.65323e-005
0.00073492
0
0
0
0
0.0127198
0
0
0.000113065
0.000678388
0.000565323
0.000565323
0.000791452
0.00169597
0.000508791
0.0020917
0.000226129
0.00107411
0
0.003505
0.000904517
0.000169597
0.0020917
0.00107411
0.00107411
0
0.00491831
0.00124371
0.00226129
0.00390073
0.00282662
0.00401379
0.00802759
0.00921477
0.0132286
0.0188818
0.0153768
0.0071796
0.00961049
0.00819718
0.00356154
0.00254395
0.00073492
0.0017525
0.00141331
5.65323e-005
0
0.00446605