0
0
0
0
0.000976563
0.00195313
0.00292969
0.00195313
0.000976563
0.00390625
0.000976563
0.00488281
0.000976563
0.00488281
0.000976563
0.00292969
0.000976563
0.00488281
0.00292969
0.00195313
0.000976563
0.00292969
0
0.00195313
0.00292969
0.000976563
0.000976563
0
0.00195313
0.000976563
0.000976563
0
0
0
0
0.000976563
0
0
0
0
0
0
0
0.00292969
0
0
0.000976563
0
0
0
0
0
0
0
0
0
0
0.000976563
0
0
0
0
0
0
0.000976563
0
0
0
0
0
0
0
0
0
0
0
0
0
0
0
0
0
0
0
0
0
0
0
0
0
0
0
0
0
0
0
0
0
0
0
0
0
0
0
0
0
0
0
0
0
0
0
0
0.000976563
0.000976563
0
0
0
0
0.000976563
0
0
0
0
0
0
0
0
0.00195313
0
0.000976563
0
0
0
0.000976563
0.00195313
0
0.000976563
0.00292969
0
0
0.00195313
0.00488281
0.00488281
0.00195313
0.00390625
0.00683594
0.00683594
0.00292969
0.0185547
0.0117188
0.0117188
0.0234375
0.0341797
0.0244141
0.0234375
0.0371094
0.0107422
0.0195313
0.0371094
0.00976563
0.00390625
0.0517578
0.0498047
0.0185547
0.00683594
0.00585938
0.00390625
0.000976563
0
0.0986328
0
0
0.00292969
0.00195313
0.00683594
0.00390625
0.00390625
0.000976563
0.00976563
0
0.0136719
0.00390625
0
0.0126953
0
0.00292969
0.00878906
0.00195313
0
0
0.0195313
0
0
0
0
0.00488281
0
0.0146484
0
0
0
0.00683594
0
0.00683594
0
0
0
0
0
0
0
0
0.0322266
0
0
0
0
0
0
0.00390625
0.00878906
0
0.0107422
0
0
0
0.0117188
0
0
0.0117188
0.00292969
0
0
0.0478516
0
0
0.00585938
0.0166016
0.000976563
0
0.0253906
0
0.0107422
0.0078125
0
0
0.0126953
0.0107422
0.00488281
0.00195313
0.000976563
0.000976563
0
0
0.0341797