0.00565682
0.0188561
0.0238843
0.02577
0.0157134
0.0144563
0.00691389
0.0188561
0.0150849
0.0150849
0.0087995
0.00439975
0.00251414
0.00251414
0.00188561
0.00188561
0.00125707
0.00125707
0.00251414
0.000628536
0.00188561
0
0
0.00125707
0
0.00125707
0.000628536
0
0.000628536
0.000628536
0.000628536
0.00188561
0
0.000628536
0.000628536
0.000628536
0.000628536
0
0.00251414
0.00188561
0
0
0
0.0245129
0.000628536
0
0.00125707
0
0
0
0
0.000628536
0
0.000628536
0.00188561
0.00125707
0
0.00251414
0.000628536
0
0.000628536
0
0.00188561
0.000628536
0.000628536
0
0
0.000628536
0
0
0.000628536
0.00188561
0
0
0.00125707
0
0.000628536
0.00125707
0
0
0
0.00125707
0
0
0
0.00188561
0
0
0
0
0
0
0.000628536
0
0
0
0.000628536
0
0
0
0
0
0
0
0
0
0.00251414
0.000628536
0
0
0
0
0
0.00125707
0.000628536
0.000628536
0.00125707
0.00125707
0
0.000628536
0.00125707
0
0
0.00251414
0.000628536
0.00125707
0.000628536
0
0.00565682
0.00125707
0
0.000628536
0.00314268
0.00125707
0.000628536
0.00251414
0.00251414
0.00251414
0.00565682
0.000628536
0.00628535
0.00817096
0.00377121
0.0087995
0.00502828
0.0125707
0.00817096
0.00314268
0.0106851
0.0119422
0.0131992
0.0163419
0.0144563
0.02577
0.0194846
0.0383407
0.0307982
0.0251414
0.0251414
0.0157134
0.0125707
0.00754243
0.00817096
0.00691389
0.00565682
0.00188561
0.00439975
0.00754243
0.00188561
0.000628536
0.00817096
0.00125707
0.000628536
0.00251414
0
0.00188561
0.00188561
0
0.00188561
0
0.00188561
0.00377121
0.000628536
0
0.00188561
0
0.00188561
0.00188561
0.00188561
0.00188561
0.000628536
0.00125707
0.000628536
0.00125707
0.00125707
0
0.000628536
0.00188561
0
0.00125707
0
0.00125707
0
0.00125707
0.00125707
0.00314268
0.000628536
0
0
0.000628536
0.00125707
0.000628536
0.000628536
0.0087995
0.000628536
0
0.00125707
0.00188561
0.00125707
0.00251414
0.00125707
0.000628536
0.000628536
0.00251414
0.000628536
0
0.000628536
0.000628536
0
0.00188561
0.00125707
0.000628536
0.00125707
0.00188561
0.00125707
0.00125707
0.000628536
0.00125707
0.00377121
0.00565682
0.00188561
0.00125707
0.00439975
0.00377121
0.00502828
0.00314268
0.00565682
0.00565682
0.00565682
0.00439975
0.00628535
0.00565682
0.00439975
0.00942803
0.0106851
0.17159