0.00111317
0.00445269
0.0115028
0.0445269
0.0337662
0.0189239
0.0159555
0.0141002
0.0100186
0.0107607
0.00816326
0.0148423
0.00519481
0.00445269
0.0133581
0.00556586
0.00296846
0.00371058
0.00742115
0.00445269
0.0025974
0.012987
0.00185529
0.00222635
0.00222635
0.000742115
0.00556586
0.00222635
0.00667904
0
0.00148423
0.000742115
0.00185529
0.000742115
0.00148423
0.00111317
0.00148423
0.000371058
0.000371058
0
0
0
0
0.00853432
0
0
0
0.000371058
0.000371058
0
0
0
0
0.000742115
0
0
0
0
0
0
0
0
0
0
0.00148423
0
0
0
0.000371058
0
0
0.000742115
0
0
0
0
0
0
0
0
0
0
0
0
0
0.000742115
0
0
0.000371058
0
0
0
0
0.000371058
0
0
0.000371058
0
0.000371058
0.000742115
0
0
0.000371058
0
0
0
0.000371058
0
0
0.000371058
0
0
0.000742115
0.00222635
0
0.000371058
0.000371058
0.000742115
0
0.000742115
0.000371058
0.000742115
0.000742115
0
0.000371058
0.000371058
0
0
0.00816326
0.00111317
0.00111317
0
0.00148423
0.00185529
0.00148423
0.00111317
0.00185529
0.00185529
0.00408163
0.00148423
0.00185529
0.00111317
0.00333952
0.00556586
0.00333952
0.0111317
0.0115028
0.0152134
0.0218924
0.0319109
0.0263451
0.0244898
0.0174397
0.0141002
0.00890538
0.00853432
0.00890538
0.00667904
0.00890538
0.00816326
0.00705009
0.00519481
0.00779221
0.00556586
0.00519481
0.00482375
0.00593692
0.00148423
0.00408163
0.00111317
0.0359926
0.00222635
0.00296846
0.00296846
0.00111317
0.00333952
0.00111317
0.00408163
0.00408163
0.00853432
0.00148423
0.00519481
0.00333952
0.00111317
0.00890538
0.00222635
0.0025974
0.00296846
0.00185529
0.00408163
0.000742115
0.0096475
0
0.000742115
0.00296846
0.00111317
0.00408163
0.00148423
0.0096475
0
0.00111317
0.000371058
0.00408163
0.000371058
0.00222635
0.00222635
0.000371058
0.000742115
0.000742115
0.00111317
0.00111317
0
0
0.0237477
0.000742115
0.00148423
0.000742115
0.000742115
0.00111317
0
0.00185529
0.00222635
0.00185529
0.00482375
0
0.00148423
0.00185529
0.00816326
0.00222635
0.00148423
0.00371058
0.00148423
0.00111317
0.00222635
0.0096475
0.00111317
0.00556586
0.00408163
0.00816326
0.00148423
0.00296846
0.0111317
0.00333952
0.00371058
0.00667904
0.00445269
0.00408163
0.00853432
0.00333952
0.00371058
0.00371058
0.00482375
0.00779221
0.00890538
0.00667904
0.058256