0
0
0
0
0
0.000455996
0
0.000911993
0
0.00410397
0
0.00319197
0.000455996
0
0.000911993
0
0
0.000911993
0
0
0
0.00182399
0
0
0
0
0
0
0.000911993
0
0
0
0
0
0
0
0
0
0
0
0
0
0
0.000911993
0
0
0
0
0
0
0
0
0
0
0
0
0
0
0
0
0
0
0
0
0
0
0
0
0
0
0
0
0
0
0
0
0
0
0
0
0
0
0
0
0
0.000455996
0
0
0
0
0
0
0
0
0
0
0
0
0
0
0
0
0
0
0
0
0
0
0
0
0
0
0
0
0
0
0
0
0
0
0
0
0
0
0
0
0
0
0.000455996
0
0
0
0
0
0
0
0
0
0
0
0
0
0
0.000455996
0
0.000911993
0.00273598
0.00273598
0
0.00410397
0.00136799
0.00410397
0.00957592
0.0237118
0.0378477
0.0446876
0.0442316
0.0227998
0.0269038
0.0255358
0.00638395
0.0132239
0.0310078
0.0214318
0.0191518
0.0168719
0.00592795
0.000455996
0.000911993
0
0.288646
0
0
0.00136799
0.000455996
0.00410397
0.00683995
0.0104879
0
0.0177839
0
0.0401277
0.00455996
0
0.0373917
0.000455996
0.000455996
0.00455996
0.00273598
0
0
0.0164159
0
0
0.00136799
0
0.00547196
0
0.0132239
0
0
0
0.00547196
0
0.00319197
0.000455996
0
0.000455996
0
0
0
0
0
0.0141359
0
0
0
0
0.000455996
0
0
0.00410397
0
0.00501596
0
0.000455996
0
0.00592795
0
0
0.00364797
0.00136799
0
0
0.0100319
0
0
0.00319197
0.00729594
0.000455996
0
0.0113999
0
0.00319197
0.0123119
0
0.000455996
0.00683995
0.00592795
0.00729594
0.00866393
0
0
0
0
0.0392157