0
0
0
0
0.00047619
0.00047619
0.00047619
0.00047619
0
0.000952381
0
0.00047619
0.000238095
0.000238095
0.00119048
0
0
0.000238095
0.00047619
0.000714286
0
0.000952381
0
0
0.000238095
0
0
0
0.00047619
0
0
0
0
0
0
0
0
0
0
0
0
0
0
0.000238095
0
0
0
0
0
0
0
0
0
0
0
0
0
0.000238095
0
0
0
0
0
0
0
0
0
0
0
0
0
0
0
0
0.000238095
0
0
0
0
0
0
0
0
0
0
0.00047619
0
0
0
0
0
0
0
0
0
0
0
0
0
0.000238095
0
0
0
0
0
0
0
0
0
0
0
0
0
0
0
0
0
0
0
0
0
0
0
0
0
0
0
0
0.00357143
0
0
0
0
0.00047619
0.00047619
0.00142857
0.000952381
0.00047619
0.00214286
0
0.000714286
0
0.00285714
0.00119048
0.000714286
0.00285714
0.00428571
0.00238095
0.00047619
0.0114286
0.00928571
0.0147619
0.0219048
0.0357143
0.0438095
0.0495238
0.0666667
0.0604762
0.052381
0.0416667
0.0130952
0.017619
0.0330952
0.025
0.0166667
0.0192857
0.0119048
0.00452381
0.00119048
0
0.0935714
0
0.000714286
0.00238095
0.00333333
0.00428571
0.0047619
0.00904762
0.00142857
0.0109524
0.000238095
0.0121429
0.00285714
0.00047619
0.0111905
0.000714286
0.00166667
0.00571429
0.0052381
0.00166667
0.000238095
0.0128571
0
0.000714286
0.00261905
0.00047619
0.00285714
0.00190476
0.00595238
0
0.00190476
0
0.00666667
0.000952381
0.00357143
0.00261905
0.00190476
0.00166667
0.000714286
0
0
0
0
0.0159524
0
0
0
0.00119048
0.000952381
0.00285714
0.00261905
0.00190476
0.00119048
0.00380952
0
0.00357143
0
0.0052381
0.00452381
0
0.00142857
0.0052381
0.00119048
0
0.0119048
0
0.0104762
0.00642857
0.00952381
0.00357143
0.0142857
0.0147619
0.00952381
0.0154762
0.0114286
0.00190476
0.00285714
0.00666667
0.0047619
0.000952381
0.00380952
0.00404762
0.000952381
0
0
0.0104762