0.000393082
0.00550314
0.0188679
0.0412736
0.0283019
0.0157233
0.0121855
0.0165094
0.00904088
0.00746855
0.00550314
0.00982704
0.00471698
0.00589623
0.0110063
0.00353774
0.00393082
0.00471698
0.00275157
0.00157233
0.00196541
0.00825472
0.000786163
0.00235849
0.00314465
0.000393082
0.00353774
0.000786163
0.00157233
0
0.000786163
0.000393082
0.00196541
0.000393082
0.000393082
0
0.000393082
0.000393082
0.000393082
0.000786163
0
0
0
0.00471698
0
0
0
0
0
0
0.000393082
0
0
0
0
0
0.000393082
0.000786163
0
0
0.000393082
0
0.000393082
0
0.00117925
0
0
0.000393082
0
0.000393082
0
0.000393082
0
0
0
0
0.000393082
0
0
0
0.000393082
0
0
0
0
0.00157233
0
0
0
0.000393082
0.000393082
0
0
0
0.000393082
0
0
0.000786163
0.000393082
0.000786163
0
0
0
0
0.000786163
0
0.000393082
0
0
0
0
0.000393082
0
0.000786163
0
0
0
0
0
0
0
0
0
0
0
0
0
0
0.0141509
0
0.000393082
0.00117925
0.000393082
0.00196541
0.00235849
0.00117925
0.00157233
0.00117925
0.00353774
0.00275157
0.00196541
0.00471698
0.00511006
0.00275157
0.00471698
0.00668239
0.00825472
0.0102201
0.0113994
0.0227987
0.0212264
0.0283019
0.0267296
0.0267296
0.0125786
0.00707547
0.0106132
0.00904088
0.0086478
0.00982704
0.00550314
0.00471698
0.00982704
0.0102201
0.00589623
0.00353774
0.00589623
0.00235849
0.00314465
0.000786163
0.0397013
0.00117925
0.00196541
0.000786163
0.00275157
0.00471698
0.00511006
0.00511006
0.00353774
0.00511006
0.00157233
0.00825472
0.00314465
0.0043239
0.0137579
0.00157233
0.00157233
0.00707547
0.00117925
0.00157233
0.00117925
0.0137579
0.00117925
0.000786163
0.00235849
0
0.00707547
0.00157233
0.00943396
0.000393082
0.00157233
0.000786163
0.00668239
0.00157233
0.00353774
0.00117925
0
0.000393082
0.00157233
0.000393082
0.00117925
0.000393082
0
0.0263365
0.000786163
0.000393082
0.000786163
0.000786163
0.000786163
0.000786163
0.00157233
0.00117925
0.00117925
0.00550314
0.00117925
0.000393082
0.00196541
0.00943396
0.00235849
0.000393082
0.00746855
0.00353774
0.00157233
0.00157233
0.0117925
0.00157233
0.00275157
0.00275157
0.00825472
0.00353774
0.00235849
0.0129717
0.00314465
0.00511006
0.00786164
0.0043239
0.00275157
0.0086478
0.0110063
0.0086478
0.00628931
0.00825472
0.00904088
0.00746855
0.00471698
0.0491352