0
0.000396747
0.00198373
0.00163658
0.00104146
0.000991867
0.00114065
0.00104146
0.00104146
0.00292601
0.00282682
0.00252926
0.00272763
0.00208292
0.00163658
0.000396747
4.95933e-005
0
0
9.91867e-005
0
4.95933e-005
0
9.91867e-005
0
0
0
0
4.95933e-005
0
0
0
0
4.95933e-005
0
0
0
0
0
0
0
0
0
0.000247967
0
0
4.95933e-005
0
0
0
4.95933e-005
0
0
0
0
0
4.95933e-005
0
0
0
0
0
0
0
0
0
0
0
0
0
0
0
0
0
0
0
0
0
0
0
0
0
0
0
0
0
0
0
0
0
0
0
0
0
0
0
0
0
0
0
0
0
0
0
0
0
0
0
0
0
0
4.95933e-005
0
4.95933e-005
0
0
0
0
0
0
0
4.95933e-005
0
0
0
0
0
0
0.00550486
0.0014878
0.00203333
0.00198373
0.00218211
0.00233089
0.00386828
0.00357072
0.00322357
0.00510811
0.0052073
0.00486015
0.00481055
0.00411625
0.00322357
0.00312438
0.00262845
0.00352113
0.00287641
0.00267804
0.0022317
0.0044634
0.00575283
0.0107618
0.0141341
0.0202341
0.0312438
0.0681412
0.0792997
0.0896647
0.0697778
0.0484031
0.0238544
0.0164154
0.0170601
0.0117536
0.0100179
0.0107122
0.00798453
0.00451299
0.00535608
0.000198373
0.0439397
0.000198373
0.00277723
0.00416584
0.00515771
0.00495933
0.00699266
0.00833168
0.00198373
0.0116544
0.00173577
0.00679429
0.00456259
0.00233089
0.00530649
0.00203333
0.00272763
0.00580242
0.00352113
0.00173577
0.00213251
0.00644713
0.000396747
0.00213251
0.00327316
0.00178536
0.00431462
0.00143821
0.00307479
0.00123983
0.00243007
0.00158699
0.00193414
0.00123983
0.00267804
0.00262845
0.0014878
0.00123983
0.0014878
0.00198373
0.00114065
0
0
0.00783575
0
0.00158699
0.00163658
0.00128943
0.00104146
0.00173577
0.00277723
0.00238048
0.00128943
0.0029756
0.00233089
0.00218211
0.00128943
0.00307479
0.0029756
0.00109105
0.00406665
0.00307479
0.00213251
0.00267804
0.00436421
0.00247967
0.00391787
0.00282682
0.00490974
0.00381869
0.00530649
0.00560405
0.00525689
0.00679429
0.0102658
0.00719103
0.0118032
0.0165642
0.0169609
0.0100179
0.00490974
0.00262845
0.00114065
0.000694307
4.95933e-005
0.00461218