0.00240867
0.00923324
0.0128462
0.0393416
0.0268968
0.0164593
0.0188679
0.0120434
0.00883179
0.0148535
0.00682457
0.010839
0.00562023
0.0044159
0.0104376
0.00562023
0.00682457
0.00281012
0.0044159
0.00240867
0.00120434
0.00883179
0.00240867
0.00281012
0.00321156
0.00080289
0.00120434
0.00120434
0.00160578
0.000401445
0.00120434
0.000401445
0.00120434
0.000401445
0.000401445
0.000401445
0.00120434
0.000401445
0
0.000401445
0
0.000401445
0
0.00843035
0
0
0
0
0
0
0
0
0
0
0
0
0
0.00080289
0
0
0
0
0
0
0
0
0
0
0
0
0
0.00080289
0
0
0.000401445
0.00080289
0.000401445
0.000401445
0
0
0
0
0
0
0
0.00240867
0
0
0
0
0.00080289
0
0.00080289
0
0.00080289
0
0
0.000401445
0
0
0
0
0
0
0
0
0.00160578
0
0.000401445
0
0
0.00080289
0
0.000401445
0
0
0
0.000401445
0
0
0.000401445
0
0
0
0.000401445
0
0.000401445
0
0.010839
0.00080289
0.000401445
0.00120434
0.00080289
0.00080289
0.00200723
0.00321156
0.00281012
0.00281012
0.00200723
0.00120434
0.00321156
0.00200723
0.0044159
0.00481734
0.00361301
0.00602168
0.00963468
0.00722601
0.0136491
0.0244882
0.0248896
0.0212766
0.0260939
0.0248896
0.0204737
0.0100361
0.0152549
0.00361301
0.010839
0.00883179
0.00361301
0.00281012
0.00722601
0.00682457
0.00361301
0.00602168
0.00321156
0.00361301
0.00321156
0.00200723
0.0349257
0.00160578
0.00160578
0.00321156
0.00401445
0.00281012
0.00401445
0.00481734
0.00160578
0.00762746
0.00120434
0.00843035
0.00481734
0.00120434
0.010839
0.00080289
0.00120434
0.00401445
0.00120434
0.00200723
0.00120434
0.0176636
0
0.00120434
0.00281012
0.000401445
0.0044159
0.00200723
0.00642312
0
0.00240867
0.00080289
0.00682457
0.00160578
0.00281012
0.00120434
0.00080289
0.00080289
0.00080289
0
0.00080289
0.00080289
0.000401445
0.021678
0.000401445
0.00080289
0.00120434
0
0.00080289
0.00160578
0.00200723
0.0044159
0.00080289
0.00722601
0.00080289
0.00120434
0.00120434
0.00642312
0.000401445
0.00200723
0.00642312
0.00240867
0.00080289
0.00080289
0.0148535
0.00200723
0.00361301
0.00321156
0.00963468
0.00481734
0.0044159
0.0080289
0.00481734
0.00562023
0.0080289
0.00240867
0.00281012
0.0120434
0.00843035
0.00682457
0.00642312
0.00642312
0.00602168
0.0044159
0.00682457
0.0562023