0
0
0
0
0
0
0
0
0
0.00094697
0
0.00094697
0
0
0
0
0
0.00094697
0
0
0
0
0
0
0
0
0
0
0.00094697
0
0
0
0
0
0
0
0
0
0
0
0
0
0
0
0
0
0
0
0
0
0
0
0
0
0
0
0
0
0
0
0
0
0
0
0
0
0
0
0
0
0
0
0
0
0
0
0
0
0
0
0
0
0
0
0
0
0
0
0
0
0
0
0
0
0
0
0
0
0
0
0
0
0
0
0
0
0
0
0
0
0
0
0
0
0
0
0
0
0
0
0
0
0
0
0
0
0
0
0
0
0
0
0
0
0
0
0
0.00094697
0
0
0
0
0
0
0.00094697
0
0
0.00189394
0.00094697
0.00284091
0.00757576
0.00189394
0.00473485
0.0160985
0.0208333
0.032197
0.0653409
0.063447
0.0842803
0.0795455
0.0388258
0.0388258
0.0426136
0.0492424
0.0189394
0.0255682
0.0255682
0.0179924
0.00189394
0
0.063447
0
0.00094697
0.00378788
0.0104167
0.0104167
0.00473485
0.00852273
0.00378788
0.00662879
0.00189394
0.00757576
0.00378788
0.00378788
0.00852273
0.00094697
0.00284091
0.00378788
0.00662879
0.00473485
0.00094697
0.0123106
0
0.00284091
0.00568182
0
0.00378788
0.00473485
0.00757576
0
0.00757576
0.00189394
0.00568182
0.00094697
0.00852273
0.00284091
0.00473485
0.00189394
0
0
0
0
0
0.0179924
0
0
0
0.00284091
0.00378788
0.00284091
0.00189394
0.00473485
0.00189394
0.0104167
0
0.00473485
0
0.00852273
0.00852273
0
0.00568182
0.00662879
0.00378788
0
0.0113636
0.00094697
0.00189394
0.00378788
0.00094697
0.00378788
0.00094697
0.00378788
0
0.00284091
0.00189394
0
0.00094697
0.00189394
0.00189394
0
0
0
0
0
0
0.00284091