0.00123724
0.00742345
0.0102072
0.0482524
0.0312403
0.0210331
0.0163934
0.0145376
0.00804207
0.0120631
0.00649551
0.0108259
0.00463965
0.00494896
0.00773276
0.00247448
0.00494896
0.00371172
0.00494896
0.0030931
0.00247448
0.0105165
0.000927931
0.00185586
0.00371172
0.00154655
0.00371172
0.00061862
0.00402103
0.00030931
0
0.00061862
0.00247448
0.00123724
0.00123724
0.00123724
0.000927931
0.00061862
0.00154655
0.00030931
0
0
0
0.0170121
0
0
0
0.00154655
0
0.00030931
0.00123724
0
0.00061862
0.00030931
0
0.00030931
0
0.00247448
0
0
0
0
0
0
0.00340241
0
0
0.000927931
0
0
0.00061862
0.00123724
0.00030931
0
0.00061862
0.00061862
0
0.00030931
0.00030931
0
0
0
0
0
0
0.00649551
0
0
0.00030931
0
0
0
0.00030931
0
0
0
0.00030931
0
0
0.00185586
0
0
0.000927931
0.00030931
0.00030931
0.00030931
0.00216517
0
0
0
0
0.00061862
0.00030931
0.00123724
0
0.00030931
0.00030931
0.00247448
0.00030931
0.00061862
0
0.00030931
0.00030931
0.00061862
0.000927931
0
0.00030931
0
0.0123724
0.00030931
0.00030931
0.00154655
0.00216517
0.000927931
0.00154655
0.00371172
0.00216517
0.00185586
0.00278379
0.00402103
0.00247448
0.00216517
0.0102072
0.00371172
0.00371172
0.00804207
0.0114445
0.0133003
0.0157748
0.0287659
0.0241262
0.0284565
0.0272193
0.0216517
0.0108259
0.00835138
0.0136097
0.00587689
0.0111352
0.00897
0.0061862
0.00494896
0.00866069
0.00773276
0.00649551
0.00649551
0.00649551
0.00216517
0.0030931
0.00154655
0.0420662
0.00123724
0.00247448
0.0030931
0.00216517
0.0030931
0.0030931
0.00494896
0.00061862
0.00649551
0.00154655
0.00680483
0.00463965
0.00185586
0.00742345
0.00247448
0.00216517
0.00371172
0.00216517
0.00216517
0.000927931
0.0111352
0
0.00030931
0.00216517
0.00123724
0.00278379
0.00123724
0.00433034
0.00061862
0.00123724
0.00154655
0.00278379
0.00123724
0.00216517
0.00216517
0.00061862
0.00061862
0.000927931
0.000927931
0.00030931
0.00030931
0.00030931
0.0154655
0.00154655
0.000927931
0.000927931
0.00154655
0.000927931
0.000927931
0.00278379
0.00216517
0.000927931
0.00278379
0.00061862
0.00154655
0.00030931
0.00587689
0.00123724
0.00123724
0.00185586
0.00123724
0.00123724
0.00061862
0.00866069
0.00247448
0.00278379
0.00185586
0.00278379
0.00402103
0.00402103
0.00742345
0.00433034
0.00649551
0.0061862
0.00340241
0.00371172
0.00556758
0.00463965
0.00463965
0.00433034
0.00525827
0.00649551
0.00773276
0.00711414
0.0395917