0
0
0
0
0
0
0
0.000735294
0
0.000735294
0
0
0
0
0.000735294
0
0
0.000735294
0.000735294
0
0
0.000735294
0
0
0
0
0
0
0
0
0.000735294
0
0.00147059
0
0.000735294
0
0
0
0
0
0
0
0
0.00220588
0
0
0
0
0
0
0.000735294
0
0
0.00147059
0
0.000735294
0
0.000735294
0.00147059
0
0.000735294
0
0
0
0
0
0
0
0
0
0
0.000735294
0
0
0.000735294
0
0
0
0
0
0
0
0
0
0
0.000735294
0
0
0
0
0
0
0
0
0
0
0
0
0
0
0
0
0
0
0
0
0.00147059
0
0
0
0
0
0
0.000735294
0
0
0
0.000735294
0
0.000735294
0
0
0
0
0
0
0
0
0.00294118
0.00367647
0.000735294
0.00367647
0
0.00147059
0.000735294
0.00147059
0.000735294
0.00220588
0.00514706
0
0.000735294
0.000735294
0.00367647
0.000735294
0.000735294
0.00367647
0.00588235
0.00367647
0.00882353
0.0161765
0.0110294
0.0139706
0.0110294
0.0301471
0.0213235
0.0492647
0.0588235
0.0514706
0.0411765
0.0316176
0.0198529
0.0154412
0.0294118
0.0242647
0.0169118
0.0198529
0.0154412
0.0125
0.00588235
0.00367647
0.0639706
0
0.00294118
0.00514706
0.0125
0.00882353
0.00514706
0.00441176
0.00441176
0.0117647
0.00367647
0.0117647
0.00661765
0.00220588
0.00882353
0.00147059
0.00367647
0.00661765
0.00514706
0.00147059
0.000735294
0.0125
0
0.00294118
0.00661765
0
0.00294118
0.00294118
0.0125
0
0.00588235
0.000735294
0.00441176
0.00294118
0.00735294
0.00588235
0.00220588
0.00294118
0.00147059
0
0
0
0
0.0235294
0
0
0.00220588
0.00147059
0.00661765
0.00735294
0.00294118
0.00294118
0.00294118
0.00441176
0
0.00882353
0
0.00588235
0.0110294
0
0.00441176
0.0125
0.00808824
0
0.0213235
0.000735294
0.0139706
0.00294118
0.00735294
0.00294118
0.000735294
0.00294118
0.000735294
0.00294118
0.00588235
0
0.000735294
0.00147059
0.000735294
0.00147059
0.00220588
0
0
0
0
0.00808824