0.00162655
0.0172414
0.0247235
0.0227716
0.0130124
0.0130124
0.00748211
0.013663
0.00650618
0.00845804
0.00845804
0.00618087
0.00618087
0.00878334
0.0110605
0.00455433
0.00553025
0.00553025
0.00618087
0.00422902
0.0035784
0.00390371
0.00553025
0.00943396
0.0071568
0.00227716
0.00618087
0.0035784
0.00325309
0.00162655
0.00325309
0.00162655
0.00227716
0.000975927
0.00162655
0.00260247
0.00195185
0.00227716
0.00227716
0.000975927
0.000975927
0.000975927
0
0.0312297
0
0
0.000325309
0
0.000325309
0.000650618
0
0
0
0.000650618
0
0
0
0.000325309
0
0
0
0.000325309
0
0
0.000650618
0
0.000325309
0
0.000325309
0
0
0
0
0
0
0
0
0.000650618
0
0
0
0
0
0
0
0.00195185
0
0
0
0.000650618
0
0.000325309
0
0
0
0
0.000650618
0
0
0.000325309
0
0.000650618
0
0
0
0
0
0
0.000325309
0
0
0
0
0
0.000650618
0.000325309
0.000325309
0
0.000650618
0
0.000325309
0
0.000650618
0.000650618
0
0.000325309
0
0
0.00878334
0.000650618
0.000650618
0
0.000650618
0
0.000325309
0
0.00130124
0.000975927
0.00162655
0.000650618
0.000325309
0.00130124
0.00227716
0.00130124
0.00162655
0.00195185
0.00227716
0.00162655
0.00195185
0.00487964
0.0035784
0.00813273
0.00650618
0.00943396
0.0071568
0.0113858
0.0123617
0.00845804
0.0146389
0.0211451
0.00845804
0.00813273
0.0130124
0.0110605
0.00845804
0.00845804
0.00520494
0.00487964
0.00130124
0
0.0335068
0.000325309
0.000325309
0.00130124
0.000975927
0.00390371
0.00195185
0.00325309
0.000325309
0.00520494
0.000650618
0.00325309
0.00195185
0.000650618
0.00325309
0.000650618
0.000650618
0.00260247
0.000650618
0.000325309
0.000650618
0.00650618
0
0.000650618
0.00195185
0.000325309
0.00130124
0.000975927
0.00292778
0
0.000325309
0.000325309
0.00260247
0.000325309
0.00162655
0.00195185
0
0.000975927
0.000650618
0.000650618
0.000650618
0
0.000325309
0.0165908
0
0.000650618
0.000975927
0.00130124
0.000975927
0.000650618
0.00130124
0.00292778
0.000650618
0.00195185
0.000975927
0.00130124
0.000975927
0.00325309
0.00195185
0.000325309
0.000975927
0.00195185
0.00195185
0
0.00618087
0.000975927
0.00162655
0.00162655
0.00260247
0.000650618
0.00260247
0.00325309
0.000975927
0.00195185
0.00455433
0.00325309
0.00325309
0.00748211
0.00390371
0.00422902
0.00585556
0.00520494
0.00455433
0.00683149
0.0169161
0.2635