0
0.000197006
0.000295508
0.000886525
0.00226556
0.00679669
0.0036446
0.00275808
0.000295508
0.00246257
9.85028e-005
0.00236407
0.000788022
0.000295508
0.000788022
0.000295508
0.000295508
0.000886525
0.000394011
9.85028e-005
9.85028e-005
0.000591017
9.85028e-005
0
0
0
9.85028e-005
9.85028e-005
9.85028e-005
0
0
0
0
0
0
0
0
0
0
0
0
0
0
0.00108353
0
0
0
9.85028e-005
0
0
0
0
0
0
0
0
0
0
0
0
0
0
0
0
0
0
0
9.85028e-005
0
0
0
0
0
0
0
0
0
0
0
0
0
9.85028e-005
0
0
0
0
0
0
0
0
0
0
0
0
0
0
0
0
0
9.85028e-005
0
0
0
0
0
0
9.85028e-005
0
0
0
0
0
0
9.85028e-005
0
0
0
0
0
0
0
0
0
0
9.85028e-005
0
0
0
0.016647
0
0.000295508
0.00118203
0.00206856
0.00216706
0.00157604
0.00157604
0.000788022
0.000985028
0.000985028
0.000985028
0.00147754
0.00108353
0.00147754
0.00236407
0.00246257
0.00462963
0.00305359
0.00413712
0.00443262
0.00758471
0.00797872
0.0114263
0.0158589
0.035855
0.0603822
0.0594957
0.0373325
0.0208826
0.0171395
0.0197991
0.00522065
0.0136919
0.0155634
0.0125098
0.0114263
0.00906225
0.00423562
0.00187155
0.000492514
0
0.231087
9.85028e-005
0
0.000492514
0.00147754
0.00285658
0.00167455
0.00226556
0.000197006
0.00817573
0
0.0410757
0.00177305
9.85028e-005
0.0252167
0
0.000788022
0.00137904
0.000689519
0.000492514
0
0.00561466
0
0
0.00118203
0
0.000886525
0.000197006
0.00433412
9.85028e-005
0.000689519
0
0.00206856
9.85028e-005
0.000492514
0.000492514
9.85028e-005
0
0
0
0
0
0
0.0069937
0
0
0
9.85028e-005
0
0
0.000394011
0.000788022
9.85028e-005
0.00118203
0
0.000197006
0
0.00275808
0
9.85028e-005
0.00177305
0.00108353
9.85028e-005
0
0.00640268
0
9.85028e-005
0.00157604
0.00315209
0.000886525
0.000197006
0.00827423
0.000295508
0.0036446
0.00640268
9.85028e-005
0.00265957
0.00778172
0.00748621
0.00886525
0.0145784
0.00748621
0.000197006
0.000197006
0
0.11712