0.00283607
0.0188599
0.0170164
0.0140386
0.0150312
0.0124787
0.00964266
0.00992626
0.0113443
0.0104935
0.00921724
0.0131877
0.0147476
0.0212706
0.0222632
0.0226886
0.0236812
0.0205615
0.0212706
0.0150312
0.0143222
0.0150312
0.00567215
0.00496313
0.00453772
0.00311968
0.00538854
0.00354509
0.00524674
0.00297788
0.00269427
0.00127623
0.00269427
0.00198525
0.00226886
0.00198525
0.00155984
0.00113443
0.00155984
0.00141804
0.000567215
0.000283607
0
0.0408395
0
0
0
0.000141804
0
0
0.000141804
0.000709019
0
0.000425411
0
0.000141804
0.000141804
0.000425411
0.000283607
0
0
0
0
0
0.000709019
0.000141804
0
0
0.000141804
0
0.000283607
0.000425411
0
0
0.000141804
0
0
0
0
0
0
0
0
0
0
0.000992626
0
0
0
0
0
0
0
0
0.000425411
0
0.000283607
0
0
0.000425411
0
0.000141804
0.000141804
0.000141804
0.000141804
0.000141804
0.000992626
0
0
0.000141804
0
0.000141804
0
0.000425411
0
0
0
0.000425411
0
0.000283607
0
0.000141804
0.000283607
0
0.000283607
0.000141804
0
0.000141804
0.0109189
0.000425411
0.000709019
0.000425411
0.000283607
0.00113443
0.00155984
0.00127623
0.000709019
0.000850822
0.000850822
0.000992626
0.000992626
0.000992626
0.00297788
0.00269427
0.000850822
0.00269427
0.00226886
0.000425411
0.00141804
0.00411231
0.00198525
0.00482133
0.00482133
0.00425411
0.00411231
0.0036869
0.00666478
0.00411231
0.00822462
0.00680658
0.00198525
0.00425411
0.00850822
0.00496313
0.00340329
0.00439592
0.00453772
0.00198525
0
0
0.0197107
0.000283607
0.000283607
0.000709019
0.000709019
0.00113443
0.000992626
0.00155984
0
0.00170164
0.000283607
0.00127623
0.000425411
0.000283607
0.00326149
0.000141804
0.000425411
0.00212706
0.00127623
0.000567215
0.000141804
0.00297788
0.000141804
0.000283607
0.000709019
0.000567215
0.00113443
0.000283607
0.00198525
0.000141804
0.000425411
0.000425411
0.000283607
0.000567215
0.000709019
0.000992626
0.000283607
0.000425411
0.000141804
0.000283607
0.000283607
0
0
0.0106353
0
0.000425411
0.000141804
0.000567215
0.000425411
0.000850822
0.000992626
0.000709019
0.000425411
0.00127623
0.000141804
0.000709019
0.000141804
0.00212706
0.000709019
0.000141804
0.00127623
0.00127623
0.000992626
0.000709019
0.00283607
0.000850822
0.00127623
0.00113443
0.00212706
0.00269427
0.00226886
0.00467952
0.00241066
0.00354509
0.00453772
0.00326149
0.00453772
0.00652297
0.0038287
0.00439592
0.00623936
0.00538854
0.0100681
0.0102099
0.00992626
0.268009