0.00197006
0.00945626
0.0153664
0.037037
0.0287628
0.0189125
0.0165485
0.0133964
0.00866824
0.0114263
0.00748621
0.0110323
0.00591017
0.00551615
0.0102443
0.0035461
0.00551615
0.00472813
0.00275808
0.00236407
0.00197006
0.00788022
0.00197006
0.00512214
0.00157604
0.000788022
0.00433412
0.000788022
0.00433412
0.000394011
0.000788022
0.000394011
0.00197006
0
0.000788022
0.00197006
0.00118203
0.000394011
0
0.000788022
0
0
0
0.0102443
0
0.000394011
0
0
0.000788022
0.000394011
0.000788022
0
0
0.000394011
0
0.000394011
0.000788022
0.00197006
0
0.000394011
0.000394011
0.00157604
0.000394011
0.000394011
0.00315209
0
0
0
0.000394011
0
0
0.000788022
0
0
0
0
0.000394011
0.000394011
0
0
0.000394011
0
0
0
0
0.00236407
0
0
0
0
0
0
0
0
0
0.000394011
0
0
0.000394011
0.00118203
0.00118203
0.000394011
0
0
0.000788022
0
0.00118203
0
0
0
0.000394011
0.000394011
0
0.000394011
0.000394011
0.000394011
0
0.000788022
0.000394011
0.000394011
0.000394011
0
0
0
0.000394011
0
0.000394011
0
0.0114263
0.000394011
0
0.00157604
0.000394011
0.000788022
0.000788022
0.00118203
0.00118203
0.000394011
0.00236407
0
0.00472813
0.00157604
0.00394011
0.00197006
0.00236407
0.00472813
0.00788022
0.00748621
0.0122143
0.0224586
0.0263987
0.0327029
0.0200946
0.0204886
0.0145784
0.0102443
0.00788022
0.00748621
0.00551615
0.00945626
0.00591017
0.00394011
0.00591017
0.00669819
0.00512214
0.00630418
0.00551615
0.00315209
0.00315209
0.00157604
0.034673
0.000394011
0.00118203
0.00236407
0.00275808
0.00394011
0.000394011
0.00275808
0.000394011
0.00591017
0.000788022
0.00591017
0.00197006
0.00315209
0.00945626
0.00157604
0.00118203
0.00591017
0.00472813
0.000788022
0.000788022
0.0126084
0.000788022
0.00197006
0.00118203
0.000394011
0.00433412
0.00197006
0.00945626
0.00118203
0.000394011
0.000394011
0.00630418
0.00118203
0.00275808
0.00157604
0
0.000394011
0.00118203
0.000394011
0.000394011
0.000788022
0.000394011
0.0236407
0
0.000788022
0.000394011
0
0
0.00118203
0.00118203
0.00315209
0.000788022
0.00591017
0.00275808
0.00433412
0.00118203
0.0137904
0.000788022
0.000788022
0.00551615
0.00197006
0.000394011
0.00157604
0.0149724
0.000394011
0.00236407
0.00315209
0.00945626
0.00315209
0.00472813
0.0133964
0.00394011
0.00394011
0.0133964
0.00433412
0.00394011
0.00906225
0.00866824
0.00433412
0.0035461
0.00669819
0.00748621
0.00906225
0.00945626
0.0618597