0
0
0
0
0.000300481
0.00360577
0.00270433
0.00120192
0
0.00240385
0
0.00240385
0.000600962
0
0.0015024
0
0
0.000300481
0.000600962
0.000300481
0
0.0015024
0
0
0
0
0.000600962
0
0.000600962
0
0
0
0
0
0
0
0
0
0
0
0
0
0
0.00120192
0
0
0
0
0
0
0
0
0
0
0
0
0
0
0
0
0
0
0
0
0
0
0
0
0
0
0
0
0
0
0
0
0
0
0
0
0
0
0
0
0
0
0
0
0
0
0
0
0
0
0
0
0
0
0
0
0
0
0
0
0
0
0.000300481
0
0
0
0
0
0
0
0
0
0
0
0
0
0
0
0
0
0
0
0
0
0.000300481
0
0
0
0
0
0
0
0
0
0.000600962
0
0
0
0.000600962
0.000300481
0
0.00210337
0.00180288
0.0015024
0.00120192
0.00721154
0.00240385
0.00600962
0.00901442
0.0207332
0.0426683
0.0417668
0.047476
0.0219351
0.0198317
0.0216346
0.00721154
0.00721154
0.0189303
0.0144231
0.00841346
0.00691106
0.00420673
0.000600962
0
0
0.290865
0
0.000300481
0.000600962
0.00180288
0.000600962
0.00180288
0.00510817
0.000600962
0.0183293
0.000600962
0.0513822
0.0015024
0.000600962
0.0363582
0.000300481
0.0015024
0.00450721
0.0015024
0.000300481
0
0.023137
0
0
0.00210337
0
0.00300481
0.000901442
0.0225361
0
0.000300481
0
0.00600962
0
0.0015024
0.00180288
0.000300481
0
0
0
0
0
0
0.0279447
0
0
0
0
0
0.000300481
0.000300481
0.00120192
0
0.00300481
0
0.000600962
0
0.0105168
0.000300481
0
0.00180288
0.00120192
0
0
0.0138221
0
0.000300481
0.00420673
0.00330529
0.000901442
0
0.00901442
0.000300481
0.00390625
0.00811298
0
0.00240385
0.00751202
0.00991587
0.00721154
0.0105168
0.00210337
0
0
0
0.0519832