0
0
0
0
0
0
0.000732601
0.000732601
0
0.000732601
0
0
0
0
0.000732601
0
0
0
0
0
0
0
0
0
0
0
0
0
0
0
0
0
0
0
0
0
0
0
0
0
0
0
0
0
0
0
0
0
0
0
0
0
0
0
0
0
0
0
0
0
0
0
0
0
0
0
0
0
0
0
0
0
0
0
0
0
0
0
0
0
0
0
0
0
0
0
0
0
0
0
0
0
0
0
0
0
0
0
0
0
0
0
0
0
0
0
0
0
0
0
0
0
0
0
0
0
0
0
0
0.000732601
0
0
0
0
0
0
0
0
0
0
0
0
0
0
0
0
0.000732601
0
0
0
0.000732601
0
0
0
0
0
0.000732601
0
0
0.00732601
0.0029304
0.00805861
0.010989
0.0168498
0.0175824
0.029304
0.0717949
0.0659341
0.0908425
0.10696
0.0358974
0.0505495
0.0432234
0.0344322
0.0205128
0.021978
0.0161172
0.00952381
0.003663
0
0.0461538
0
0.000732601
0.00586081
0.0014652
0.00586081
0.00732601
0.0161172
0.003663
0.0117216
0
0.0014652
0.00952381
0.00659341
0.00586081
0.0021978
0.0014652
0.00586081
0.003663
0.00512821
0
0.0043956
0
0.0014652
0.0043956
0
0.003663
0.0029304
0.0014652
0
0.0043956
0
0.0021978
0.0014652
0.0029304
0.0029304
0.0021978
0.0043956
0.000732601
0
0
0
0
0.014652
0
0
0.0014652
0.0029304
0.0021978
0.0014652
0.010989
0.00586081
0.00586081
0.0029304
0.0029304
0.014652
0
0.00732601
0.00879121
0.000732601
0.00805861
0.00952381
0
0
0.0175824
0
0.00732601
0.000732601
0.003663
0.0014652
0.000732601
0.0029304
0
0.0029304
0.0029304
0
0.0014652
0.0029304
0
0.0014652
0.0021978
0
0
0
0
0.000732601