0
0
0
0
0.000404858
0.000404858
0.000404858
0.000202429
0
0.000607287
0
0.000202429
0.000202429
0.000202429
0.000809717
0
0.000202429
0.000202429
0.000404858
0.000202429
0
0.000202429
0
0
0
0
0
0
0
0
0
0
0
0
0
0
0
0
0
0
0
0
0
0
0
0
0
0
0
0
0
0
0
0
0
0
0
0
0
0
0
0
0
0
0.000202429
0
0
0
0
0
0
0
0
0
0
0
0
0
0
0
0
0
0
0
0
0.000404858
0
0
0
0
0
0
0
0
0
0
0
0
0
0
0
0
0
0
0
0
0.000404858
0
0
0
0
0
0
0
0
0
0
0.000202429
0
0
0
0
0
0
0
0
0
0
0.00161943
0
0
0
0
0.000202429
0.000404858
0.000607287
0.000607287
0
0.000202429
0
0.001417
0
0.00526316
0.00202429
0
0.00121457
0.00222672
0.001417
0.00101215
0.00951417
0.00202429
0.00850202
0.0143725
0.0285425
0.0350202
0.0603239
0.0702429
0.0540486
0.0572875
0.059919
0.0101215
0.0275304
0.0378543
0.0283401
0.0232794
0.0257085
0.00850202
0.00425101
0.00101215
0
0.0981781
0
0
0.000809717
0.00323887
0.00445344
0.00526316
0.00647773
0.00161943
0.011336
0.000404858
0.00850202
0.00425101
0.00202429
0.00809717
0.000607287
0.00242915
0.00465587
0.00263158
0.00202429
0
0.00931174
0
0.000607287
0.0034413
0
0.0048583
0.00202429
0.00526316
0
0.00263158
0
0.00384615
0.000404858
0.00283401
0.00161943
0.000607287
0.000404858
0.000809717
0
0
0
0
0.0139676
0
0
0
0.000607287
0.00121457
0.00182186
0.00121457
0.00242915
0.00242915
0.00445344
0
0.00303644
0
0.00647773
0.00323887
0
0.00303644
0.00506073
0.00121457
0
0.00991903
0
0.00404858
0.00404858
0.00647773
0.00283401
0.00951417
0.0159919
0.011336
0.0190283
0.0224696
0.00789474
0.00242915
0.0103239
0.00890688
0.001417
0.00222672
0.00647773
0
0
0
0.00829959