0
0.0058651
0.00733138
0.0058651
0.00879765
0.00879765
0.00879765
0.00879765
0.0146628
0.00879765
0.0102639
0.0058651
0.00293255
0.00879765
0.00439883
0.00146628
0.00439883
0.0058651
0.00439883
0.00146628
0.00146628
0.00733138
0.00293255
0.00293255
0.00146628
0.00293255
0.00439883
0.00733138
0.00146628
0.00146628
0.0058651
0
0
0
0.00293255
0
0
0.00146628
0.00146628
0.00293255
0
0
0.00146628
0.0117302
0.00293255
0
0.00293255
0
0
0
0
0
0.00146628
0.00146628
0
0
0.00146628
0.00146628
0
0
0.00293255
0
0
0
0.00146628
0
0
0
0
0
0.00146628
0
0
0
0.00146628
0
0
0
0.00146628
0
0
0
0
0
0
0.00146628
0
0
0.00146628
0
0
0
0
0
0.00146628
0
0
0
0
0
0
0.00146628
0
0
0
0
0.00439883
0
0
0.00146628
0
0
0
0
0
0
0
0
0
0
0.00146628
0
0
0.00146628
0.00439883
0.00146628
0
0
0.0058651
0
0
0.00146628
0.00146628
0
0
0
0.00146628
0
0
0.00146628
0.00146628
0
0
0
0.00146628
0.00146628
0
0
0
0.00733138
0
0.00146628
0.00146628
0.00879765
0.0146628
0.0102639
0.0117302
0.0102639
0.0131965
0.0219941
0.0058651
0.0058651
0.0131965
0.016129
0.00293255
0.00733138
0.0102639
0.0058651
0.00146628
0.00146628
0.0645161
0
0
0.00146628
0.00439883
0
0.00293255
0.00293255
0.00146628
0.0102639
0.00146628
0.0190616
0.00146628
0.00439883
0.0278592
0.00146628
0.00439883
0.00733138
0
0
0.00146628
0.0307918
0
0.00293255
0.00146628
0
0
0
0.0278592
0
0.00146628
0.00146628
0.00146628
0
0
0.00439883
0
0
0.00293255
0.00146628
0
0
0
0.0542522
0.00146628
0
0.00146628
0
0
0
0.00293255
0
0.00146628
0.0058651
0.00293255
0.00146628
0
0.0102639
0.00146628
0
0.0102639
0
0
0.00146628
0.0205279
0.00439883
0.00439883
0.00146628
0.00146628
0.00293255
0.00439883
0.0117302
0.00293255
0.0058651
0.00733138
0.00293255
0.00439883
0.0058651
0.00879765
0.0058651
0.0146628
0.00879765
0.00439883
0.00879765
0.00733138
0.11437