0
0
0
0.00118906
0.00118906
0
0.00475624
0.00475624
0.00356718
0.0059453
0.00832342
0.00832342
0.00356718
0.019025
0.0214031
0.0154578
0.0249703
0.00832342
0.0154578
0.00713436
0.00356718
0.00475624
0
0.00237812
0
0.00118906
0.00356718
0.00118906
0.00356718
0
0
0.00118906
0.00237812
0
0
0
0
0
0
0
0
0
0
0.00356718
0
0
0
0.00118906
0
0
0.00118906
0
0
0
0.00118906
0
0
0.0059453
0
0
0
0.00118906
0
0
0.00237812
0
0
0
0
0
0
0.00118906
0
0
0
0
0
0
0
0
0
0
0
0
0
0.00118906
0
0
0
0
0
0
0
0
0.00118906
0
0
0
0
0.00118906
0
0
0
0
0
0
0.00356718
0
0
0
0
0.00237812
0
0
0
0
0
0
0
0
0
0
0
0
0
0
0
0
0.00356718
0
0
0
0
0
0
0.00237812
0.00118906
0.00356718
0.00237812
0.00237812
0
0.00118906
0.0059453
0.00475624
0.0059453
0.00118906
0.00713436
0.00832342
0.00832342
0.0107015
0.00951249
0.0178359
0.0321046
0.0368609
0.0309156
0.058264
0.0903686
0.153389
0.0677765
0.0475624
0.0249703
0.0107015
0.0130797
0.0107015
0.00832342
0.0059453
0.0059453
0.00237812
0.00832342
0
0.0237812
0
0.00237812
0.00118906
0
0.00118906
0
0.00237812
0
0.00237812
0
0.00356718
0.00118906
0
0.00237812
0
0.00118906
0
0
0
0.00118906
0.0059453
0
0
0.00118906
0
0
0
0.00356718
0
0
0
0.00118906
0.00118906
0.00118906
0
0
0
0
0.00118906
0
0
0
0.00475624
0
0
0
0
0
0.00118906
0.00118906
0
0.00118906
0
0
0
0.00118906
0.00356718
0
0
0
0
0
0
0
0.00118906
0
0
0.00118906
0.00118906
0
0.00118906
0
0
0.00237812
0
0
0
0.00118906
0
0
0.00237812
0
0
0
0.00951249