0
0.0040404
0.00555556
0.0146465
0.0141414
0.0131313
0.0272727
0.0217172
0.019697
0.0257576
0.0186869
0.019697
0.0151515
0.0131313
0.00808081
0.0040404
0.00353535
0.00555556
0.00606061
0.0040404
0.00151515
0.00252525
0.0020202
0.0010101
0.0010101
0.00353535
0.0030303
0.000505051
0.00151515
0.00151515
0.000505051
0.0010101
0.00151515
0.000505051
0.00151515
0.0010101
0
0
0
0.000505051
0
0.000505051
0
0.00454545
0
0
0
0.0010101
0
0.000505051
0
0.000505051
0
0.000505051
0
0
0.000505051
0
0.000505051
0
0
0
0
0
0
0
0
0
0
0
0
0
0.000505051
0
0
0
0
0.000505051
0
0
0
0.000505051
0
0
0
0.0010101
0
0
0
0
0.000505051
0
0
0
0
0
0
0
0
0
0
0
0
0
0
0.0010101
0.000505051
0
0.000505051
0.000505051
0
0
0
0
0.000505051
0
0.00151515
0.0010101
0
0
0.000505051
0.000505051
0.000505051
0
0
0.000505051
0.000505051
0
0.00555556
0
0.0010101
0.000505051
0.0010101
0.000505051
0
0.0010101
0
0.0010101
0.0010101
0
0.0010101
0.000505051
0
0.0020202
0.000505051
0.00252525
0.00151515
0.0010101
0
0.00252525
0
0.0020202
0.00252525
0.0010101
0.0020202
0.0020202
0.00555556
0.00606061
0.00656566
0.0116162
0.00555556
0.00757576
0.0429293
0.0186869
0.00454545
0.0484848
0.0863636
0.00353535
0
0
0.143434
0
0
0.000505051
0.00353535
0.0191919
0.00656566
0.0040404
0.0010101
0.00606061
0
0.00505051
0.00151515
0.000505051
0.00555556
0
0.0040404
0.0010101
0.0040404
0.00151515
0
0.00656566
0
0
0.0020202
0.000505051
0.00606061
0
0.00505051
0
0.0010101
0
0.00252525
0
0.00252525
0.0040404
0.00151515
0.00252525
0
0.000505051
0
0
0
0.0131313
0
0
0
0.000505051
0
0.00151515
0.00353535
0.0010101
0
0.0020202
0
0.0020202
0.0010101
0.00555556
0
0
0.0020202
0.00353535
0
0
0.00555556
0
0.00252525
0.00151515
0.00151515
0.0030303
0.0010101
0.00454545
0.0030303
0.00353535
0.00656566
0.000505051
0.0030303
0.00959596
0.00606061
0.00555556
0.00707071
0.0121212
0.00353535
0.00757576
0.00151515
0.0636364