0
0
0.00020202
0.000606061
0.00121212
0.00141414
0.00121212
0.000808081
0.00161616
0.00161616
0.000808081
0.00383838
0.00141414
0.000606061
0.00363636
0.00161616
0.0010101
0.0010101
0.00262626
0.0010101
0.000808081
0.00282828
0.000808081
0.000606061
0.00121212
0.0010101
0.00161616
0.0010101
0.0020202
0.000606061
0.00161616
0.00040404
0.0010101
0.0010101
0
0.00161616
0.00121212
0.000808081
0.00020202
0.0010101
0.000606061
0.00020202
0
0.00808081
0
0.00020202
0.00040404
0.00020202
0.000606061
0.00020202
0.00181818
0.000606061
0.00121212
0.0010101
0
0.00040404
0.00040404
0.000808081
0.000606061
0
0.0010101
0.0010101
0.00020202
0.00020202
0.00222222
0.000606061
0.00020202
0.000606061
0.000606061
0.000808081
0
0.000606061
0.00040404
0.0010101
0.00121212
0
0.000808081
0.0010101
0.00040404
0.00040404
0.000606061
0.000606061
0.00020202
0
0
0.00424242
0
0
0
0.00020202
0.000808081
0.00020202
0.000808081
0.00020202
0.00020202
0
0.00161616
0.00121212
0.00020202
0.000808081
0.00040404
0
0.0010101
0.000606061
0.00040404
0.000606061
0.00181818
0.00020202
0
0.00020202
0.00020202
0.00020202
0.000606061
0.00141414
0
0.00040404
0
0.000808081
0.00020202
0.000606061
0.000606061
0.00020202
0
0
0.00040404
0
0
0
0.020202
0
0
0.00141414
0.000808081
0.0010101
0.000606061
0.00161616
0.00161616
0.00141414
0.00242424
0.00323232
0.00222222
0.0030303
0.00868687
0.00484848
0.00424242
0.00828283
0.00626263
0.00787879
0.010101
0.0262626
0.0193939
0.0230303
0.0323232
0.0371717
0.0414141
0.060202
0.11596
0.146667
0.0620202
0.0355556
0.0143434
0.00949495
0.0193939
0.00969697
0.00787879
0.00626263
0.00363636
0.00464646
0.00525253
0.00181818
0.0424242
0.00121212
0.00343434
0.00363636
0.00242424
0.00222222
0.0020202
0.00161616
0.00121212
0.0020202
0.000606061
0.00262626
0.0010101
0.000606061
0.00262626
0.00121212
0.000808081
0.0010101
0.00020202
0.0010101
0.000606061
0.0030303
0.00040404
0.00020202
0.000808081
0.00020202
0.00141414
0
0.0010101
0
0.00040404
0.000808081
0.000606061
0.00040404
0.00040404
0.00040404
0.00040404
0
0
0
0
0
0
0.00626263
0
0
0
0
0
0.00040404
0.00020202
0.00020202
0
0.00040404
0.000606061
0.00020202
0
0.000808081
0.00020202
0
0.00020202
0
0
0
0.00141414
0
0.00020202
0
0
0
0
0.000606061
0
0
0.00040404
0.00020202
0.00040404
0.000808081
0
0
0.00020202
0
0
0.00020202
0
0.0274747