0
0
0
0
0
0
0
0
0
0.0021645
0
0
0
0
0.00649351
0
0
0
0
0
0
0.0021645
0
0
0
0
0
0
0.0021645
0
0
0
0
0
0
0
0
0
0
0
0
0
0
0.004329
0
0
0
0
0
0
0.0021645
0
0
0
0
0
0
0
0
0
0
0
0
0
0
0
0
0
0
0
0
0.0021645
0
0
0
0
0
0
0
0
0
0
0
0
0
0
0
0
0
0
0
0
0
0
0
0
0
0
0
0
0
0
0
0
0
0
0
0
0
0
0
0
0
0
0
0
0
0.0021645
0
0.0021645
0
0
0
0
0
0
0
0
0.0108225
0
0
0
0
0
0
0
0.0021645
0
0.00865801
0
0
0
0.012987
0.0021645
0
0.0151515
0.00649351
0.004329
0.00649351
0.0238095
0.017316
0.017316
0.0324675
0.030303
0.0324675
0.034632
0.0844156
0.047619
0.0562771
0.0909091
0.038961
0.025974
0.0497836
0.034632
0.0411255
0.017316
0.0194805
0.00865801
0.0151515
0
0.0757576
0
0.004329
0
0
0
0.004329
0
0
0.0021645
0
0.004329
0
0.00865801
0.00865801
0.0021645
0.004329
0
0
0
0
0.0108225
0
0.0021645
0
0
0
0
0
0
0
0
0
0
0
0
0
0
0
0
0
0
0
0.0194805
0
0
0
0
0
0
0
0.0021645
0
0
0
0
0
0
0
0
0
0
0
0
0.0021645
0
0
0
0
0
0
0.00649351
0
0
0
0
0
0
0
0
0
0
0
0
0
0.0281385