0
0
0
0
0
0.0014245
0
0
0.0014245
0
0
0
0.0014245
0
0
0
0.0014245
0
0.0014245
0
0
0
0.002849
0.0014245
0
0
0.002849
0
0.0014245
0
0.002849
0
0.0014245
0
0
0
0
0
0
0
0.0014245
0
0
0.00997151
0
0
0
0
0
0.002849
0
0
0
0.0014245
0
0
0
0.0014245
0
0
0
0.0014245
0.0014245
0
0.0014245
0
0
0
0
0
0.0014245
0
0.0014245
0
0
0
0
0.0014245
0.0014245
0
0
0
0.0014245
0
0
0.002849
0
0
0.0014245
0
0.0014245
0.002849
0
0
0
0
0.0014245
0.0014245
0
0.002849
0
0.0014245
0
0
0.0014245
0
0.002849
0
0.0014245
0
0.0014245
0
0.0014245
0
0.0014245
0
0.0014245
0.00712251
0
0.002849
0
0
0.0014245
0.0014245
0.0042735
0.00569801
0
0
0.011396
0.002849
0
0.00569801
0.0042735
0.002849
0.0042735
0.002849
0.00569801
0.0014245
0.0014245
0.00712251
0.002849
0.002849
0.002849
0.00997151
0.011396
0.011396
0.0128205
0.0128205
0.00997151
0.0213675
0.017094
0.0242165
0.0327635
0.0641026
0.0712251
0.136752
0.0954416
0.0470085
0.0299145
0.0213675
0.025641
0.019943
0.011396
0.011396
0.014245
0.0042735
0.00997151
0.002849
0.0042735
0.00569801
0.0128205
0.0042735
0.00997151
0.0014245
0.002849
0.00712251
0.002849
0.0014245
0.0014245
0.0042735
0.0014245
0.0014245
0.0014245
0.002849
0.002849
0.002849
0.0042735
0
0.002849
0.0014245
0.0014245
0.0014245
0
0
0
0
0
0.0014245
0
0
0.002849
0
0
0.002849
0
0.0014245
0
0
0.0014245
0
0
0
0.0014245
0.002849
0
0
0.0014245
0
0.0014245
0
0
0
0
0
0
0
0
0
0
0
0
0
0
0
0
0
0
0.0014245
0
0.0014245
0
0
0
0
0
0
0
0
0
0
0
0
0.0014245
0
0.0014245
0.00854701