0
0
0
0
0
0
0
0
0
0.000282486
0
0
0
0
0
0.000282486
0
0
0
0
0
0
0
0
0.000282486
0
0
0
0
0
0.000282486
0.000282486
0.000282486
0
0.000282486
0
0.000282486
0
0
0
0
0.000282486
0
0.00536723
0.000282486
0.000282486
0
0.00112994
0.000282486
0.00112994
0.00169492
0.00141243
0.00112994
0.000847458
0.00169492
0.000282486
0.000564972
0.0019774
0.000282486
0.000847458
0.000564972
0.000847458
0
0.000564972
0.00282486
0
0.000282486
0.000847458
0.00112994
0.000564972
0.000282486
0.000847458
0.000847458
0.000564972
0.00141243
0.000282486
0.00112994
0.00112994
0.000564972
0.00112994
0.000282486
0
0
0.000282486
0
0.00480226
0
0
0
0
0
0.000564972
0.00141243
0.000282486
0.0019774
0
0.00112994
0.000564972
0.000282486
0.00282486
0.000282486
0.000847458
0.000847458
0.00112994
0.000282486
0.000564972
0.00508475
0
0.000282486
0.00169492
0.000564972
0.00141243
0.000282486
0.00225989
0
0.00112994
0.00112994
0.00310734
0.0019774
0.00112994
0.000564972
0.000564972
0.000564972
0.00169492
0.0019774
0.000847458
0.000282486
0
0.0115819
0.000564972
0.000847458
0.00282486
0.00112994
0.00169492
0.00225989
0.0039548
0.00338983
0.00423729
0.0059322
0.00536723
0.0079096
0.00480226
0.00903955
0.0127119
0.00847458
0.0194915
0.0172316
0.020339
0.0228814
0.0353107
0.0341808
0.0231638
0.029661
0.039548
0.0387006
0.0576271
0.20791
0.142655
0.0353107
0.030791
0.0144068
0.0135593
0.0079096
0.00677966
0.00536723
0.00338983
0.00112994
0.00112994
0.00112994
0.000282486
0.00734463
0
0
0
0
0.00112994
0.000282486
0.000564972
0
0.000564972
0
0.000282486
0.000564972
0.000564972
0.00112994
0
0
0.000564972
0.000847458
0.000282486
0
0.00112994
0
0
0.000282486
0.000282486
0.000282486
0.000282486
0
0
0
0
0.000564972
0
0
0
0
0
0
0
0
0
0
0.000847458
0
0
0
0
0
0
0
0
0
0
0
0.000282486
0
0.000282486
0
0
0
0
0
0
0.000282486
0
0
0
0
0
0
0
0
0
0
0
0
0.000282486
0
0
0
0
0
0
0
0.0019774