0
0
0
0
0
0
0.00173611
0
0
0
0
0
0
0
0
0
0
0
0
0
0
0
0
0
0
0
0
0
0
0
0
0
0
0
0
0
0
0
0
0
0
0
0
0
0
0
0
0
0
0
0
0
0
0
0
0
0
0
0
0
0
0
0
0
0
0
0
0
0
0
0
0
0
0
0
0
0
0
0
0
0
0
0
0
0
0
0
0
0
0
0
0
0
0
0
0
0
0
0
0
0
0
0
0
0
0
0.00173611
0
0
0
0
0
0
0
0
0
0
0
0
0
0
0
0
0
0
0
0
0
0.00347222
0
0
0
0
0
0
0
0
0
0
0
0
0
0.00347222
0
0
0.00173611
0.00347222
0
0
0.00868056
0.00347222
0.00520833
0.00520833
0.0190972
0.0329861
0.0381944
0.0520833
0.140625
0.105903
0.0711806
0.0364583
0.0329861
0.0572917
0.03125
0.0190972
0.00868056
0.0104167
0.0104167
0.00173611
0
0.159722
0
0
0
0.00173611
0.00173611
0.00347222
0.00868056
0
0.0104167
0.00173611
0.0190972
0
0
0.0121528
0
0
0.00173611
0
0
0.00173611
0.0121528
0
0
0.00173611
0
0.00173611
0
0.00868056
0
0.00173611
0
0
0
0.00173611
0.00173611
0
0
0
0
0
0
0
0.00694444
0
0
0
0
0
0
0.00347222
0.00173611
0
0.00173611
0
0
0
0.00173611
0.00173611
0
0.00173611
0.00347222
0
0
0.00694444
0
0
0
0.00173611
0.00173611
0
0.00173611
0
0.00173611
0
0
0.00173611
0
0.00173611
0
0
0
0
0
0
0.00173611