0
0
0
0
0
0
0
0
0
0
0
0
0
0
0
0
0
0
0
0
0
0
0
0
0
0
0
0
0
0
0
0
0
0
0
0
0
0
0
0
0
0
0
0
0
0
0
0
0
0
0
0
0
0
0
0
0
0
0
0
0
0
0
0
0
0
0
0
0
0
0
0
0
0
0
0
0
0
0
0
0
0
0
0
0
0
0
0
0
0
0
0
0
0
0
0
0
0
0
0
0
0
0
0
0
0
0
0
0
0
0
0
0
0
0
0
0
0
0
0
0
0
0
0
0
0
0
0
0
0
0
0
0
0
0
0
0
0
0
0
0.0021645
0
0.004329
0
0
0.0021645
0
0.0021645
0
0.00865801
0.00649351
0.0108225
0.017316
0.021645
0.0281385
0.038961
0.038961
0.0649351
0.0800866
0.0909091
0.0606061
0.04329
0.0324675
0.0194805
0.021645
0.00865801
0.00649351
0.0021645
0.00649351
0
0.218615
0
0.004329
0
0.0021645
0.00649351
0
0.0021645
0
0.012987
0
0.0411255
0
0
0.0238095
0
0
0
0.004329
0
0
0.0151515
0
0
0
0
0
0
0.017316
0
0
0
0
0
0
0
0
0
0
0
0
0
0
0.0194805
0
0
0
0
0
0.004329
0
0
0
0
0
0
0
0
0.0021645
0
0
0
0
0
0.0021645
0
0
0.0021645
0
0
0
0
0
0.0021645
0
0
0
0
0
0
0
0
0
0
0
0