0
0
0
0
0
0
0.00100806
0
0
0
0
0
0
0
0
0
0
0
0
0
0
0.00100806
0
0
0
0
0
0
0
0
0
0
0
0
0
0
0
0
0.00100806
0
0
0
0
0.00504032
0
0
0
0
0
0
0
0
0
0
0
0
0
0
0
0
0
0
0
0
0
0
0
0
0
0
0
0
0
0
0
0
0
0
0
0
0
0
0
0
0
0
0
0
0
0
0
0
0
0
0
0
0
0.00100806
0
0
0
0
0
0
0
0
0.00100806
0
0
0
0
0
0
0
0
0
0
0.00100806
0
0
0
0
0
0
0
0
0
0
0.00100806
0
0
0
0
0
0.00100806
0
0.00201613
0
0
0.00100806
0.00302419
0.00201613
0.00403226
0.00201613
0.00201613
0.00403226
0.00504032
0.00604839
0.00604839
0.0120968
0.0110887
0.0120968
0.0231855
0.0352823
0.03125
0.046371
0.0564516
0.115927
0.126008
0.0836694
0.0372984
0.0211694
0.0453629
0.0413306
0.0191532
0.0131048
0.00705645
0.00705645
0.00907258
0
0.115927
0
0.00504032
0.00201613
0.00302419
0.00201613
0.00100806
0.00201613
0
0.00403226
0.00100806
0.0100806
0.00100806
0.00100806
0.0110887
0.00100806
0
0.00100806
0.00100806
0
0
0.00705645
0
0
0
0
0
0
0.00604839
0
0
0
0.00100806
0
0
0
0
0
0
0.00100806
0
0
0
0.00100806
0
0
0
0
0
0
0
0.00100806
0
0
0
0
0
0
0
0
0
0.00100806
0
0
0
0
0.00201613
0
0
0
0
0.00201613
0
0.00100806
0
0
0.00100806
0.00100806
0.00201613
0.00100806
0
0
0
0
0
0.00504032