0
0.00309917
0.00516529
0.0154959
0.0154959
0.0149793
0.0180785
0.0211777
0.0160124
0.0258264
0.0222107
0.0268595
0.00878099
0.017562
0.00929752
0.00723141
0.00464876
0.00619835
0.00413223
0.0036157
0.00309917
0.00568182
0.000516529
0.00206612
0.00309917
0.00464876
0.0036157
0.00206612
0.00103306
0.00103306
0.00103306
0.000516529
0.00154959
0
0
0
0
0
0
0.000516529
0
0.000516529
0
0.00774793
0
0
0
0.000516529
0
0
0
0
0
0
0
0
0
0.000516529
0
0
0
0
0
0
0
0
0
0
0
0.000516529
0
0.000516529
0
0
0
0
0
0
0
0
0
0
0
0
0
0.000516529
0
0
0
0
0
0
0
0
0
0
0
0
0.000516529
0
0
0
0
0
0
0
0
0.000516529
0.000516529
0
0
0
0
0
0
0
0
0.000516529
0
0
0
0
0
0
0.00103306
0.000516529
0
0
0.00413223
0.00103306
0
0
0
0.00206612
0
0.000516529
0.00103306
0
0.00103306
0.00154959
0.00206612
0.000516529
0.00568182
0.000516529
0.00103306
0.00413223
0.00206612
0.000516529
0
0.00258264
0.00103306
0
0.00258264
0.00206612
0.00103306
0.00258264
0.00723141
0.00723141
0.0154959
0.0206612
0.00929752
0.00774793
0.0470041
0.0356405
0.00568182
0.0418388
0.0909091
0.0036157
0
0
0.109504
0
0.000516529
0.000516529
0.00516529
0.0154959
0.0036157
0.00619835
0.00103306
0.0113636
0
0.00413223
0.00309917
0
0.00413223
0
0.00413223
0.00413223
0.00464876
0
0
0.00516529
0
0
0.00258264
0
0.00258264
0.00309917
0.00464876
0
0
0
0.00154959
0.00154959
0.00103306
0.000516529
0.00154959
0.00206612
0.000516529
0
0
0
0
0.0118802
0
0
0
0.000516529
0.000516529
0
0.00309917
0.00309917
0
0.00258264
0.000516529
0.00103306
0
0.00464876
0.00103306
0
0.00258264
0.00206612
0.000516529
0.000516529
0.00568182
0
0.00206612
0.0036157
0.00206612
0.00258264
0.000516529
0.00516529
0.00206612
0.0036157
0.00516529
0.0036157
0.00258264
0.00464876
0.00464876
0.00464876
0.00464876
0.00723141
0.0108471
0.00568182
0.00103306
0.0557851