0
0
0
0.0075979
0.00409117
0.00350672
0.00175336
0.00496785
0.00175336
0.00730567
0.000292227
0.00350672
0.00146113
0.00175336
0.00584454
0.000584454
0.00116891
0.00233781
0.000292227
0.000584454
0.000292227
0.00642899
0
0
0.00116891
0
0.00116891
0
0.00116891
0
0.000292227
0
0.00116891
0.000292227
0.00087668
0
0.000584454
0
0.000584454
0
0
0
0
0.00379895
0
0
0
0
0.000292227
0.000292227
0
0.000292227
0
0.000584454
0
0
0
0
0
0
0
0.000584454
0
0
0.00087668
0
0
0
0
0
0
0
0
0
0
0
0
0
0
0
0
0
0
0
0
0.000584454
0
0
0
0
0
0
0.000292227
0
0
0
0
0
0
0
0
0
0
0
0
0
0
0
0
0
0
0
0
0
0
0
0
0
0
0
0.000292227
0
0
0
0
0
0
0
0.00350672
0
0
0
0
0
0
0
0.000584454
0
0.000292227
0
0.000584454
0
0.00116891
0.000292227
0
0.000292227
0.00087668
0.00146113
0
0.00672122
0.00204559
0.00818235
0.00935126
0.0198714
0.0111046
0.0204559
0.0467563
0.0362361
0.0318527
0.0359439
0.00204559
0.0189947
0.0230859
0.00964348
0.00935126
0.0102279
0.00467563
0.00087668
0
0
0.101695
0
0
0.00087668
0.00233781
0.00233781
0.00321449
0.00292227
0.000584454
0.00935126
0.000292227
0.0125658
0.00292227
0.000292227
0.019287
0.000292227
0.00175336
0.00730567
0.00263004
0.00087668
0
0.0268849
0
0.00116891
0.00321449
0
0.00292227
0.00233781
0.0137347
0
0.00233781
0.000292227
0.0043834
0.000584454
0.00204559
0.00263004
0.00350672
0.00087668
0.000292227
0
0
0
0
0.0420807
0
0
0
0.00087668
0.00087668
0.00204559
0.00292227
0.00292227
0.00321449
0.00701344
0.000292227
0.00146113
0
0.0125658
0.00146113
0
0.00409117
0.00321449
0.00087668
0
0.021917
0.000292227
0.00204559
0.00263004
0.00409117
0.00233781
0.00146113
0.0143191
0.00467563
0.00789012
0.0140269
0.00818235
0.0087668
0.0113968
0.024547
0.0289304
0.00584454
0.00847458
0.0356517
0
0
0.0806546