0
0.0493477
0.0601248
0.0726035
0.0402723
0.0357345
0.0283607
0.0277935
0.0181509
0.0141804
0.0232558
0.0346001
0.0283607
0.0175837
0.00964266
0.00510493
0.00283607
0.000567215
0
0.00113443
0.00113443
0.000567215
0.000567215
0.000567215
0
0.000567215
0
0
0.000567215
0
0
0
0
0
0
0
0
0
0
0
0
0
0
0.00113443
0
0
0
0
0
0
0
0
0
0
0
0
0
0.000567215
0
0
0
0
0
0
0
0
0
0
0
0
0
0
0
0
0
0
0
0
0
0
0
0
0
0
0
0
0
0
0
0
0
0
0
0
0
0
0
0
0
0
0
0
0
0
0
0
0.000567215
0
0
0
0
0
0
0
0
0
0
0
0
0
0
0
0
0
0
0
0
0
0
0
0
0
0
0
0
0.000567215
0
0
0.000567215
0.000567215
0.0039705
0.00283607
0.00567215
0.00680658
0.00680658
0.0215542
0.0192853
0.0243902
0.0357345
0.0277935
0.0442428
0.0283607
0.023823
0.0170164
0.00680658
0.00850822
0.00226886
0.00453772
0.00283607
0.00340329
0.00113443
0.00283607
0.00226886
0.00226886
0.00113443
0.00113443
0.000567215
0.00113443
0.00113443
0
0.00453772
0
0.000567215
0.00113443
0.0039705
0.00113443
0.00113443
0.000567215
0.00170164
0.000567215
0
0.00113443
0.00170164
0.000567215
0.00170164
0
0.00170164
0
0.00113443
0.00113443
0
0.00170164
0
0.000567215
0
0
0.00226886
0
0.00113443
0.000567215
0.000567215
0
0
0
0.00170164
0.000567215
0
0.00113443
0.00113443
0
0
0
0
0.0039705
0
0
0
0.000567215
0
0
0.000567215
0
0.00226886
0.00113443
0.000567215
0.000567215
0.000567215
0.00113443
0.00283607
0.00113443
0.00113443
0.00113443
0.00170164
0.000567215
0.00340329
0.00283607
0.00113443
0.00283607
0.00226886
0.00226886
0.00340329
0.00226886
0.00170164
0.00453772
0.00226886
0.00340329
0.00453772
0.00567215
0.00850822
0.00680658
0.00567215
0.00907544
0.0147476
0.0130459
0.0141804
0.0419739