0
0.0180624
0.0141215
0.0256158
0.0509031
0.0344828
0.0259442
0.0344828
0.0243021
0.0236453
0.0164204
0.0164204
0.0183908
0.016092
0.0151067
0.0118227
0.00492611
0.00525452
0.00426929
0.00197044
0.00591133
0.00361248
0.00262726
0.00131363
0.00197044
0.00361248
0.00197044
0.00197044
0.000656814
0.000656814
0.00229885
0.000656814
0.00197044
0.000985222
0.000985222
0.000985222
0.00131363
0.000328407
0.000328407
0.000985222
0.000656814
0.000656814
0
0.010509
0
0
0
0.000328407
0
0
0
0
0
0.000656814
0
0
0
0.000328407
0
0
0
0
0
0
0
0
0
0.000328407
0
0.000328407
0
0
0
0
0
0
0
0
0
0
0
0.000656814
0
0
0
0.000328407
0
0
0
0
0
0
0
0
0.000656814
0
0.000656814
0
0
0
0
0
0.000328407
0
0.000328407
0
0.000985222
0
0
0
0
0.000656814
0
0
0
0
0
0
0.000328407
0
0
0
0
0
0
0
0
0
0.00328407
0.000328407
0
0.000328407
0.000656814
0.000656814
0
0.000328407
0.000328407
0.000328407
0
0
0.000656814
0
0.000656814
0.000656814
0.000328407
0
0
0.000328407
0.000328407
0
0.000328407
0.000328407
0
0.000328407
0.000656814
0.00131363
0.000985222
0.000656814
0.000328407
0
0.000656814
0.000328407
0.000328407
0.000656814
0.00131363
0.00131363
0.000656814
0
0.000328407
0.000328407
0.00164204
0.000656814
0.000328407
0
0
0.000656814
0
0.000328407
0.000656814
0.000328407
0
0.000656814
0.000656814
0
0.000985222
0
0.000328407
0.000985222
0.000985222
0.00131363
0.00164204
0.000656814
0.000656814
0
0.00131363
0
0.00164204
0.00131363
0.000985222
0.000328407
0.000328407
0.000656814
0.000328407
0.000985222
0.000328407
0.000985222
0
0.000328407
0.000328407
0.000985222
0.000328407
0.000328407
0
0.00558292
0.000328407
0.000328407
0.000656814
0.000656814
0.000985222
0.000985222
0
0.00164204
0.000656814
0.000985222
0.000985222
0.00197044
0.000328407
0.00229885
0.00197044
0.000656814
0.00394089
0.000985222
0.00164204
0.000656814
0.00426929
0.0045977
0.0045977
0.00328407
0.0045977
0.00755337
0.00361248
0.0128079
0.00656814
0.00853859
0.0091954
0.00591133
0.0157635
0.0213465
0.0134647
0.0111658
0.0302135
0.0456486
0.0167488
0.0121511
0.0141215
0.254516