0
0
0
0.00426743
0.00355619
0.00355619
0.00142248
0.000711238
0.00142248
0.00284495
0.000711238
0.0056899
0.00142248
0.000711238
0.00284495
0
0.00213371
0.00142248
0.000711238
0
0
0.00640114
0
0
0.00213371
0
0
0.000711238
0.00284495
0
0.00142248
0
0
0
0
0.000711238
0
0
0
0
0
0
0
0.00497866
0
0
0
0
0
0
0
0
0
0
0
0
0
0
0
0
0
0
0
0
0
0
0
0
0
0
0
0
0
0
0
0
0
0
0
0
0
0
0
0
0
0
0
0
0
0
0
0
0
0
0
0
0
0
0
0
0
0
0
0
0
0
0
0
0
0
0
0
0
0
0
0
0
0
0
0
0
0
0
0
0
0
0
0
0.00853485
0
0
0
0
0
0
0
0
0.000711238
0.000711238
0
0
0
0.00284495
0
0
0.00142248
0.00284495
0.00213371
0
0.0142248
0.00284495
0.0241821
0.0156472
0.0256046
0.014936
0.0256046
0.0426743
0.0156472
0.0170697
0.0170697
0.00213371
0.00497866
0.00640114
0.00213371
0.00284495
0.00426743
0.00355619
0
0
0
0.152205
0
0
0
0.00284495
0.00213371
0
0.00284495
0
0.00497866
0.00142248
0.0113798
0.00142248
0.00142248
0.0369844
0
0
0.00426743
0.00426743
0.000711238
0.000711238
0.0640114
0
0.000711238
0.00497866
0
0.00355619
0.000711238
0.0142248
0
0.00284495
0.000711238
0.0056899
0.000711238
0.00284495
0.00142248
0.00142248
0.00213371
0.000711238
0
0
0
0
0.0668563
0
0
0
0.00213371
0.00213371
0.00142248
0.00426743
0.00497866
0.000711238
0.0056899
0.00142248
0.00355619
0
0.00853485
0.00497866
0
0.00497866
0.00426743
0.000711238
0
0.0234708
0.00284495
0.00497866
0.00284495
0.00782361
0.0056899
0.00142248
0.014936
0.00426743
0.0106686
0.00782361
0.00213371
0.012091
0.0192034
0.00995733
0.00355619
0.00711238
0.0213371
0.00426743
0
0
0.06899