0
0.0089717
0.0186335
0.0372671
0.047619
0.0324362
0.0365769
0.0386473
0.0324362
0.0427881
0.0276052
0.0289855
0.0296756
0.0303658
0.026225
0.0289855
0.0144928
0.00828157
0.00621118
0.00621118
0.00966184
0.00690131
0.00414079
0.00414079
0.00414079
0.00828157
0.00483092
0.00828157
0.00759144
0.00207039
0.00345066
0.00138026
0.00207039
0
0
0.00138026
0
0
0
0
0
0
0
0.00621118
0
0
0
0
0
0
0
0
0
0
0
0
0
0
0
0
0
0
0
0
0
0
0
0
0
0
0
0
0
0
0
0
0
0.000690131
0
0
0
0
0
0
0
0
0
0
0
0
0
0
0
0
0
0
0
0
0
0
0
0
0
0
0
0
0
0
0
0
0
0
0
0
0
0
0
0
0
0
0
0
0
0.000690131
0
0
0
0
0.00138026
0
0
0
0
0
0
0
0
0
0
0
0
0.000690131
0
0
0
0.000690131
0
0
0
0
0
0
0
0
0
0
0.000690131
0
0
0
0
0
0.000690131
0
0
0
0
0
0
0
0.00138026
0
0
0.000690131
0
0
0
0.000690131
0
0
0
0.000690131
0
0
0
0.000690131
0
0
0.000690131
0.000690131
0
0
0.000690131
0
0.000690131
0.00138026
0
0.00207039
0
0
0.000690131
0
0.00207039
0.000690131
0
0.000690131
0
0
0.00207039
0
0
0.000690131
0.000690131
0.00207039
0.00207039
0
0
0
0
0.00276052
0.000690131
0.00138026
0.000690131
0.000690131
0
0.000690131
0.000690131
0.00138026
0.000690131
0.00138026
0.00276052
0.00483092
0.00207039
0.00138026
0.00276052
0.00138026
0.00207039
0.00207039
0.00207039
0.00207039
0.00552105
0.00345066
0.00621118
0.00483092
0.00828157
0.00483092
0.010352
0.0207039
0.0117322
0.0089717
0.0227743
0.0310559
0.0179434
0.0213941
0.00276052
0.180124