0
0
0.0220588
0.0101103
0.0137868
0.0137868
0.00643382
0.00551471
0.00827206
0.0137868
0.00551471
0.00275735
0.00643382
0.00459559
0.0119485
0.00643382
0.00643382
0.00183824
0.00183824
0.00551471
0.00183824
0.000919118
0.00275735
0.000919118
0
0
0.000919118
0.00183824
0.000919118
0
0
0
0
0
0
0.000919118
0
0
0
0
0
0
0
0.00275735
0
0
0
0
0
0
0
0
0
0
0
0
0
0
0
0
0
0
0
0
0.000919118
0
0
0
0
0
0
0
0
0
0
0
0
0
0
0
0
0
0
0
0
0
0
0
0
0
0
0
0
0
0
0
0
0
0
0
0
0
0
0
0
0
0
0
0
0
0
0
0
0
0
0
0
0
0
0.000919118
0
0
0
0
0
0
0
0
0.00367647
0.000919118
0.00183824
0
0
0.000919118
0.000919118
0
0.00183824
0
0
0.000919118
0
0
0
0.00183824
0.000919118
0.000919118
0.000919118
0.000919118
0
0.00183824
0
0.000919118
0.000919118
0
0
0.00275735
0.00275735
0
0
0
0
0.000919118
0.00275735
0
0.00183824
0
0.000919118
0.000919118
0.000919118
0
0.0101103
0.000919118
0
0
0.000919118
0.000919118
0.000919118
0
0.000919118
0
0.000919118
0.00367647
0
0
0.00643382
0
0.000919118
0.00367647
0.00275735
0
0
0.0165441
0.00183824
0
0
0
0.000919118
0.00183824
0.0101103
0
0.000919118
0.00275735
0.00459559
0
0.00183824
0.00183824
0.00183824
0
0.00183824
0
0
0
0
0.0505515
0
0
0.00367647
0
0.00275735
0.00183824
0.00275735
0.00643382
0.00275735
0.0257353
0.00183824
0.00367647
0
0.0404412
0.00735294
0.00183824
0.0229779
0.0110294
0.00183824
0
0.0670956
0.00367647
0.00643382
0.0110294
0.0413603
0.0128676
0.00367647
0.0431985
0.00827206
0.0238971
0.0303309
0.00183824
0.00643382
0.0441176
0.0238971
0.0183824
0.015625
0.0137868
0.00735294
0.0358456
0.00275735
0.113971