0
0.115528
0.0247067
0.0145618
0.00890269
0.00628019
0.00496894
0.00331263
0.00358868
0.00220842
0.00200138
0.00179434
0.00110421
0.00131125
0.00165631
0.0010352
0.000759144
0.000759144
0.000828157
0.00110421
0.00110421
0.00089717
0.000483092
0.000621118
0.000414079
0.000966184
0.0010352
0.000621118
0.00131125
0.000345066
0.000276052
0.000483092
0.000414079
0.000345066
0.000483092
0.000414079
0.000138026
6.90131e-005
0.000138026
0.000138026
6.90131e-005
0
0
0.00662526
0.000138026
6.90131e-005
0.000276052
0.000414079
6.90131e-005
6.90131e-005
6.90131e-005
0.000483092
0.000276052
0.000207039
6.90131e-005
6.90131e-005
0
0.000276052
6.90131e-005
0.000138026
0.000138026
6.90131e-005
0
0
0.000345066
0
0.000138026
6.90131e-005
0.000207039
0.000138026
0
6.90131e-005
0
0
0
0
0
6.90131e-005
0
0.000138026
6.90131e-005
0
6.90131e-005
0
0
0.000690131
0
6.90131e-005
0
0.000138026
0.000138026
6.90131e-005
0.000276052
6.90131e-005
0.000207039
6.90131e-005
6.90131e-005
6.90131e-005
0
0.000138026
6.90131e-005
6.90131e-005
6.90131e-005
0.000207039
0
0
0.000621118
6.90131e-005
0.000138026
6.90131e-005
6.90131e-005
0.000345066
0
0.000552105
6.90131e-005
0.000276052
6.90131e-005
0.000276052
6.90131e-005
0.000138026
0.000207039
0.000207039
0.000276052
0.000483092
0.000345066
0.000138026
6.90131e-005
0
0.00752243
6.90131e-005
0.000276052
0.000414079
0.000621118
0.000483092
0.000552105
0.00200138
0.00110421
0.00089717
0.0015873
0.00110421
0.00386473
0.00124224
0.00545204
0.00510697
0.00227743
0.00821256
0.0119393
0.00876467
0.00144928
0.0250518
0.00641822
0.015804
0.015666
0.0146308
0.0153209
0.0137336
0.0249137
0.0168392
0.0179434
0.0172533
0.00365769
0.00993789
0.015804
0.00883368
0.00662526
0.00973085
0.00662526
0.000759144
0.00089717
6.90131e-005
0.0197378
6.90131e-005
0.000414079
0.000621118
0.00124224
0.00234645
0.00138026
0.0015873
0.000345066
0.00241546
0.000138026
0.000828157
0.00124224
0.000345066
0.00151829
0.000276052
0.000759144
0.00089717
0.000483092
0.000138026
0.000276052
0.00165631
0.000138026
0
0.000690131
0.000138026
0.00110421
0.000552105
0.00144928
0.000345066
0.000414079
0.000207039
0.000759144
0.000483092
0.000621118
0.000552105
0.000276052
0.000621118
0.000138026
0.000414079
0.000207039
6.90131e-005
0
0.00448585
0
6.90131e-005
0.000690131
0.000552105
0.000483092
0.000414079
0.000414079
0.000690131
0.000414079
0.000828157
0.000345066
0.000690131
0.000414079
0.00124224
0.000483092
0.000207039
0.00110421
0.000621118
0.000483092
0.000207039
0.00124224
0.000828157
0.000552105
0.00110421
0.00117322
0.00131125
0.00117322
0.00213941
0.00193237
0.00193237
0.0026225
0.00186335
0.00276052
0.00310559
0.00310559
0.00365769
0.00407177
0.00483092
0.00572809
0.00745342
0.0173223
0.330987