0
0
0.00055371
0.00276855
0.0055371
0.00332226
0.00166113
0.00332226
0.00110742
0.00442968
0.00055371
0.00276855
0.00442968
0.00276855
0.00442968
0.00332226
0.00332226
0.00166113
0.00055371
0.00110742
0.00055371
0.00221484
0.00055371
0.00055371
0.00110742
0.00166113
0.00166113
0.00055371
0.00332226
0.00110742
0.00387597
0.00276855
0.00166113
0
0.00110742
0.00055371
0
0
0
0.00055371
0.00110742
0
0
0.00055371
0
0
0
0
0
0
0
0
0
0
0.00055371
0.00055371
0.00110742
0
0
0
0
0
0
0
0.00055371
0
0.00055371
0
0
0
0.00055371
0.00055371
0
0
0
0
0
0
0
0
0
0
0
0
0
0.00055371
0
0
0
0
0
0
0
0
0
0
0
0
0
0
0
0
0
0.00055371
0
0
0.00110742
0
0
0
0.00055371
0
0
0
0
0
0
0.00110742
0.00110742
0
0
0.00055371
0.00110742
0.00055371
0.00055371
0
0.00055371
0
0.00276855
0
0.00055371
0.00166113
0.00055371
0.00055371
0.00110742
0.00276855
0.00166113
0.00110742
0.00332226
0.00166113
0.00166113
0.00110742
0.0055371
0.0055371
0.00166113
0.00332226
0.00442968
0.00719823
0.0055371
0.0166113
0.00332226
0.0249169
0.0227021
0.0354374
0.0420819
0.0293466
0.0681063
0.0420819
0.0326689
0.0431894
0.00775194
0.0354374
0.0249169
0.0116279
0.0155039
0.0177187
0.00941307
0.00221484
0.00442968
0.00055371
0.0238095
0
0.00276855
0.00276855
0
0.0055371
0.00221484
0.00442968
0.00110742
0.00719823
0.00055371
0.00498339
0.00221484
0.00221484
0.00387597
0.00055371
0.00276855
0.00221484
0.00276855
0.00055371
0.00055371
0.0055371
0
0.00055371
0.00332226
0.00055371
0.00110742
0.00166113
0.00276855
0
0.00166113
0.00055371
0.00332226
0.00055371
0.00221484
0.00221484
0.00055371
0.00166113
0
0
0
0
0
0.00719823
0
0
0.00166113
0.00110742
0.00055371
0.00166113
0.00221484
0.00110742
0.00166113
0.00110742
0.00110742
0.00221484
0
0.00442968
0.00221484
0.00055371
0.00387597
0.00387597
0.00166113
0.00055371
0.00885936
0
0.00498339
0.00332226
0.0055371
0.00332226
0.00442968
0.0116279
0.0121816
0.0143965
0.0143965
0.0055371
0.00885936
0.0116279
0.0387597
0.00996678
0.00442968
0.0238095
0.00941307
0.00276855
0
0.0321152