0
0.00221484
0.0215947
0.0121816
0.0149502
0.0116279
0.0110742
0.0160576
0.0055371
0.0127353
0.0055371
0.013289
0.0105205
0.00719823
0.00941307
0.00996678
0.00442968
0.00996678
0.00387597
0.00332226
0.00166113
0.00387597
0.00609081
0.00166113
0.00276855
0.00442968
0.00387597
0.00221484
0.00387597
0.00110742
0.00166113
0.00221484
0
0.00055371
0
0.00055371
0.00110742
0
0.00055371
0
0.00055371
0
0
0.00885936
0
0.00055371
0
0
0
0
0
0
0
0
0
0
0
0
0
0
0
0
0
0
0
0
0
0.00055371
0
0
0
0
0
0.00055371
0
0
0
0
0
0
0
0
0
0
0
0
0
0
0
0
0
0
0
0
0
0
0.00055371
0
0
0
0
0
0
0.00055371
0
0.00055371
0
0
0.00055371
0.00055371
0
0
0
0
0
0
0
0
0
0
0
0
0.00110742
0
0.00110742
0
0.00055371
0
0.0105205
0.00110742
0.00221484
0.00110742
0.00166113
0.00055371
0.00055371
0.00055371
0
0.00055371
0.00276855
0.00166113
0.00166113
0.00110742
0.00110742
0.00276855
0
0.00055371
0.00166113
0.00166113
0.00276855
0.00166113
0.00110742
0.00110742
0.00166113
0.00221484
0.00166113
0.00055371
0.00110742
0.00110742
0.00221484
0.00332226
0.00055371
0.00055371
0.00110742
0.00055371
0.00166113
0.00110742
0.00110742
0
0.00110742
0.00221484
0.00387597
0
0.00110742
0.00055371
0
0.00110742
0
0.00110742
0
0.00110742
0
0.00110742
0.00055371
0.00110742
0.00332226
0.00166113
0.00221484
0.00276855
0
0.00166113
0
0.00609081
0.00055371
0
0.00110742
0.00055371
0.00664452
0.00055371
0.0116279
0
0.00276855
0.00110742
0.0155039
0.00055371
0.00885936
0.00442968
0.00110742
0.00055371
0.00055371
0
0
0
0
0.0620155
0
0
0.00055371
0.00110742
0.00055371
0.00055371
0.00387597
0.0143965
0.00055371
0.038206
0.00110742
0.00332226
0
0.030454
0.00276855
0.00055371
0.0199336
0.00498339
0.00387597
0.00055371
0.0498339
0.00166113
0.0055371
0.00609081
0.0193798
0.00609081
0.00498339
0.0276855
0.00442968
0.0105205
0.0166113
0.00387597
0.00332226
0.0221484
0.0116279
0.00941307
0.00996678
0.0177187
0.0127353
0.0387597
0
0.137874