0
0
0.012207
0.00512695
0.0065918
0.00610352
0.00390625
0.00341797
0.00268555
0.00463867
0.000732422
0.00195313
0.000488281
0
0.00146484
0
0.000488281
0.000488281
0.000244141
0
0
0.00146484
0
0.000244141
0
0
0.000244141
0.000244141
0.000244141
0
0
0
0
0
0
0
0
0
0
0
0
0
0
0.000488281
0
0
0
0
0
0
0
0
0
0
0
0
0
0
0
0
0
0
0
0
0
0
0
0
0
0
0
0
0
0
0
0
0
0
0
0
0
0
0
0
0
0
0
0
0
0
0
0
0
0
0
0
0
0
0
0
0
0
0
0
0
0
0
0
0
0
0
0
0
0
0
0
0
0
0
0
0
0
0
0
0
0
0
0
0.00219727
0
0
0
0
0
0
0.000244141
0.000244141
0
0
0
0.000244141
0
0.0012207
0.000732422
0
0.00292969
0.00366211
0.00317383
0.00366211
0.0217285
0.0249023
0.0322266
0.0227051
0.052002
0.0344238
0.0224609
0.029541
0.0148926
0.0109863
0.0153809
0.00366211
0.00463867
0.00585938
0.00439453
0.00390625
0.00415039
0.00244141
0.00170898
0
0
0.14624
0
0
0.0012207
0.0012207
0.00170898
0.00219727
0.00170898
0.000488281
0.00439453
0.000732422
0.00341797
0.00170898
0.0012207
0.0114746
0
0.0012207
0.000976563
0.000244141
0.000732422
0
0.0400391
0
0.000488281
0.0012207
0.000244141
0.00170898
0.00146484
0.00634766
0.000244141
0.00195313
0.000488281
0.0012207
0.000244141
0.00219727
0.00146484
0.000244141
0.000488281
0.000488281
0.000244141
0.000244141
0
0
0.0412598
0
0
0.000488281
0.00195313
0.000976563
0.000976563
0.00219727
0.00415039
0.00268555
0.00415039
0.0012207
0.00244141
0.000488281
0.00634766
0.00366211
0.000488281
0.00561523
0.00292969
0.00244141
0
0.0217285
0.00219727
0.00439453
0.00463867
0.00341797
0.00512695
0.00415039
0.0102539
0.00439453
0.00537109
0.0107422
0.00268555
0.00561523
0.00854492
0.012207
0.00830078
0.0112305
0.0310059
0.00561523
0.0351563
0
0.0930176