0
0.0331532
0.0176577
0.0297297
0.0506306
0.0385586
0.0344144
0.0358559
0.0185586
0.0203604
0.0100901
0.00882883
0.00972973
0.00684685
0.00756757
0.0045045
0.0045045
0.0027027
0.00306306
0.00396396
0.00144144
0.00288288
0.00144144
0.00216216
0.00126126
0.00108108
0.00144144
0.00108108
0.00198198
0.0018018
0.00234234
0.00036036
0.000900901
0.00108108
0.000900901
0.000540541
0.00144144
0.00018018
0.000720721
0.000720721
0.000900901
0.00018018
0
0.00936937
0
0.00036036
0
0
0.00018018
0
0
0.00036036
0
0
0.00018018
0
0
0.00018018
0
0
0
0
0
0.00018018
0.00036036
0.00036036
0
0.00018018
0
0
0.00018018
0.00018018
0
0
0.00036036
0
0
0
0
0.00018018
0.00018018
0
0
0
0
0.00036036
0
0
0
0
0.00018018
0
0
0
0
0
0
0
0
0
0.00018018
0
0
0.00018018
0
0.00018018
0.000540541
0.00018018
0.00018018
0
0
0
0.00018018
0.00036036
0.00018018
0
0
0.00018018
0.00018018
0
0.00018018
0.00018018
0
0.00018018
0.00018018
0
0
0
0.00900901
0.00018018
0
0.00036036
0.000540541
0.00018018
0.000720721
0.000720721
0.000720721
0.000720721
0.000720721
0.00126126
0.000720721
0.00144144
0.00036036
0.00036036
0.000540541
0.00036036
0.00108108
0.00036036
0.00018018
0.00144144
0.00036036
0.00126126
0.00108108
0.00162162
0.000720721
0.00018018
0.00108108
0.000540541
0.00126126
0.00036036
0.00036036
0.00036036
0.00036036
0.000540541
0.000540541
0
0.000540541
0.000540541
0.00036036
0.00018018
0.00234234
0.000540541
0.000720721
0.00018018
0.00108108
0.000540541
0.00036036
0.000540541
0.00018018
0.00108108
0.00036036
0.000900901
0.00018018
0.00018018
0.000900901
0.00036036
0.00036036
0.000540541
0.00018018
0.00018018
0.000900901
0.00126126
0
0.000540541
0.000540541
0.00018018
0.00018018
0.000540541
0.000540541
0
0
0
0.000540541
0.000900901
0.000540541
0.00036036
0.000540541
0.00018018
0.00036036
0.00036036
0.00018018
0
0
0.00342342
0
0.00036036
0.000540541
0.00018018
0.000540541
0.000720721
0.0018018
0.000720721
0.00108108
0.000540541
0.000900901
0.00108108
0.000540541
0.00306306
0.00216216
0.000540541
0.00126126
0.00288288
0.00216216
0.00108108
0.00522523
0.00216216
0.00432432
0.00540541
0.00306306
0.00558559
0.00288288
0.00558559
0.00828829
0.00612613
0.0113514
0.00342342
0.0135135
0.0237838
0.0104505
0.0102703
0.0392793
0.04
0.0124324
0.0147748
0.0176577
0.29009