0
0
0.00207039
0
0.000517598
0.000517598
0
0
0
0.0015528
0
0.00258799
0
0
0.00207039
0
0.000517598
0
0
0
0
0.00258799
0
0
0
0
0.000517598
0
0.000517598
0
0
0
0.000517598
0
0
0
0
0
0
0
0
0
0
0.00258799
0
0
0
0
0
0
0
0
0
0.000517598
0
0
0
0
0
0
0.000517598
0
0
0
0.0015528
0
0
0
0
0
0
0
0
0
0
0
0
0
0
0
0
0
0
0
0
0.000517598
0
0
0
0
0
0
0
0
0
0
0
0
0
0
0
0
0
0
0
0
0.000517598
0
0
0
0
0
0
0
0
0
0.000517598
0
0
0
0
0
0
0
0
0
0
0
0
0
0
0.000517598
0
0
0.000517598
0.000517598
0
0
0.000517598
0
0
0
0.00207039
0.0015528
0.0015528
0.0015528
0.0015528
0
0.000517598
0.00621118
0.00310559
0.0150104
0.0243271
0.073499
0.0564182
0.0471014
0.0357143
0.0175983
0.0144928
0.0212215
0.00414079
0.00258799
0.0134576
0.0113872
0.00828157
0.00931677
0.00465839
0.00362319
0.00362319
0
0.0755694
0
0.0010352
0.0015528
0.00362319
0.0010352
0.00414079
0.00569358
0.00362319
0.00569358
0.0015528
0.00621118
0.00414079
0.00258799
0.0150104
0.0015528
0.00258799
0.00465839
0.00207039
0.00207039
0.0015528
0.0191511
0
0.00362319
0.00621118
0.0015528
0.00517598
0.00465839
0.00931677
0.00310559
0.00310559
0.0015528
0.00569358
0.00207039
0.00724638
0.00724638
0.00207039
0.000517598
0.00414079
0.00310559
0.000517598
0
0
0.0263975
0
0
0.00362319
0.00258799
0.00414079
0.00465839
0.00362319
0.00414079
0.00621118
0.00776398
0.00207039
0.00724638
0.00414079
0.00879917
0.00776398
0.00258799
0.010352
0.00776398
0.00569358
0.00258799
0.015528
0.00517598
0.00569358
0.00879917
0.00983437
0.00828157
0.0124224
0.0144928
0.0113872
0.00828157
0.00983437
0.00621118
0.00724638
0.00828157
0.00776398
0.0170807
0.0160455
0.0232919
0.01294
0.00621118
0
0.0196687