0
0.00070028
0.00770308
0.00490196
0.00630252
0.00280112
0.00280112
0.00070028
0.00140056
0.00210084
0.00140056
0.0070028
0.00210084
0.0035014
0.0035014
0.00140056
0.0035014
0.00070028
0.00280112
0.00280112
0.00210084
0
0
0.00070028
0
0
0.00140056
0.00140056
0.00070028
0
0.00070028
0
0
0.00070028
0.00070028
0.00070028
0
0
0
0
0
0.00070028
0
0.00210084
0
0
0.00070028
0.00070028
0
0.00070028
0
0.00070028
0
0.00140056
0
0.00070028
0.00070028
0
0
0
0
0
0
0
0.00140056
0.00070028
0
0
0.00280112
0
0
0
0
0.00070028
0
0
0
0
0.00140056
0
0
0
0
0.00070028
0
0.00210084
0
0
0
0
0.00070028
0
0
0
0.00070028
0
0.00140056
0.00070028
0
0.00070028
0
0.00070028
0
0
0.00070028
0
0.00140056
0
0
0
0
0
0.00140056
0
0.00140056
0
0
0.00070028
0.00070028
0
0.00070028
0.00140056
0.00210084
0.00070028
0.00140056
0
0.00210084
0
0.0994398
0.00210084
0.0035014
0.00280112
0.00560224
0.00840336
0.00420168
0.00490196
0.00630252
0.00490196
0.0035014
0.00560224
0.00490196
0.00630252
0.00490196
0.0035014
0.00630252
0.00630252
0.00490196
0.00910364
0.00770308
0.0119048
0.00420168
0.0147059
0.0217087
0.0329132
0.0420168
0.047619
0.0497199
0.022409
0.0203081
0.0210084
0.00980392
0.00840336
0.0105042
0.0161064
0.00980392
0.00980392
0.0070028
0.00770308
0.00420168
0
0.0280112
0
0.00070028
0.0035014
0.00910364
0.00420168
0.00560224
0.00770308
0.0070028
0.0070028
0.00210084
0.00560224
0.00280112
0.0035014
0.00420168
0.00210084
0.00280112
0.00280112
0.00280112
0.00280112
0.00070028
0.00560224
0
0.00140056
0.00140056
0
0.0035014
0.00210084
0.00420168
0
0.00280112
0.00070028
0
0.00070028
0
0.00210084
0.00210084
0.00070028
0.0035014
0.00210084
0.00140056
0
0
0.00490196
0.00070028
0
0.00140056
0.00070028
0.00140056
0.00070028
0.00210084
0.00070028
0.00280112
0.00210084
0.00070028
0.00140056
0.0035014
0
0.00280112
0.00140056
0.00140056
0.00280112
0.00140056
0.00280112
0.00630252
0.00280112
0.00210084
0.0035014
0.0035014
0.00210084
0.0035014
0.00560224
0.00490196
0.00840336
0.00420168
0.0035014
0.00420168
0.0070028
0.0133053
0.0182073
0.00280112
0.0133053
0.0035014
0.0105042
0
0.0196078