0
0
0.00210773
0
0.00117096
0.000702576
0.00117096
0.00257611
0
0.00468384
0
0.00374707
0.0030445
0.000468384
0.00444965
0.000234192
0.00187354
0.00210773
0.00117096
0.00117096
0.000234192
0.00515223
0
0.000234192
0.00140515
0
0.000936768
0.000702576
0.00257611
0.000234192
0.000702576
0
0.00117096
0.000702576
0.00117096
0.000702576
0.000234192
0.000468384
0.000468384
0.000702576
0.000234192
0
0
0.0103045
0
0
0
0.000702576
0.000468384
0.000702576
0.000468384
0.000702576
0
0
0
0
0
0.000936768
0.000234192
0
0.000234192
0.000468384
0
0
0.00140515
0
0
0
0.000234192
0
0
0.000468384
0
0
0.000234192
0
0
0
0
0
0
0
0
0
0
0.00210773
0
0
0
0
0
0
0
0
0
0
0
0
0
0.000468384
0
0
0
0
0
0
0.000702576
0
0
0
0
0
0
0.00117096
0
0
0
0.000234192
0
0
0.000234192
0
0
0
0
0
0
0
0.0103045
0
0
0
0.000234192
0.000234192
0
0.000234192
0.00140515
0.000234192
0.00140515
0.000468384
0.000468384
0
0.00327869
0.00117096
0.000468384
0.00187354
0.00187354
0.00117096
0
0.00632318
0.00257611
0.00679157
0.00983607
0.0236534
0.034192
0.0594848
0.0606557
0.0332553
0.0288056
0.0269321
0.0112412
0.0105386
0.0224824
0.0124122
0.00866511
0.00960187
0.00983607
0.00327869
0.000468384
0
0.0651054
0
0.00140515
0.00210773
0.00562061
0.00538642
0.00374707
0.00772834
0.00187354
0.0131148
0.00117096
0.00936768
0.00515223
0.00398126
0.011007
0.00210773
0.0028103
0.00608899
0.00398126
0.00187354
0.000936768
0.0124122
0
0.00234192
0.00515223
0.000936768
0.00632318
0.00327869
0.00772834
0.000234192
0.0030445
0.00187354
0.0058548
0.00210773
0.0030445
0.00234192
0.00374707
0.00140515
0.00187354
0.00234192
0
0
0
0.0248244
0
0
0.00163934
0.00163934
0.00140515
0.00421546
0.0028103
0.00421546
0.0028103
0.00702576
0.00163934
0.00398126
0.00234192
0.00749415
0.00491803
0.000936768
0.00819672
0.00538642
0.00257611
0.00140515
0.0128806
0.00327869
0.00327869
0.00468384
0.00725995
0.00538642
0.00444965
0.00960187
0.00608899
0.00562061
0.00796253
0.00374707
0.00491803
0.0140515
0.011007
0.011007
0.0177986
0.017096
0.0117096
0.0175644
0
0.0334895