0
0.00145773
0.00874636
0.00291545
0.00437318
0.00340136
0.00340136
0.00340136
0.00437318
0.005345
0.00242954
0.00437318
0.00340136
0.00242954
0.00437318
0.00340136
0.00242954
0.00242954
0.00291545
0.00145773
0.00145773
0.00291545
0.00194363
0
0.000971817
0
0
0
0.000971817
0.000485909
0.000971817
0.000971817
0.000485909
0.000971817
0.000485909
0.000485909
0.00145773
0.000485909
0.000485909
0.000485909
0
0
0.000485909
0.00194363
0
0
0
0
0
0
0
0.000485909
0
0
0.000485909
0
0.000485909
0
0
0
0.000971817
0
0
0
0
0
0
0
0
0
0
0
0
0
0
0
0
0.000971817
0.000485909
0
0
0
0
0
0
0.000485909
0
0
0
0
0
0
0
0
0
0
0
0.000485909
0
0.000485909
0
0
0
0
0
0.000485909
0
0
0.000485909
0
0
0.000971817
0
0
0
0
0
0
0
0
0.000485909
0
0
0
0
0
0
0
0.14966
0.00242954
0.00340136
0.00388727
0.00485909
0.00388727
0.0058309
0.00145773
0.00340136
0.005345
0.00437318
0.00242954
0.0058309
0.00437318
0.0058309
0.005345
0.00340136
0.00340136
0.00194363
0.005345
0.00340136
0.00291545
0.00437318
0.00728863
0.0145773
0.0301263
0.0432459
0.0631681
0.0490768
0.0393586
0.0150632
0.00971817
0.005345
0.005345
0.00680272
0.005345
0.005345
0.0058309
0.00145773
0.00145773
0.00242954
0.000485909
0.00826045
0.000971817
0.00242954
0.00388727
0.00340136
0.00145773
0.00291545
0.00194363
0.00145773
0.00145773
0.000971817
0.00242954
0.00145773
0.00242954
0.000485909
0
0.00145773
0.00145773
0.00145773
0.00145773
0.00145773
0.00194363
0
0.00145773
0.00194363
0.00145773
0.00291545
0.00242954
0.00145773
0.000971817
0.000971817
0.000971817
0.000971817
0.00145773
0.000971817
0.000485909
0
0.00145773
0.00145773
0.00242954
0.00194363
0
0
0.00485909
0
0.00194363
0
0.000971817
0.00145773
0.00242954
0.00194363
0.000485909
0.00145773
0.00340136
0.00145773
0.000971817
0.000971817
0.00145773
0.00194363
0.000971817
0.000971817
0.00194363
0.00194363
0.000485909
0.00145773
0.00291545
0.00437318
0.00194363
0.00291545
0.00242954
0.00194363
0.00291545
0.00340136
0.00388727
0.00680272
0.00388727
0.00485909
0.00874636
0.00777454
0.016035
0.00874636
0.0189504
0.00971817
0.0204082
0.00145773
0.119534