0
0.0018018
0.0036036
0.0036036
0.00900901
0.00540541
0.00540541
0.0045045
0.0027027
0.00720721
0.000900901
0.00630631
0.0018018
0
0.0027027
0.000900901
0.0018018
0.000900901
0.000900901
0.0027027
0.000900901
0.0036036
0.0027027
0.000900901
0.0018018
0.0018018
0
0
0
0
0.000900901
0
0
0
0
0
0.000900901
0
0
0
0
0
0
0.000900901
0
0
0
0
0
0
0
0
0
0
0
0
0
0
0
0
0
0
0
0
0
0
0
0
0
0
0
0
0
0
0
0
0
0
0
0
0
0
0
0
0
0
0
0
0
0
0
0
0
0
0
0
0
0
0
0
0
0
0
0
0
0
0
0
0
0
0
0
0
0
0
0
0
0
0
0
0
0
0
0
0
0
0
0
0.000900901
0
0
0
0
0
0.000900901
0.000900901
0
0
0.0018018
0.000900901
0
0.000900901
0.0018018
0.0018018
0
0
0.0027027
0.0027027
0
0.0189189
0.0036036
0.0342342
0.0414414
0.0756757
0.0666667
0.0378378
0.0306306
0.0117117
0.0144144
0.018018
0.00540541
0.0018018
0.0153153
0.00810811
0.0135135
0.0045045
0.0036036
0.000900901
0.0018018
0
0.063964
0.000900901
0.0036036
0.0018018
0.00540541
0.00720721
0.0045045
0.0036036
0.0018018
0.0117117
0.0045045
0.00630631
0.0036036
0.000900901
0.00720721
0.0018018
0.0018018
0.00810811
0.0027027
0.000900901
0.0018018
0.0108108
0.0018018
0.0036036
0.0036036
0.0027027
0.0036036
0.000900901
0.00810811
0.0018018
0.0027027
0.0027027
0.00630631
0.0018018
0.0036036
0.000900901
0.0018018
0.0027027
0.000900901
0.000900901
0.000900901
0
0
0.0171171
0
0.0018018
0.00630631
0.0018018
0.000900901
0.0018018
0.0045045
0.0045045
0.00540541
0.00630631
0.0018018
0.0018018
0.0036036
0.00810811
0.0027027
0.0018018
0.00540541
0.0045045
0.0045045
0.0018018
0.00630631
0.00630631
0.0036036
0.00540541
0.00540541
0.00720721
0.00810811
0.0045045
0.0045045
0.00540541
0.00900901
0.00720721
0.00540541
0.0135135
0.0162162
0.0126126
0.0189189
0.00810811
0.0108108
0.0162162
0.0036036
0.0288288