0
0
0.00777001
0.003885
0.002331
0
0.001554
0
0.000777001
0.001554
0
0
0
0
0.000777001
0
0
0
0
0
0
0
0
0
0
0
0
0
0
0
0
0
0
0
0
0
0
0
0
0
0
0
0
0
0
0
0
0
0
0
0
0
0
0
0
0
0
0
0
0
0
0
0
0
0
0
0
0
0
0
0
0
0
0
0
0
0
0
0
0
0
0
0
0
0
0
0
0
0
0
0
0
0
0
0
0
0
0
0
0
0
0
0
0
0
0
0
0
0
0
0
0
0
0
0
0
0
0
0
0
0
0
0
0
0
0
0
0
0
0
0
0
0
0
0
0
0
0
0
0
0
0
0
0.001554
0
0
0.000777001
0
0.000777001
0.00543901
0.004662
0.014763
0.027972
0.0800311
0.0606061
0.043512
0.032634
0.01554
0.014763
0.017871
0.00621601
0.010101
0.020202
0.01554
0.011655
0.00854701
0.00777001
0.002331
0.003885
0.000777001
0.0932401
0
0.002331
0.002331
0.003885
0.003885
0.004662
0.004662
0.004662
0.00543901
0.000777001
0.012432
0.00699301
0.003885
0.014763
0.003108
0.002331
0.00543901
0.004662
0.001554
0.00543901
0.012432
0.000777001
0.003885
0.00543901
0.002331
0.00543901
0.003885
0.012432
0.000777001
0.002331
0.001554
0.00621601
0.004662
0.003108
0.003885
0.002331
0.000777001
0.000777001
0.003108
0.000777001
0
0
0.013209
0
0.000777001
0.002331
0.000777001
0.00621601
0.00543901
0
0.002331
0.003108
0.00543901
0.003108
0.00621601
0.003108
0.00777001
0.00543901
0.001554
0.00621601
0.00777001
0.00543901
0.003108
0.00932401
0.003108
0.010101
0.003108
0.00777001
0.002331
0.004662
0.013209
0.00699301
0.00777001
0.010878
0.00543901
0.00621601
0.01554
0.013986
0.016317
0.01554
0.017871
0.012432
0.013986
0.000777001
0.02331