0
0.0140604
0.0113169
0.00754458
0.00960219
0.0048011
0.00617284
0.00342936
0.00685871
0.00720165
0.00171468
0.00411523
0.00342936
0.000342936
0.00240055
0.00308642
0.00137174
0
0.00205761
0.00205761
0.000685871
0.00274348
0
0.000685871
0.000342936
0.00205761
0.00102881
0
0
0
0.000342936
0.000342936
0.000685871
0
0.000342936
0
0
0
0.000342936
0.000342936
0
0
0
0.00240055
0
0
0.000342936
0
0.000342936
0
0.000342936
0
0
0.000342936
0
0
0
0.000342936
0.000342936
0
0.000342936
0
0
0
0.000685871
0
0
0
0
0
0
0
0
0
0
0
0
0
0
0
0.000342936
0.000342936
0
0
0
0
0
0
0
0
0
0
0
0
0
0
0
0
0
0
0
0
0
0.000342936
0
0.000342936
0.000342936
0
0
0.000342936
0
0
0
0.000342936
0
0.000342936
0.000342936
0
0
0.000685871
0.000342936
0
0
0
0.000685871
0
0
0
0.0339506
0.0120027
0.00411523
0.00308642
0.00205761
0.00514403
0.00171468
0.00342936
0.00411523
0.00240055
0.00377229
0.00548697
0.0058299
0.00411523
0.00617284
0.00788752
0.00411523
0.00685871
0.00685871
0.00720165
0.00994513
0.0102881
0.0168038
0.0288066
0.0339506
0.0483539
0.0418381
0.0493827
0.0404664
0.0298354
0.0192044
0.0137174
0.0058299
0.00651577
0.00754458
0.0048011
0.00411523
0.00308642
0.00514403
0.00308642
0.00137174
0.000342936
0.0116598
0.000685871
0.00205761
0.00342936
0.00240055
0.00342936
0.00137174
0.00411523
0.00137174
0.00377229
0.00102881
0.00240055
0.00171468
0.00205761
0.00205761
0.00274348
0.00137174
0.00205761
0.00137174
0.00342936
0.00137174
0.00445816
0.000342936
0.00205761
0.00240055
0.000685871
0.000685871
0.000685871
0.00171468
0.000685871
0.00137174
0.000342936
0.000342936
0.00205761
0.00240055
0.000342936
0.00102881
0.00102881
0.000685871
0.00137174
0.000685871
0
0
0.0048011
0
0.000342936
0.00137174
0.000342936
0.00171468
0.000685871
0
0.00102881
0.00308642
0.00137174
0.00171468
0.00137174
0.000342936
0.00240055
0.00171468
0.00171468
0.00308642
0.00205761
0.00171468
0.00274348
0.00617284
0.0048011
0.00274348
0.00308642
0.00240055
0.00342936
0.00377229
0.00548697
0.00514403
0.00411523
0.00617284
0.00308642
0.00651577
0.00823045
0.00720165
0.00857339
0.00720165
0.0181756
0.0260631
0.0466392
0.0384088
0.0411523