0
0.00380952
0.00857143
0.00380952
0.00571429
0.00666667
0.00666667
0.0047619
0.00285714
0.00285714
0.00380952
0.00190476
0.00380952
0.00285714
0.00190476
0.00380952
0.00190476
0.00380952
0.00380952
0.000952381
0.000952381
0.00571429
0.000952381
0.000952381
0.000952381
0
0.000952381
0.000952381
0.000952381
0
0
0
0.000952381
0.00190476
0
0.000952381
0
0.000952381
0
0
0
0
0
0.00571429
0
0
0
0
0
0
0
0
0
0
0
0
0
0
0
0
0.000952381
0
0
0
0
0
0
0
0
0
0
0
0
0
0
0
0
0
0.000952381
0
0
0
0
0
0
0.0047619
0
0
0
0
0
0
0
0
0
0
0
0
0
0
0
0
0
0
0
0
0.000952381
0
0
0
0
0
0
0
0
0
0
0.000952381
0
0
0
0.000952381
0
0
0
0
0
0
0.00571429
0
0
0
0.00190476
0.000952381
0.000952381
0
0.00285714
0.000952381
0.00190476
0.000952381
0.000952381
0.000952381
0.00285714
0.00285714
0
0.000952381
0.000952381
0
0
0.00857143
0.00761905
0.0152381
0.0390476
0.0790476
0.0790476
0.0352381
0.0152381
0.00761905
0.00952381
0.00952381
0.00380952
0.00285714
0.00952381
0.012381
0.012381
0.0104762
0.00380952
0.00190476
0.00380952
0
0.0533333
0
0.0047619
0.00285714
0.00380952
0.00666667
0.00571429
0.012381
0.00380952
0.0104762
0.00285714
0.00761905
0.00666667
0.00571429
0.0142857
0.00285714
0.00190476
0.00952381
0.00190476
0.0047619
0.00285714
0.0209524
0
0.000952381
0.00666667
0.00285714
0.0047619
0.00190476
0.00761905
0
0.000952381
0.00190476
0.00380952
0.00190476
0.000952381
0.00190476
0
0.00190476
0
0.000952381
0.000952381
0
0
0.0161905
0
0
0.0047619
0.000952381
0.000952381
0.00190476
0.000952381
0.00380952
0.00190476
0
0.00285714
0.00285714
0.00190476
0.00857143
0.00285714
0.000952381
0.00380952
0.00285714
0.00380952
0.00285714
0.0114286
0.00285714
0.00285714
0.00666667
0.012381
0.00380952
0.00285714
0.00571429
0.00857143
0.00857143
0.0104762
0.00380952
0.0047619
0.012381
0.0114286
0.00761905
0.00952381
0.00952381
0.0171429
0.0161905
0.0047619
0.0371429