0
0.0021645
0.012987
0.0021645
0.00649351
0.00541126
0.004329
0.00324675
0.004329
0.00649351
0.00324675
0.00541126
0.0021645
0.004329
0.00324675
0.0021645
0
0.00324675
0.00108225
0.0021645
0.00324675
0.00541126
0
0.00108225
0
0.0021645
0.00108225
0.0021645
0.00324675
0
0
0.00108225
0
0.0021645
0.00108225
0
0
0.00108225
0
0
0
0
0
0.00108225
0
0
0
0
0
0
0
0
0
0
0
0
0
0
0
0
0
0
0
0
0
0
0
0
0.00108225
0
0
0
0
0
0
0
0
0
0
0
0
0
0
0
0
0
0
0
0
0
0
0
0
0
0
0
0.00108225
0
0
0.00108225
0
0
0
0
0
0
0
0
0
0
0
0
0
0.00108225
0
0
0.00108225
0
0
0
0
0.00108225
0
0
0.00108225
0
0
0
0.004329
0
0
0
0
0
0.0021645
0.0021645
0.00108225
0
0
0
0.004329
0
0.00649351
0.00108225
0.004329
0.004329
0.00324675
0.0021645
0
0.0183983
0.0021645
0.0227273
0.0367965
0.0876623
0.0519481
0.0367965
0.0335498
0.00757576
0.00541126
0.0021645
0.00865801
0.00541126
0.0108225
0.0108225
0.0108225
0.00757576
0.0021645
0.00324675
0.004329
0.0021645
0.0649351
0.00108225
0.00108225
0.00108225
0.00324675
0.00757576
0.00974026
0.00865801
0.0021645
0.00541126
0.00324675
0.004329
0.00324675
0.0021645
0.00974026
0.00324675
0.00757576
0.00649351
0.00757576
0.00541126
0
0.0108225
0.0021645
0.004329
0.00324675
0
0.00541126
0.00649351
0.00865801
0.0021645
0.00324675
0.0021645
0.00324675
0.0021645
0.00541126
0.00324675
0.00108225
0.0021645
0.00108225
0.00108225
0.00108225
0
0
0.0151515
0.00108225
0
0.00108225
0.00108225
0
0.00108225
0.00108225
0.0021645
0.0021645
0
0
0
0.004329
0.00974026
0.00324675
0.00324675
0.004329
0.004329
0.00324675
0.00324675
0.00974026
0.0021645
0.00541126
0.004329
0.0021645
0.0021645
0.00541126
0.00541126
0.0021645
0.0108225
0.00649351
0.0021645
0.00757576
0.0162338
0.0151515
0.00974026
0.0140693
0.0205628
0.00757576
0.0151515
0.00108225
0.0324675