0
0.0047619
0.00952381
0.00714286
0.00833333
0.0130952
0.00357143
0.00952381
0.0154762
0.0178571
0.00833333
0.0202381
0.022619
0.0261905
0.0261905
0.0202381
0.027381
0.0297619
0.0309524
0.0595238
0.0619048
0.0428571
0.0119048
0.0154762
0.0119048
0.0130952
0.0214286
0.0119048
0.0142857
0.0178571
0.0119048
0.0119048
0.00595238
0.00714286
0.0047619
0.00238095
0.00595238
0.00119048
0.00595238
0.00238095
0
0.00119048
0
0.1
0
0.00238095
0
0.00119048
0.00119048
0
0
0.00119048
0.00238095
0.00119048
0.00238095
0.00238095
0
0
0.00119048
0
0.00119048
0
0.00238095
0
0
0
0.00119048
0
0
0
0
0
0
0
0
0
0
0
0
0
0
0
0
0
0
0.00119048
0
0
0
0
0
0
0
0.00119048
0
0
0
0
0
0.00119048
0
0.00119048
0
0
0
0
0
0
0
0
0
0
0
0
0
0
0
0
0
0
0
0
0
0
0
0
0
0
0.00119048
0
0
0
0.00119048
0
0
0
0
0
0
0
0
0
0
0
0
0
0
0
0
0
0
0
0
0
0
0
0
0
0
0
0
0
0
0
0
0
0
0
0
0
0
0
0
0
0
0
0
0
0
0
0.00119048
0
0
0.00119048
0
0
0
0
0.00119048
0
0
0
0
0.00119048
0
0
0.00119048
0
0
0.00119048
0
0
0.00119048
0
0
0
0
0.00238095
0
0
0
0
0
0.00357143
0.00119048
0.00238095
0.0047619
0.00119048
0.00119048
0.00119048
0.00238095
0.00119048
0.00238095
0.00238095
0.00238095
0.00357143
0.00119048
0.0047619
0.00357143
0.00119048
0.00238095
0
0
0.00357143
0.00238095
0.00119048
0
0.00714286
0.00357143
0.00595238
0.00238095
0.00595238
0.0047619
0.00238095
0.00714286
0.00119048
0.0047619
0.00952381
0.0047619
0.00595238
0.0047619
0.00595238
0.0047619
0.00238095
0.00119048
0.0833333