3.40136e-005
0.000714286
0.00156463
0.00159864
0.00204082
0.00210884
0.00258503
0.00261905
0.00333333
0.00455782
0.00431973
0.00442177
0.00506803
0.00639456
0.00751701
0.00744898
0.00853742
0.0107483
0.0160204
0.0567687
0.0518027
0.0210204
0.0137415
0.0122109
0.0121088
0.0111905
0.0140476
0.0116327
0.0136054
0.0122109
0.0119388
0.0138095
0.0114966
0.0112245
0.0112585
0.0105442
0.0085034
0.00853742
0.00921769
0.00707483
0.00646259
0.00704082
0.00323129
0.0570408
0.00414966
0.00418367
0.00333333
0.00268707
0.00302721
0.00278912
0.00272109
0.00234694
0.00197279
0.00234694
0.00217687
0.00180272
0.00146259
0.00180272
0.00170068
0.000782313
0.00146259
0.000918367
0.00129252
0.000578231
0.00153061
0.000952381
0.00112245
0.00085034
0.000986395
0.000680272
0.000884354
0.000714286
0.000612245
0.000442177
0.000782313
0.000306122
0.00047619
0.000782313
0.000544218
0.00037415
0.000238095
0.000612245
0.000204082
0.000272109
3.40136e-005
0.0014966
0.000204082
0.000272109
0.000408163
0.000170068
0.000340136
0.000646259
0.00037415
0.00037415
0.000544218
0.000340136
0.000170068
0.000442177
0.00037415
0.000578231
0.00047619
0.00037415
0.000544218
0.000272109
0.000170068
0.000340136
0.000884354
0.000204082
0.000510204
0.000408163
0.000170068
0.00037415
0.000340136
0.000612245
0.000272109
0.00037415
0.000340136
0.000544218
0.000340136
0.000544218
0.000612245
0.000306122
0.000340136
0.000578231
0.000442177
0.000408163
0.000272109
6.80272e-005
0.00955782
0.000204082
0.000442177
0.000544218
0.000680272
0.000510204
0.000680272
0.000646259
0.000442177
0.000510204
0.000782313
0.000510204
0.000680272
0.000408163
0.000986395
0.000782313
0.000510204
0.0014966
0.00105442
0.00139456
0.00085034
0.00207483
0.00129252
0.0012585
0.00136054
0.00193878
0.00221088
0.00234694
0.00377551
0.00581633
0.00867347
0.0108844
0.0104762
0.00829932
0.00880952
0.00761905
0.00734694
0.00663265
0.00867347
0.00377551
0.0109524
0.000918367
0.0203061
0.000714286
0.00639456
0.00377551
0.00629252
0.00462585
0.00401361
0.00462585
0.00469388
0.00656463
0.00312925
0.0052381
0.0047619
0.0064966
0.00465986
0.00418367
0.00316327
0.00489796
0.00452381
0.00520408
0.00384354
0.00632653
0.00176871
0.00411565
0.0035034
0.00292517
0.00343537
0.00336735
0.00394558
0.00173469
0.00261905
0.00238095
0.00258503
0.00295918
0.00193878
0.00248299
0.00204082
0.00187075
0.00193878
0.00173469
0.00248299
0.000238095
0
0.00758503
0.000204082
0.00159864
0.00142857
0.00190476
0.00112245
0.00108844
0.00146259
0.00146259
0.00112245
0.00176871
0.00105442
0.00129252
0.000578231
0.00166667
0.00129252
0.000612245
0.00108844
0.00132653
0.00085034
0.000408163
0.00176871
0.000714286
0.00085034
0.00085034
0.0012585
0.000986395
0.000884354
0.00159864
0.000884354
0.00119048
0.00122449
0.00085034
0.000748299
0.00142857
0.00119048
0.00115646
0.0012585
0.00112245
0.00146259
0.00119048
0.000612245
0.0643878