0
0
0
0.011875
0.039375
0.039375
0.04625
0.0975
0.019375
0.099375
0.005
0.04625
0.053125
0.02875
0.0925
0.03875
0.024375
0.023125
0.01375
0.00875
0.00125
0.014375
0
0.000625
0.004375
0
0.00125
0.000625
0.001875
0
0.000625
0
0.001875
0
0.00125
0
0
0
0
0
0
0
0
0.001875
0
0
0
0
0
0
0
0
0
0
0
0
0
0.00125
0
0
0
0
0
0
0
0
0
0
0
0
0
0
0
0
0
0
0
0
0
0
0
0
0
0
0
0
0
0
0
0
0
0
0
0
0
0
0
0
0
0
0
0
0
0
0
0
0.000625
0
0
0
0
0
0
0
0
0
0
0
0
0
0
0
0
0
0
0
0
0
0.000625
0
0
0
0
0
0
0
0
0
0
0
0
0
0
0
0
0
0
0
0
0
0
0
0
0
0
0
0
0
0
0
0
0
0
0
0
0
0
0
0
0
0
0
0
0
0
0
0
0
0
0
0
0
0
0
0
0
0
0
0
0
0
0.000625
0
0
0
0
0
0
0.000625
0
0.00125
0
0
0
0
0.000625
0
0
0
0
0
0
0
0.001875
0
0
0
0.000625
0
0.00125
0.00125
0
0
0.00125
0
0.000625
0
0.003125
0
0
0.000625
0.001875
0.000625
0
0.005
0
0.00125
0.00125
0.004375
0.00125
0.000625
0.005625
0.00375
0.004375
0.0075
0
0.003125
0.013125
0.003125
0.003125
0.015
0.015
0.00375
0.000625
0
0.171875