0
0.00230415
0.0104967
0.0115207
0.0130568
0.0145929
0.0130568
0.0199693
0.016129
0.0227855
0.00972862
0.0135689
0.0128008
0.00972862
0.00870456
0.00947261
0.0130568
0.0128008
0.0401946
0.0698925
0.03149
0.015105
0.0135689
0.0102407
0.0135689
0.0110087
0.00921659
0.0120328
0.0104967
0.00896057
0.00793651
0.00716846
0.00665643
0.00921659
0.00793651
0.00793651
0.00819252
0.00921659
0.00537634
0.0107527
0.00512033
0.00793651
0.00640041
0.147465
0.000256016
0.000768049
0.000512033
0
0.000256016
0
0.000512033
0
0
0.000768049
0.000256016
0.000768049
0.000256016
0.000512033
0.000256016
0
0
0.000256016
0.000256016
0
0.000768049
0
0
0.000256016
0
0.000512033
0.000256016
0
0
0.000256016
0.000256016
0.000512033
0.000768049
0
0.000256016
0.000256016
0
0
0
0
0
0.000256016
0.000256016
0
0.000256016
0
0.000256016
0.000256016
0
0.000256016
0
0
0
0
0.000256016
0.000256016
0.000256016
0
0
0.000256016
0.00102407
0.000256016
0.000512033
0.000256016
0
0
0
0.000512033
0
0.000256016
0.000256016
0.000768049
0.000256016
0.000256016
0.000256016
0.000512033
0.000256016
0.000512033
0.000256016
0.000256016
0.000512033
0.000512033
0.000512033
0
0.00179211
0
0.000256016
0.00102407
0
0.000512033
0
0.000256016
0
0.000512033
0.000256016
0
0.000512033
0
0
0
0.000256016
0.000256016
0
0.000256016
0
0.00128008
0.000256016
0
0.000256016
0
0.000768049
0.000512033
0
0.000512033
0.000768049
0.000768049
0.000256016
0.000256016
0.000256016
0
0.000512033
0
0.000256016
0.000768049
0.000512033
0.000256016
0.00332821
0.000256016
0.000512033
0.000256016
0.000768049
0.000768049
0
0.000512033
0.00102407
0.000768049
0
0.000512033
0.000256016
0
0.00102407
0.00128008
0.00204813
0.0015361
0.00128008
0.00128008
0.000768049
0.00204813
0.000768049
0.0030722
0.00230415
0.00179211
0.00102407
0.00128008
0.00128008
0.000768049
0.000768049
0.000512033
0.00102407
0.000256016
0.000768049
0.000768049
0.000256016
0.000768049
0.00102407
0.00204813
0
0
0
0.00384025
0
0.000512033
0
0.0015361
0.000512033
0.0015361
0.00102407
0.000512033
0.000768049
0.00128008
0.00128008
0.0015361
0.00102407
0.00256016
0.0015361
0.000256016
0.00128008
0.000768049
0.00230415
0.000256016
0.00588838
0.00128008
0.00230415
0.00256016
0.00409626
0.00256016
0.00281618
0.00332821
0.00179211
0.00179211
0.00332821
0.00204813
0.00332821
0.00512033
0.00512033
0.00409626
0.00486431
0.00537634
0.00640041
0.00768049
0.00332821
0.114695