0
0.0108623
0.0209407
0.0174692
0.0202688
0.0153415
0.0145577
0.0180291
0.0166853
0.0195969
0.0138858
0.00895857
0.00940649
0.0108623
0.0106383
0.00996641
0.0288914
0.068869
0.0344905
0.0129899
0.00783875
0.00615901
0.00369541
0.0043673
0.00279955
0.00268757
0.00403136
0.00268757
0.00324748
0.00179171
0.00223964
0.00235162
0.00156775
0.00145577
0.00145577
0.0019037
0.0019037
0.000783875
0.000671892
0.00111982
0.000895857
0.0012318
0.000111982
0.0292273
0
0.000335946
0.000111982
0.000111982
0.000223964
0.000335946
0.000335946
0.000111982
0.000223964
0.000447928
0
0.000447928
0
0.000223964
0.000223964
0.000223964
0
0.000223964
0.000223964
0
0.000335946
0
0.000223964
0.00055991
0.000111982
0.000447928
0.000223964
0.000111982
0.000223964
0.000223964
0.000111982
0.000111982
0.000335946
0.000223964
0.000111982
0
0.000223964
0.000223964
0.000111982
0.000111982
0
0.000671892
0
0
0.000447928
0
0.000111982
0
0.000111982
0.000335946
0
0.000223964
0
0
0.000111982
0.000111982
0
0
0.000111982
0.000111982
0.000111982
0.000111982
0.000111982
0
0
0.000111982
0
0.000223964
0
0.000111982
0
0
0
0.000223964
0.000111982
0.000111982
0
0
0.000111982
0.000111982
0.000111982
0
0
0
0.000783875
0
0.000111982
0.000111982
0.000111982
0.000111982
0
0
0
0.000111982
0.000335946
0.000111982
0
0.000223964
0
0
0.000223964
0
0
0.000223964
0.000895857
0.00156775
0.00145577
0.0012318
0.00179171
0.00111982
0.000111982
0.000111982
0.000335946
0.000223964
0.000111982
0.000223964
0.000111982
0.000783875
0.000895857
0.00167973
0.00134378
0.000671892
0.00145577
0.000783875
0.000335946
0
0.00425532
0.000111982
0.000671892
0.00145577
0.000223964
0.000671892
0.000671892
0.000895857
0.000783875
0.00167973
0.000671892
0.00111982
0.000783875
0.00179171
0.0012318
0.0012318
0.00111982
0.00111982
0.00246361
0.00134378
0.0019037
0.00223964
0.000895857
0.00167973
0.00246361
0.00246361
0.00257559
0.00358343
0.00492721
0.00302352
0.00335946
0.00302352
0.00414334
0.00548712
0.0031355
0.00884658
0.00414334
0.00179171
0.00727884
0.0111982
0.00055991
0.000111982
0
0.02486
0
0.00145577
0.0113102
0.00683091
0.00223964
0.00414334
0.00671893
0.00447928
0.00548712
0.00548712
0.00470325
0.00335946
0.00324748
0.00503919
0.0055991
0.00335946
0.00548712
0.00470325
0.00503919
0.00324748
0.00727884
0.00593505
0.0055991
0.00537514
0.00907055
0.00918253
0.0087346
0.0120941
0.00929451
0.00951848
0.0139978
0.0114222
0.012206
0.0142217
0.012542
0.0101904
0.0108623
0.0107503
0.0142217
0.019037
0.00996641
0.0781635