0
0.000408163
0.000816327
0.00122449
0.000408163
0.00122449
0.00122449
0.00122449
0.00122449
0.00367347
0.00122449
0.00204082
0.000408163
0.000816327
0.00326531
0.00204082
0.00204082
0.00285714
0.00326531
0.00367347
0.00122449
0.00693878
0.00244898
0.00693878
0.0142857
0.0187755
0.0428571
0.022449
0.0187755
0.00734694
0.00408163
0.00571429
0.00489796
0.00326531
0.00367347
0.0044898
0.00285714
0.00122449
0.000408163
0.00204082
0.00204082
0
0
0.0134694
0.00163265
0.00163265
0.00204082
0.00244898
0.00122449
0.000816327
0.00163265
0.000816327
0.000816327
0.00285714
0.00122449
0.000816327
0
0.00204082
0
0.000816327
0.00204082
0.000816327
0.000816327
0.000408163
0.00530612
0.000408163
0
0.00204082
0
0.000408163
0.00122449
0.00489796
0.00122449
0.00122449
0.00204082
0.000408163
0
0
0.000408163
0.000408163
0.000816327
0.000408163
0
0
0
0.0077551
0
0.000408163
0
0
0.00122449
0.000816327
0.000816327
0.000816327
0.00122449
0.000408163
0.000816327
0.00163265
0.000408163
0.00163265
0
0
0.000816327
0.000816327
0
0
0.00367347
0
0.000816327
0.000816327
0
0.00326531
0.000408163
0.00244898
0
0.00163265
0.000408163
0.00326531
0.00163265
0.000816327
0.000816327
0.00163265
0.00163265
0.00122449
0.00367347
0.000816327
0.000408163
0
0.022449
0.000408163
0
0.000408163
0.000816327
0.000816327
0.00244898
0.00163265
0.00163265
0.00285714
0.00367347
0.00408163
0.0044898
0.00367347
0.00571429
0.0044898
0.00163265
0.00367347
0.00612245
0.00489796
0.0142857
0.0338776
0.0334694
0.0432653
0.0559184
0.0465306
0.0404082
0.035102
0.0253061
0.0236735
0.0216327
0.0163265
0.00979592
0.00816326
0.0179592
0.00816326
0.0102041
0.00816326
0.00734694
0.00285714
0.00367347
0.00122449
0.0330612
0
0.000816327
0.00285714
0.00367347
0.00285714
0.000408163
0.00122449
0.000816327
0.00163265
0.00122449
0.00367347
0.00204082
0.00163265
0.00163265
0
0.00122449
0.000816327
0.000408163
0.000408163
0.000816327
0.00408163
0.000408163
0.000816327
0.000816327
0
0.000408163
0.000816327
0.00163265
0
0.00122449
0.000408163
0.00122449
0
0.000816327
0
0.000816327
0
0.000408163
0.000408163
0
0
0
0.00571429
0
0.000408163
0
0.000408163
0
0.000408163
0.00122449
0.00122449
0.000408163
0.00244898
0
0.000816327
0.000816327
0.00204082
0.000816327
0
0.000816327
0.000408163
0.000408163
0.000408163
0.00244898
0.000816327
0.000408163
0.00122449
0.000816327
0.000408163
0.000408163
0.00163265
0.000408163
0.000816327
0.00244898
0.000816327
0
0.000408163
0.00163265
0.000816327
0.00163265
0.000816327
0.00122449
0.00122449
0.000408163
0.0232653