0
0.00594997
0.0121704
0.0197431
0.011359
0.00824882
0.0114943
0.00892495
0.00622042
0.00878972
0.00608519
0.0102772
0.00635565
0.00797836
0.0086545
0.00784314
0.00811359
0.00987154
0.0252874
0.0754564
0.0369168
0.0121704
0.0105477
0.0091954
0.00946586
0.00797836
0.00784314
0.007167
0.00824882
0.00473293
0.00473293
0.00446247
0.00473293
0.0040568
0.00486815
0.00392157
0.00311021
0.00324544
0.00311021
0.00419202
0.0040568
0.00419202
0.00297498
0.179581
0.00040568
0.000676133
0.000270453
0.00135227
0.00108181
0.000811359
0.000270453
0.000676133
0.000946586
0.000676133
0.00040568
0.000135227
0.000135227
0.000270453
0.000540906
0
0.00040568
0.000540906
0.000540906
0
0.000811359
0
0.000135227
0.000135227
0.000270453
0
0.000270453
0.000135227
0.000135227
0.000135227
0.000676133
0.000135227
0
0
0.000270453
0
0.000270453
0
0
0
0
0.000811359
0
0
0.000135227
0.000135227
0.000135227
0
0.000135227
0.000270453
0.000540906
0
0.000135227
0.000270453
0.000135227
0.000135227
0.00040568
0.000135227
0.000540906
0.000270453
0.000270453
0.000811359
0.000540906
0.000270453
0.000540906
0.000270453
0.000676133
0.00040568
0.000676133
0.000270453
0.000270453
0.000135227
0.00040568
0.000135227
0.000270453
0
0.000676133
0.000135227
0.000270453
0.000270453
0.00040568
0.000270453
0.000540906
0
0.00540906
0.000540906
0.000946586
0.000811359
0.00121704
0.000811359
0.000811359
0.000676133
0.000946586
0.000540906
0.000811359
0.00108181
0.000270453
0.000135227
0.00162272
0.000540906
0.000540906
0.000540906
0.000540906
0.000676133
0.00040568
0.00040568
0.000135227
0.000676133
0.000270453
0.000676133
0.000946586
0.000676133
0.00108181
0.00121704
0.00121704
0.000270453
0.000540906
0.000135227
0.000946586
0.000946586
0.000540906
0.000135227
0.000946586
0.000270453
0.000270453
0
0.00189317
0.000811359
0.00108181
0.000811359
0.000540906
0.00148749
0.00175794
0.000811359
0.000135227
0.000676133
0.00040568
0.00108181
0.000946586
0.000811359
0.000946586
0.000270453
0.000540906
0.000811359
0.00121704
0.000676133
0.00040568
0.00189317
0.000270453
0.000135227
0.00189317
0.000540906
0.000676133
0.000811359
0.00162272
0.000270453
0.000676133
0.000811359
0.00040568
0.000676133
0.000811359
0.00135227
0.000811359
0.000676133
0.000676133
0.000540906
0.000270453
0
0
0.0045977
0
0.000540906
0.00040568
0.00121704
0.00148749
0.00121704
0.00189317
0.00108181
0.00121704
0.00121704
0.000270453
0.00148749
0.000540906
0.00216362
0.00243408
0.00040568
0.00175794
0.00216362
0.00311021
0.000540906
0.00338066
0.00121704
0.00175794
0.0020284
0.00189317
0.00243408
0.00189317
0.00392157
0.00229885
0.00324544
0.0025693
0.0025693
0.00324544
0.00567951
0.00351589
0.00527383
0.00500338
0.00689655
0.00513861
0.00649087
0.0040568
0.199053