0
0.000945626
0.00992908
0.0113475
0.0104019
0.0118203
0.01513
0.0137116
0.0174941
0.0132388
0.0104019
0.00803783
0.00614657
0.00472813
0.00425532
0.00330969
0.00330969
0.00756501
0.00992908
0.0245863
0.0524823
0.0245863
0.0141844
0.00898345
0.00661939
0.00661939
0.00567376
0.00425532
0.00189125
0.00189125
0.00236407
0.00141844
0.00236407
0.000472813
0.000472813
0
0.000945626
0.000945626
0.000945626
0
0.000472813
0
0
0.00283688
0
0.000472813
0
0.000472813
0.000945626
0.000472813
0.00189125
0
0
0.000472813
0
0
0
0.000945626
0.000472813
0
0.000472813
0
0
0.000945626
0.000472813
0
0.000472813
0.000945626
0
0
0
0.000472813
0
0
0.000472813
0
0.000945626
0
0
0
0
0
0
0
0
0.00141844
0
0
0
0
0.000945626
0
0.000472813
0
0.000472813
0
0.000945626
0.000945626
0.000472813
0
0
0
0.000945626
0
0.000472813
0
0.000472813
0
0
0
0
0.000472813
0.000472813
0.000472813
0
0.000472813
0
0
0.000472813
0
0
0.000945626
0.000472813
0
0
0
0
0
0.00236407
0.000472813
0.000945626
0.00141844
0.00141844
0.00141844
0.000472813
0.00330969
0.00141844
0.000945626
0.000945626
0.000472813
0.00189125
0.000945626
0.000945626
0.00236407
0.00283688
0.000945626
0.00141844
0.000945626
0.00141844
0.00425532
0.00189125
0.00520095
0.00614657
0.00898345
0.0070922
0.00614657
0.0104019
0.0137116
0.0184397
0.0231678
0.0245863
0.0222222
0.0401891
0.0288416
0.0189125
0.0231678
0.01513
0.0156028
0.0179669
0.00378251
0.0406619
0.000945626
0.0070922
0.00472813
0.0108747
0.00756501
0.00756501
0.00945626
0.00472813
0.0104019
0.00189125
0.00661939
0.00661939
0.00283688
0.00567376
0.00330969
0.00141844
0.00189125
0.00330969
0.000472813
0.00236407
0.00614657
0
0.00283688
0.00330969
0.000945626
0.00425532
0.00330969
0.00567376
0
0.00236407
0.000945626
0.000472813
0.00283688
0.00141844
0.00236407
0
0.00141844
0.00141844
0.00141844
0.000472813
0
0
0.00756501
0
0.00141844
0.000945626
0.00236407
0.000945626
0.00141844
0.00472813
0.000945626
0.000945626
0.00283688
0.000472813
0.00283688
0.000472813
0.00520095
0.00141844
0.000472813
0.00283688
0.00472813
0.00141844
0.000945626
0.00567376
0.00236407
0.00189125
0.000472813
0.00425532
0.00189125
0.000945626
0.00283688
0.000945626
0.000945626
0.00236407
0.000945626
0.00189125
0.00472813
0.00520095
0.00425532
0.00283688
0.00614657
0.00378251
0.00803783
0
0.0160757