0
0.0012963
0.00351852
0.00240741
0.00388889
0.00314815
0.00351852
0.00351852
0.00388889
0.00333333
0.0037037
0.00407407
0.00351852
0.00537037
0.00388889
0.00481481
0.00611111
0.0087037
0.0268519
0.0688889
0.03
0.00722222
0.00222222
0.00185185
0.00425926
0.00111111
0.00203704
0.00185185
0.0012963
0.00148148
0.00111111
0.00148148
0.00111111
0.00166667
0.000740741
0.00240741
0.00166667
0.00166667
0.00111111
0.00222222
0.000925926
0.000740741
0.00037037
0.0385185
0.00037037
0.000185185
0.000925926
0.000185185
0.000740741
0.000925926
0.00037037
0.000555556
0.000740741
0.000740741
0.000740741
0.00037037
0.000185185
0.000740741
0.00037037
0.000185185
0.000740741
0.000555556
0.00037037
0.000740741
0.000185185
0.000185185
0.000185185
0
0.000185185
0.00037037
0.000740741
0.000555556
0
0
0.000185185
0.000185185
0
0.00037037
0
0.000555556
0.000185185
0.00037037
0.00037037
0
0
0.000925926
0
0
0.00037037
0.000185185
0
0.00037037
0
0.000185185
0.00037037
0.000185185
0.000185185
0.000185185
0.000185185
0.000185185
0.000185185
0.000185185
0
0.000185185
0.00037037
0
0
0.000185185
0.000185185
0
0
0.000555556
0.00037037
0.000185185
0
0
0
0.000185185
0
0
0
0
0
0
0
0.00037037
0
0
0.00981481
0
0.000185185
0.000185185
0
0
0
0.000185185
0.000555556
0.000555556
0.000185185
0.00037037
0.00037037
0.000925926
0.000925926
0.000185185
0.000740741
0.00037037
0
0
0
0.00037037
0.000555556
0.000740741
0.000740741
0.000555556
0.000185185
0.000185185
0.000740741
0.000740741
0.000925926
0.000185185
0.000555556
0.00037037
0.000185185
0.00037037
0.000185185
0.000185185
0.000185185
0.00037037
0.00037037
0
0.00166667
0.000185185
0.000185185
0.00037037
0.000555556
0.000185185
0.000185185
0
0.00037037
0.000185185
0.00037037
0.000925926
0.000185185
0
0.000555556
0.000555556
0
0.000925926
0.000740741
0.000555556
0.000555556
0.00185185
0
0.000925926
0.000185185
0.000740741
0.000740741
0.000925926
0.000740741
0.000740741
0.000925926
0.000185185
0.000925926
0.0012963
0.000555556
0.000740741
0.000555556
0.00037037
0.000740741
0.00148148
0.000185185
0.000185185
0
0.005
0.000185185
0.000925926
0.00166667
0.00166667
0.00111111
0.0012963
0.00166667
0.00148148
0.00148148
0.00166667
0.00185185
0.00166667
0.00166667
0.00407407
0.0037037
0.00185185
0.00462963
0.00481481
0.00444444
0.00296296
0.00833333
0.00907407
0.00851852
0.00333333
0.0111111
0.00796296
0.00777778
0.00907407
0.00777778
0.0114815
0.0114815
0.00814815
0.01
0.0124074
0.0122222
0.00888889
0.0118519
0.01
0.00462963
0.0142593
0.0012963
0.416852