0
0.00458142
0.0112453
0.0108288
0.0166597
0.00999583
0.0145773
0.0120783
0.00749688
0.0154102
0.0112453
0.0120783
0.00916285
0.00791337
0.0116618
0.0120783
0.00874636
0.0108288
0.0441483
0.0753853
0.0258226
0.0129113
0.0104123
0.0120783
0.0124948
0.0112453
0.0120783
0.0112453
0.00957934
0.00708038
0.0104123
0.00791337
0.00749688
0.00708038
0.00957934
0.00791337
0.00708038
0.00541441
0.00666389
0.00416493
0.0062474
0.00957934
0.00333195
0.11995
0.00208247
0.00124948
0.00291545
0.00208247
0.000416493
0.000832986
0.00249896
0.00166597
0.000832986
0.00166597
0
0.00124948
0
0.000416493
0.00124948
0.000416493
0.00124948
0.00124948
0.000416493
0
0.00166597
0
0.000832986
0.000416493
0.000416493
0.000416493
0
0.00124948
0.000832986
0.000416493
0.000832986
0
0.000832986
0.000832986
0
0
0
0.000416493
0
0
0
0.000832986
0
0
0.000416493
0
0
0.000832986
0
0
0
0.000416493
0.000416493
0
0
0.00124948
0.000832986
0
0.000832986
0
0.000832986
0.000416493
0.000416493
0
0
0.00124948
0
0.000416493
0
0.000832986
0
0.000416493
0.000416493
0.000832986
0.000832986
0.000416493
0.000832986
0.000416493
0.000416493
0
0.000416493
0.000416493
0.000416493
0
0.00499792
0
0
0.00124948
0
0
0
0.000832986
0.000416493
0
0
0
0
0.000416493
0.000832986
0.000416493
0.000416493
0
0
0
0.000416493
0.000832986
0
0.000416493
0
0.000832986
0
0.000416493
0.00166597
0.000416493
0.000416493
0.000832986
0
0
0
0.000832986
0
0
0
0
0
0.000416493
0.00166597
0
0.000832986
0.00208247
0.00124948
0.00124948
0.00124948
0.000416493
0.00124948
0.000832986
0.000416493
0.00249896
0
0.00249896
0.00208247
0.000832986
0.000832986
0.00249896
0.00166597
0.00124948
0.00166597
0.00333195
0.000416493
0.000832986
0.00208247
0
0.00249896
0.00124948
0.00416493
0.000832986
0.000832986
0.000416493
0.00166597
0.000832986
0.000832986
0.000416493
0.00166597
0.000832986
0.000832986
0.000832986
0.000416493
0
0
0.00499792
0.000416493
0
0.000832986
0.000832986
0.00124948
0.00124948
0.00166597
0.000832986
0.000832986
0.00291545
0.00124948
0.000832986
0.00124948
0.00208247
0.00499792
0.000416493
0.00333195
0.00124948
0.00249896
0.00124948
0.00458142
0.00166597
0.00249896
0.00249896
0.00458142
0.00208247
0.00499792
0.00416493
0.00166597
0.00458142
0.0058309
0.00291545
0.00333195
0.00749688
0.00541441
0.00499792
0.00916285
0.00957934
0.00458142
0.00499792
0.00291545
0.109954