0
0.009375
0.021875
0.0125
0.021875
0.0197917
0.0104167
0.0197917
0.0125
0.021875
0.0145833
0.0104167
0.015625
0.0177083
0.0145833
0.021875
0.0552083
0.0625
0.0208333
0.015625
0.0135417
0.0197917
0.00625
0.0114583
0.00208333
0.00416667
0.00625
0.00520833
0.00416667
0.00208333
0.00416667
0.00416667
0.00208333
0.00104167
0.00104167
0.00208333
0.00104167
0
0.00208333
0.00104167
0
0
0
0.0208333
0
0
0.00208333
0.00104167
0.00104167
0.00208333
0.00208333
0.00104167
0
0
0
0.00104167
0
0.003125
0.003125
0.00208333
0.00104167
0
0
0
0
0
0.00208333
0
0
0.00104167
0
0
0
0
0
0
0
0
0
0
0
0
0
0
0
0
0
0
0.00104167
0
0
0
0
0
0
0
0
0
0
0.00104167
0
0
0.00104167
0.00208333
0
0
0
0
0
0
0
0
0.00104167
0
0
0
0
0
0
0
0
0.00104167
0.00104167
0
0
0
0
0
0.00104167
0
0
0
0
0
0
0
0
0
0
0
0
0
0
0
0
0
0
0
0
0
0
0
0
0
0.00104167
0
0
0
0
0
0
0
0
0
0
0.00104167
0
0
0
0
0
0
0
0.00104167
0.00208333
0
0.00104167
0
0.00104167
0
0
0
0.00104167
0
0
0.00104167
0
0.00104167
0
0
0.00208333
0.003125
0.00104167
0
0
0
0
0.00104167
0
0.00208333
0
0
0
0
0.00104167
0.003125
0
0
0.00104167
0.00208333
0.00104167
0
0
0.00208333
0
0
0.00416667
0.00208333
0.003125
0.003125
0.00104167
0.00104167
0.00208333
0
0.00208333
0.00208333
0.003125
0.00416667
0.00416667
0.00208333
0.0104167
0.0104167
0.00625
0.00208333
0.0135417
0.009375
0.00729167
0.00729167
0.0114583
0.0197917
0.0166667
0.00833333
0.0114583
0.0135417
0.0145833
0.00520833
0.0104167
0.0104167
0.0145833
0.0125
0.0114583
0.0125
0.0114583
0.01875
0.00104167
0.11875