0
0
0
0
0.00218531
0.000874126
0.00131119
0.00174825
0.000874126
0.00131119
0.00218531
0.00131119
0.00218531
0.000874126
0.00437063
0.00218531
0.00305944
0.00305944
0.00480769
0.00568182
0.00437063
0.00393357
0.00437063
0.00611888
0.00874126
0.0104895
0.0340909
0.0559441
0.0428322
0.020979
0.0152972
0.0187937
0.0161713
0.0148601
0.0170455
0.0109266
0.0148601
0.0113636
0.0113636
0.00699301
0.0118007
0.0104895
0.00218531
0.0301573
0.00393357
0.00568182
0.00262238
0.00480769
0.00568182
0.00437063
0.00524476
0.00655594
0.00218531
0.0034965
0.00480769
0.00218531
0.000874126
0.00262238
0.0034965
0.000874126
0.00218531
0.00174825
0.00131119
0.00174825
0.00437063
0.00174825
0.00131119
0.000437063
0.00174825
0.00131119
0.00131119
0.000874126
0.000874126
0.00174825
0.00131119
0
0
0.00174825
0.000874126
0
0.00131119
0.000874126
0.000874126
0
0
0.00393357
0
0
0.000437063
0.000874126
0.00131119
0.000437063
0.000437063
0.000437063
0
0
0.000437063
0.000437063
0.000437063
0.000874126
0.000437063
0.000437063
0
0.000874126
0
0
0
0
0
0.000874126
0.000437063
0
0.000874126
0.000874126
0.000437063
0.000437063
0
0.000437063
0
0.000874126
0
0.000437063
0.000874126
0
0
0
0
0
0.00961538
0
0.000437063
0.000437063
0.000437063
0.000874126
0.000874126
0.000874126
0.000874126
0.00174825
0.0034965
0.00262238
0.00218531
0.00131119
0.00305944
0.00262238
0.00218531
0.00393357
0.00437063
0.00174825
0.00305944
0.00568182
0.00480769
0.00786713
0.00874126
0.0192308
0.0227273
0.034528
0.0297203
0.0201049
0.0170455
0.00961538
0.00568182
0.00743007
0.00917832
0.00743007
0.00262238
0.0034965
0.00305944
0.000874126
0.00174825
0.000437063
0.00874126
0
0.000874126
0.000437063
0.00174825
0.00174825
0.00218531
0.000437063
0
0.00218531
0.000437063
0.00174825
0.00218531
0
0.000874126
0
0.000437063
0.000437063
0.000874126
0
0.000437063
0.00174825
0
0
0.000437063
0.000437063
0.000437063
0.000437063
0.000874126
0
0
0.000874126
0.00131119
0
0
0.000437063
0.000437063
0
0
0.000437063
0
0
0
0.00305944
0
0
0.000437063
0
0
0
0
0
0
0.000874126
0
0
0
0.000874126
0
0
0.000437063
0
0
0
0.00218531
0
0
0
0.000437063
0.000437063
0
0.000874126
0.000437063
0
0
0.000437063
0
0.000437063
0.000437063
0
0
0
0.000874126
0
0
0.155594