0
0.0218254
0.0176587
0.0186508
0.0160714
0.00952381
0.0132937
0.0142857
0.0109127
0.0146825
0.0140873
0.0113095
0.0123016
0.014881
0.0109127
0.0130952
0.0246032
0.0811508
0.035119
0.0138889
0.00853175
0.0126984
0.0047619
0.00515873
0.0047619
0.00416667
0.00257937
0.00218254
0.00178571
0.00238095
0.000793651
0.000793651
0.00376984
0.0015873
0.0031746
0.00277778
0.000992064
0.00218254
0.00119048
0.00119048
0.000992064
0.000793651
0
0.0529762
0.000396825
0.000198413
0.000198413
0
0.000396825
0
0.000396825
0.000198413
0
0
0
0
0
0
0
0.000198413
0.000198413
0.000396825
0.000396825
0
0.000198413
0
0
0.000198413
0
0
0
0
0.000198413
0.000396825
0
0
0
0.000198413
0
0
0.000198413
0
0
0
0
0.000396825
0
0
0.000198413
0.000198413
0
0.000198413
0
0
0.000198413
0
0
0
0.000198413
0.000198413
0
0
0
0
0.000198413
0.000198413
0
0
0.000198413
0
0
0.000396825
0
0.000992064
0.000198413
0.000396825
0.000198413
0
0
0
0.000198413
0
0
0
0.000198413
0
0.000396825
0
0.000198413
0
0
0
0
0
0
0
0
0
0
0.000198413
0.000198413
0
0.000198413
0.000198413
0
0.000198413
0
0.000396825
0.000198413
0
0
0
0
0
0.000198413
0
0.000396825
0
0.000198413
0
0.000198413
0
0.000396825
0.000396825
0.000198413
0
0
0
0
0
0.000595238
0
0
0.000198413
0
0.000595238
0
0
0
0.000198413
0
0.000396825
0.000396825
0.000595238
0.000198413
0.000595238
0.000198413
0.000198413
0.000595238
0.000793651
0.000198413
0.00218254
0
0.000992064
0.00178571
0.000396825
0.000992064
0.0015873
0.00138889
0.00119048
0.000198413
0.000992064
0.000793651
0.000793651
0.000992064
0.0015873
0.00119048
0.000992064
0.00138889
0.00178571
0.000198413
0.000396825
0
0.00515873
0.000198413
0.000992064
0.00257937
0.00218254
0.00238095
0.00257937
0.00496032
0.00238095
0.00436508
0.00376984
0.00396825
0.00674603
0.00555556
0.0093254
0.0119048
0.00436508
0.0121032
0.0107143
0.00833333
0.00753968
0.0154762
0.00853175
0.0105159
0.00694444
0.0123016
0.00912698
0.00753968
0.00912698
0.00694444
0.00813492
0.00873016
0.00575397
0.00793651
0.014881
0.0126984
0.0162698
0.021627
0.022619
0.0321429
0.0186508
0.0190476
0.0815476