0
0.00312175
0.0218522
0.0280957
0.0208117
0.0280957
0.0208117
0.0270552
0.0239334
0.0291363
0.024974
0.0332986
0.0218522
0.0332986
0.0301769
0.0228928
0.0509886
0.0426639
0.0208117
0.0197711
0.012487
0.00520291
0.00104058
0.0114464
0.0062435
0.00104058
0.00416233
0.00416233
0.00416233
0.00208117
0.00312175
0
0.00104058
0.00208117
0
0.00208117
0
0
0.00208117
0.00104058
0.00208117
0
0
0.0593132
0
0
0
0
0
0
0
0.00104058
0.00104058
0.00104058
0
0
0
0
0
0
0
0
0.00104058
0
0
0
0
0
0
0
0
0.00104058
0
0
0
0
0
0
0
0
0
0
0.00104058
0
0
0.00104058
0
0
0
0
0
0
0.00104058
0
0
0.00104058
0
0
0
0
0
0
0
0
0
0
0
0
0
0
0
0
0
0
0
0
0
0.00104058
0
0
0.00104058
0
0
0
0
0
0
0
0
0
0
0
0
0
0
0
0
0
0
0
0
0
0
0
0
0
0
0
0
0
0
0
0.00104058
0
0
0
0.00104058
0
0
0
0
0.00104058
0
0
0
0
0
0
0
0
0
0
0
0
0
0
0
0
0
0
0
0.00104058
0
0
0
0
0
0
0
0.00104058
0
0
0.00104058
0
0
0
0
0
0.00104058
0
0
0
0
0
0.00208117
0.00104058
0
0
0
0
0.00104058
0
0
0.0062435
0
0
0
0
0
0.00208117
0.00208117
0.00104058
0.00312175
0
0.00416233
0.00104058
0.00208117
0.00208117
0
0.00312175
0.00728408
0.00208117
0.00104058
0.00312175
0.00208117
0.00416233
0.0145682
0.00936524
0.0145682
0.00936524
0.00520291
0.0166493
0.0135276
0.0156087
0.0166493
0.00832466
0.00936524
0.0104058
0.00832466
0.0218522
0.0062435
0.012487
0.00728408
0.0218522
0.00312175
0.0770031