0
0
0
0
0
0
0
0
0
0
0
0.00146092
0
0
0.00803506
0
0.00073046
0.00146092
0
0.00073046
0
0.0284879
0
0.00292184
0.00511322
0.0219138
0.0357925
0.0036523
0.0182615
0.00949598
0.00438276
0.00584368
0.00657414
0.00073046
0.00073046
0.00292184
0.00146092
0.00219138
0.00073046
0.00073046
0
0.00146092
0
0.06355
0
0.00073046
0.00146092
0
0.00073046
0
0.00219138
0.00073046
0
0.00292184
0
0.00073046
0
0.00292184
0.00073046
0
0
0
0.00073046
0
0.00876552
0
0
0
0
0
0
0.00219138
0
0.00073046
0.00073046
0
0
0.00073046
0
0
0
0
0
0
0
0.0160701
0
0
0
0
0
0
0
0
0
0
0.00073046
0
0
0.00219138
0
0
0
0
0
0
0.0036523
0
0
0
0
0.00146092
0.00146092
0.00219138
0
0
0
0.00438276
0
0.00219138
0
0.00219138
0
0
0.00073046
0
0
0
0.0401753
0
0.00073046
0
0.00146092
0.00073046
0.00219138
0.00073046
0.0036523
0
0.00073046
0.00146092
0.00219138
0.00073046
0.00657414
0.00146092
0
0.00511322
0.0102264
0.00146092
0.00146092
0.0219138
0.00292184
0.00657414
0.00438276
0.00657414
0.00657414
0.00803506
0.0153397
0.0138787
0.0182615
0.0197224
0.00803506
0.0153397
0.0146092
0.0073046
0.00584368
0.00292184
0.00438276
0.00146092
0.00292184
0
0.0883857
0
0.00073046
0
0.00073046
0.00073046
0.00073046
0.00073046
0
0.00292184
0
0.0036523
0
0
0.00803506
0.00073046
0.00073046
0.00146092
0
0.00073046
0
0.0284879
0
0
0
0
0
0
0.00073046
0
0
0
0
0
0
0
0
0
0
0
0
0
0
0.0606282
0
0
0
0
0
0
0
0
0
0
0
0
0
0
0
0
0
0
0
0
0.0211833
0
0
0
0
0
0
0.00292184
0.00073046
0
0.00219138
0
0
0
0
0
0
0
0
0
0
0.211103