0
0.00614035
0.00701754
0.0298246
0.0254386
0.0245614
0.0245614
0.027193
0.0315789
0.0377193
0.0192982
0.0350877
0.0219298
0.0280702
0.0289474
0.0210526
0.022807
0.027193
0.0166667
0.0149123
0.0184211
0.0517544
0.0710526
0.0219298
0.00789474
0.00614035
0.0105263
0.00350877
0.00614035
0.00175439
0.00438596
0.00263158
0.00350877
0.00526316
0
0.00175439
0.000877193
0
0
0
0.00175439
0
0
0.00350877
0
0
0
0.000877193
0
0
0
0.00175439
0
0
0
0
0.000877193
0.00175439
0.00175439
0
0
0.000877193
0
0
0.000877193
0
0
0
0
0.00175439
0.000877193
0.000877193
0
0
0
0
0
0
0
0
0
0
0
0
0
0
0
0
0
0
0
0
0
0
0
0
0
0
0
0
0
0
0
0
0
0.000877193
0.000877193
0
0
0
0
0
0.000877193
0
0
0
0
0
0
0
0
0
0
0
0
0
0
0
0
0
0
0
0
0
0
0
0
0
0
0
0
0
0
0
0
0
0
0
0
0
0
0
0
0
0
0
0
0
0
0
0
0
0
0
0
0
0
0
0
0
0
0
0
0
0
0
0
0
0
0
0
0
0
0
0
0
0
0
0
0
0
0.00175439
0
0.000877193
0
0
0
0.000877193
0.000877193
0
0.000877193
0.00175439
0
0.00175439
0
0.000877193
0.000877193
0.00175439
0
0.00175439
0.000877193
0
0
0.00175439
0.00175439
0.00175439
0.000877193
0.00175439
0.00263158
0.000877193
0.000877193
0
0.00438596
0.00263158
0.00175439
0.00350877
0
0.00175439
0.00175439
0
0.00438596
0.00526316
0.00438596
0.000877193
0.00701754
0.00263158
0.00350877
0.00614035
0.00789474
0.0105263
0.00789474
0.00701754
0.0140351
0.00701754
0.00964912
0.0105263
0.0105263
0.0140351
0.0140351
0.0140351
0.00964912
0.00701754
0.0149123
0.00877193
0.00701754
0.0605263