0
0
0.000462535
0
0.000462535
0.000462535
0.000462535
0.000462535
0
0.000462535
0.000462535
0.0013876
0
0
0.00462535
0.0013876
0.00185014
0.0013876
0.0013876
0.00555042
0.0282146
0.0263645
0.0101758
0.00832562
0.00555042
0.00231267
0.00277521
0.00185014
0.00462535
0.000925069
0.0013876
0.00185014
0.00323774
0.0013876
0.00370028
0.00323774
0.0013876
0.000925069
0.0013876
0.000462535
0.0013876
0
0
0.0231267
0
0.000925069
0.000462535
0.000462535
0.000925069
0.000462535
0.000462535
0.000925069
0.000462535
0.00277521
0
0.0013876
0
0.00693802
0.000462535
0
0.00231267
0.000925069
0
0
0.00555042
0
0.000462535
0.000462535
0.0013876
0
0.000462535
0.00370028
0
0
0.0013876
0
0
0.0013876
0
0
0.000462535
0
0
0
0
0.0180389
0
0
0
0
0
0
0.000462535
0
0.000462535
0
0
0
0
0.000925069
0
0
0.000925069
0.000462535
0
0
0.0101758
0
0
0
0
0.00185014
0
0.00601295
0
0.000462535
0
0.00185014
0
0.000925069
0.00277521
0.000925069
0.000925069
0.000462535
0.000462535
0
0
0
0.0897317
0
0.000462535
0
0
0.000462535
0
0.000925069
0.00370028
0.000462535
0.00786309
0
0.0013876
0.000925069
0.0323774
0.00277521
0
0.00971323
0.00508788
0.0013876
0.000462535
0.0670675
0.00462535
0.00462535
0.0111008
0.0166512
0.013876
0.0212766
0.0379278
0.0124884
0.0217391
0.0249769
0.00693802
0.00740056
0.0143386
0.00925069
0.00508788
0.00370028
0.00832562
0.00370028
0.00462535
0
0.109621
0
0
0.000462535
0.00185014
0.00323774
0.000925069
0.00416281
0.00231267
0.00462535
0.000925069
0.00323774
0.000925069
0.000925069
0.00601295
0.0013876
0.000462535
0.000462535
0
0
0.000925069
0.0120259
0
0
0.000925069
0.000462535
0.00185014
0.000925069
0.0013876
0
0
0.000462535
0.000925069
0
0.000462535
0.000462535
0.000462535
0
0.000925069
0
0
0
0
0.0208141
0
0
0
0.000925069
0
0
0.000462535
0.000462535
0.000462535
0.000462535
0
0
0
0.000462535
0
0
0.00185014
0.000462535
0
0
0.00786309
0.000925069
0.000462535
0.000925069
0.000925069
0
0
0.00323774
0
0
0.00231267
0
0
0.0013876
0.000925069
0
0
0.000462535
0
0
0
0.0943571