0
0
0.000907441
0
0
0
0.00030248
0.00030248
0
0.000907441
0.00030248
0.00120992
0.00030248
0.000604961
0.000907441
0
0.00030248
0.0015124
0.00120992
0.00362976
0.00241984
0.00332728
0.00907441
0.0547489
0.0480944
0.0130067
0.00695705
0.00362976
0.00272232
0.00272232
0.00181488
0.00211736
0.0015124
0.0015124
0.0015124
0.000907441
0.00181488
0.000604961
0.00120992
0.0015124
0.00030248
0.00030248
0
0.00241984
0
0
0.00120992
0
0.00030248
0
0.00030248
0.000907441
0.000604961
0.000604961
0
0
0.000604961
0
0.00030248
0
0.000604961
0.00030248
0
0
0.00211736
0.000907441
0.00030248
0.00030248
0.000604961
0
0.00030248
0.000604961
0
0.00030248
0.000604961
0
0
0
0.000604961
0.00030248
0.000604961
0.00030248
0.00030248
0.00030248
0
0.00241984
0
0.00030248
0.00030248
0
0
0.00030248
0
0
0.000604961
0
0
0.00030248
0
0.00030248
0
0.00030248
0
0.00120992
0.00030248
0.00030248
0.000604961
0.000604961
0.00030248
0.00030248
0
0.00030248
0.00030248
0.000604961
0
0.00030248
0.000604961
0.00030248
0.000907441
0.00120992
0.00030248
0.000604961
0.00030248
0.000907441
0
0.00181488
0.00030248
0
0.134604
0.000907441
0.00574713
0.00332728
0.0030248
0.00241984
0.00211736
0.00362976
0.00332728
0.00423472
0.00635209
0.00756201
0.00846945
0.00846945
0.00967937
0.0142166
0.0102843
0.0181488
0.0124017
0.0145191
0.0124017
0.0196612
0.023291
0.0275257
0.0260133
0.0311555
0.03902
0.0620085
0.0662432
0.0287356
0.030248
0.0175439
0.0130067
0.0108893
0.00967937
0.00453721
0.00423472
0.00544465
0.00393224
0.00241984
0.00272232
0.000907441
0.00907441
0.000604961
0.000604961
0.000604961
0.0030248
0.00181488
0.00272232
0.0015124
0.000604961
0.00030248
0.00120992
0.000604961
0.00030248
0.00030248
0.00030248
0.000604961
0
0.00120992
0.00030248
0.000604961
0.000604961
0.000604961
0
0.00030248
0.00181488
0.00030248
0.00120992
0
0.000604961
0
0.00120992
0.00030248
0.000604961
0.000907441
0.00030248
0
0.00030248
0.0015124
0.00030248
0.00030248
0
0.00030248
0
0.00211736
0
0.00030248
0
0.00030248
0.00030248
0.00030248
0.000604961
0.00030248
0
0.000604961
0
0.000907441
0
0.00030248
0
0
0.00030248
0
0.000907441
0.00030248
0.0015124
0
0
0
0.00030248
0.000604961
0.00030248
0.000907441
0
0.00030248
0.00030248
0.000604961
0
0.00030248
0.000604961
0
0.000907441
0.00030248
0
0
0
0.0245009