0
0
0
0
0
0
0.00142248
0.00142248
0.000711238
0.000711238
0
0.000711238
0.000711238
0.00213371
0.00213371
0
0
0
0.00284495
0.00640114
0.00995733
0.029872
0.00355619
0.0199147
0.00853485
0.00426743
0.00426743
0.00213371
0.00426743
0.00213371
0.00213371
0
0.00213371
0.00284495
0.000711238
0
0.000711238
0
0
0.00213371
0
0
0
0.0135135
0
0
0
0
0
0
0
0.000711238
0
0.000711238
0
0
0
0.000711238
0
0
0
0
0
0
0.00426743
0
0
0
0.000711238
0
0
0.00497866
0
0
0.000711238
0
0
0.000711238
0
0
0
0
0
0
0
0.00995733
0
0
0
0
0
0
0.000711238
0
0
0
0.000711238
0.00142248
0
0.00284495
0
0.000711238
0.00142248
0
0
0
0.00284495
0
0
0.000711238
0
0
0.000711238
0.00426743
0
0
0
0.00142248
0
0.000711238
0.00142248
0.00142248
0.000711238
0.00284495
0
0
0
0
0.0661451
0
0.000711238
0.00142248
0.00284495
0.00142248
0.000711238
0.00497866
0.00284495
0.000711238
0.0113798
0.00142248
0.00497866
0
0.0199147
0.00213371
0
0.00782361
0.00355619
0
0
0.0753912
0.00213371
0.00924609
0.0170697
0.0156472
0.00426743
0.012091
0.0604552
0.00782361
0.012091
0.0227596
0.00142248
0.00497866
0.0106686
0.00924609
0.00355619
0.00711238
0.00924609
0.00355619
0
0
0.24111
0
0
0
0
0.00142248
0
0.000711238
0
0.00142248
0
0.00355619
0
0
0.0156472
0
0
0.00355619
0.000711238
0
0
0.0220484
0
0
0
0
0.00142248
0
0.00853485
0
0
0
0.00497866
0
0.000711238
0
0
0
0
0
0
0
0
0.0305832
0
0
0
0
0
0
0
0
0
0.000711238
0
0
0
0.00355619
0
0
0
0
0
0
0.0056899
0
0
0
0.000711238
0
0
0.00142248
0
0
0.000711238
0
0
0
0
0
0
0
0
0
0
0.0483642