0
0
0.00163265
0.000816327
0.00326531
0.00326531
0.00244898
0.00653061
0.00163265
0.00571429
0.00326531
0.00816326
0.00571429
0.00734694
0.0106122
0.00734694
0.00571429
0.00734694
0.0106122
0.00734694
0.0106122
0.0285714
0.00897959
0.0114286
0.0122449
0.00571429
0.0204082
0.0138776
0.0302041
0.0481633
0.0236735
0.00979592
0.00979592
0.00571429
0.00816326
0.00734694
0.00571429
0.00163265
0.00408163
0.00163265
0.000816327
0.000816327
0
0.0571429
0.00163265
0
0
0
0.000816327
0.000816327
0.00326531
0.00326531
0.000816327
0.00408163
0
0.00163265
0.000816327
0.00816326
0.00163265
0
0.00163265
0
0
0
0.0171429
0
0
0
0
0
0
0.00326531
0
0
0.000816327
0
0
0
0
0.00163265
0
0
0
0
0
0.0212245
0
0
0
0
0
0.000816327
0.000816327
0
0.00244898
0
0.000816327
0
0
0.00244898
0
0
0.000816327
0.000816327
0
0
0.0130612
0
0
0
0
0.00163265
0
0.00571429
0
0
0
0.00163265
0.000816327
0.000816327
0.000816327
0.00163265
0
0.000816327
0.00244898
0
0
0
0.0563265
0
0.000816327
0.00163265
0.00163265
0.00326531
0.00408163
0.00571429
0.00489796
0.00571429
0.0106122
0.00408163
0.00408163
0.00408163
0.0146939
0.00816326
0.00326531
0.00979592
0.0114286
0.00734694
0.00326531
0.0204082
0.00571429
0.00653061
0.00653061
0.00244898
0.00489796
0.00408163
0.00979592
0.00244898
0.00571429
0.00571429
0.00244898
0.00326531
0.00571429
0.00408163
0.00163265
0.00489796
0.00326531
0.00163265
0.00163265
0
0.0359184
0
0.000816327
0.00163265
0.00244898
0.00163265
0.00244898
0
0.000816327
0.00816326
0.00244898
0.00244898
0.00163265
0.00408163
0.00326531
0.00163265
0.00326531
0.00326531
0.00163265
0.00326531
0
0.00489796
0
0.000816327
0.00163265
0
0.00244898
0.00163265
0.00326531
0
0.00163265
0
0.00244898
0.00163265
0.00163265
0.000816327
0
0
0
0.000816327
0
0
0
0.0114286
0
0
0.000816327
0.000816327
0.000816327
0.000816327
0
0.000816327
0.000816327
0
0
0
0.000816327
0.00244898
0.00163265
0
0
0.00163265
0
0.000816327
0.00163265
0.00163265
0
0.00163265
0
0.000816327
0
0
0
0.00326531
0.000816327
0
0.000816327
0
0.000816327
0.000816327
0.00163265
0
0.00163265
0.000816327
0.000816327
0.0506122