0
0
0
0
0.000349375
0.000174688
0.000262032
0.000349375
8.73439e-005
0.00122281
8.73439e-005
0.00235828
0.000611407
8.73439e-005
0.00602673
0
8.73439e-005
0.00131016
0.000873439
8.73439e-005
8.73439e-005
0.0127522
0.000349375
0.00113547
0.000873439
0.00192157
0.00821032
0.0265525
0.0592191
0.0266399
0.00375579
0.00305704
0.00305704
0.00227094
0.00253297
0.00165953
0.0013975
0.000698751
0.000786095
0.000436719
0.000262032
0.000174688
0
0.0165953
0
8.73439e-005
0
0.000174688
0
8.73439e-005
0
0
0
0.000174688
0
0.000174688
0
0.000262032
8.73439e-005
0
8.73439e-005
0
0
0
0.000349375
0
0
0
0
0
0
0.000436719
0
0
0
0
0
0
0
0
0
0
0
0
0
0.000960783
0
0
0
0
0
0
8.73439e-005
0
0
0
0
0
0
0
0
0
0
0
0
0
0.000436719
0
0
8.73439e-005
0
8.73439e-005
0
0.000174688
0
0
0
0.000262032
0
8.73439e-005
8.73439e-005
0
8.73439e-005
0
0
0
0
0
0.00969517
0
8.73439e-005
0
0
0.000262032
0.000174688
0.000262032
0.000349375
0.000262032
0.00122281
8.73439e-005
0.000611407
0.000349375
0.00375579
0.00288235
0.0013975
0.00646345
0.00829767
0.00593938
0.00445454
0.0331033
0.0230588
0.0266399
0.0269019
0.0324046
0.0192157
0.0161586
0.0193903
0.00838501
0.00786095
0.013713
0.00122281
0.00227094
0.00663813
0.00323172
0.00244563
0.00288235
0.00104813
0.000174688
0
0
0.107957
0
0
8.73439e-005
8.73439e-005
0.000436719
0.000960783
0.000786095
0
0.00227094
0
0.00471657
8.73439e-005
8.73439e-005
0.0140624
8.73439e-005
8.73439e-005
0.000698751
0
8.73439e-005
0
0.0433226
0
0
0
0
0.000174688
0
0.00821032
0
0
0
0.000611407
8.73439e-005
8.73439e-005
0
0
0
0
0
0
0
0
0.106123
0
0
0
8.73439e-005
0
0
0
0
8.73439e-005
0.000524063
0
0
0
0.00445454
0
0
0.000262032
0
0
0
0.0420997
0
0
0
0.000349375
0
0
0.00812298
0
0.000262032
0.0013975
0
0
0.000436719
0.000262032
0.000174688
8.73439e-005
8.73439e-005
0
0
0
0.164206