0
0.00617284
0.0185185
0.0385802
0.0216049
0.029321
0.0385802
0.0339506
0.0385802
0.0648148
0.0339506
0.0432099
0.0246914
0.0246914
0.0401235
0.0308642
0.0246914
0.0200617
0.029321
0.0262346
0.066358
0.0432099
0.0169753
0.0123457
0.0138889
0.00462963
0.00771605
0
0.00154321
0.00308642
0.00154321
0
0
0.00154321
0.00308642
0.00462963
0
0
0
0.00154321
0
0
0
0.00771605
0
0
0
0.00154321
0
0
0
0
0
0.00154321
0
0
0
0
0.00154321
0
0
0
0
0
0
0
0
0
0.00154321
0
0.00154321
0
0
0
0
0
0
0
0
0
0
0
0
0
0
0
0
0
0
0
0
0
0
0
0
0
0
0
0
0
0
0
0
0
0
0
0
0
0
0
0
0
0
0
0
0
0
0
0
0
0
0
0
0
0
0
0
0
0
0
0
0
0
0
0
0
0
0
0
0
0
0
0
0
0
0
0
0
0
0
0
0
0
0
0
0
0
0
0
0
0
0
0
0
0
0
0
0
0
0
0
0
0
0
0
0
0
0
0
0
0
0
0
0
0
0
0
0
0
0
0
0
0
0
0
0
0
0
0
0
0.00154321
0
0
0
0
0
0
0
0
0
0
0
0
0.00308642
0
0
0
0
0.00154321
0
0
0
0
0.00154321
0
0.00154321
0
0.00308642
0
0
0
0
0
0
0
0.00154321
0.00308642
0.00308642
0
0.00462963
0.00154321
0.00308642
0.00771605
0.00617284
0.00462963
0.00308642
0.00154321
0.00925926
0.0108025
0.0123457
0.00771605
0.0154321
0.0246914
0.0169753
0.00771605
0.0570988