0
0
0
0
0
0.000925069
0
0.000925069
0
0.00185014
0
0.00277521
0.000925069
0
0.00323774
0.000462535
0.0013876
0.00231267
0.000462535
0.000925069
0
0.0111008
0
0.000925069
0.00370028
0
0.00231267
0.00185014
0.00462535
0.00416281
0.0106383
0.00878816
0.012951
0.0180389
0.0240518
0.0143386
0.00925069
0.00925069
0.00601295
0.0013876
0.00693802
0
0
0.0411656
0
0.0013876
0.000925069
0.00231267
0.00231267
0.00231267
0.00231267
0.00323774
0.0013876
0.00555042
0.000462535
0.000462535
0
0.00786309
0.000462535
0
0
0.00185014
0.000925069
0
0.0152636
0
0
0.0013876
0.000462535
0
0
0.00740056
0.000462535
0.0013876
0.00323774
0
0
0
0
0.000462535
0
0
0
0
0
0.0296022
0
0
0
0
0
0
0
0
0.0013876
0
0.00277521
0.000462535
0
0.0124884
0
0
0.0013876
0
0
0
0.0180389
0
0
0.00185014
0
0.00277521
0.000462535
0.0180389
0
0.00185014
0.000462535
0.00925069
0.000462535
0.00786309
0.00601295
0.00323774
0.000462535
0.00231267
0.0013876
0
0
0
0.0763182
0.000462535
0.000462535
0.0013876
0.0013876
0.00370028
0.00416281
0.00740056
0.0148011
0.00555042
0.0152636
0.00647549
0.0101758
0.00508788
0.0254394
0.0134135
0.00971323
0.0185014
0.013876
0.0148011
0.00786309
0.0444033
0.0152636
0.0175763
0.0185014
0.0189639
0.00925069
0.0106383
0.0217391
0.0120259
0.00878816
0.0143386
0.00231267
0.00508788
0.00925069
0.00508788
0.00740056
0.00647549
0.0013876
0.00185014
0.000462535
0
0.0393154
0
0
0
0.00185014
0.00231267
0.0013876
0.00231267
0
0.0013876
0
0.00370028
0.000925069
0.000462535
0.00370028
0.000462535
0
0.0013876
0
0.000462535
0
0.00416281
0
0
0.000462535
0
0.000462535
0
0.00277521
0
0
0
0.0013876
0
0
0
0.000925069
0
0
0
0
0
0
0.00740056
0
0
0
0
0
0
0
0.000462535
0
0.0013876
0
0
0
0.00323774
0
0
0.00185014
0.000462535
0
0
0.00231267
0
0.000462535
0
0.00185014
0.000462535
0
0.00185014
0
0.000462535
0.000462535
0
0
0
0.000462535
0
0
0.000925069
0
0
0
0.0249769