0
0
0
0
0
0.0016
0
0
0.0016
0.0016
0
0
0
0
0.0032
0
0.0048
0.0048
0.0144
0.0048
0.0096
0.016
0
0.0112
0.0016
0.0032
0.0048
0.0016
0.0032
0
0.0016
0.0016
0.0032
0.0016
0
0.0016
0.0016
0
0.0016
0
0
0
0
0.0048
0
0
0
0
0
0
0
0
0
0.0016
0
0
0
0
0
0
0
0
0
0
0
0
0
0
0
0
0
0
0
0
0
0
0
0
0
0
0
0
0
0
0
0.0032
0
0
0
0
0
0
0
0
0
0
0
0
0
0.0016
0
0
0
0
0
0
0.0016
0
0
0
0
0
0
0.0032
0
0
0
0.0032
0
0
0
0
0
0
0
0
0
0
0.0208
0
0
0
0
0
0
0.0016
0.0064
0
0.0064
0
0.0048
0
0.0304
0.0032
0
0.0208
0.0112
0.0032
0
0.0832
0.0016
0.008
0.016
0.0352
0.0128
0.0048
0.0736
0.0128
0.0192
0.0752
0.0048
0.0112
0.0528
0.0208
0.0192
0.008
0.0192
0.0176
0.0016
0
0.1904
0
0
0
0.0032
0.0032
0.0032
0.0032
0
0.0064
0
0.0048
0.0048
0
0.0048
0
0
0
0
0
0
0.0096
0
0
0
0
0
0
0.0032
0
0
0
0
0
0
0
0
0
0
0
0
0
0
0.0096
0
0
0
0
0
0
0
0.0016
0
0
0
0
0
0
0
0
0.0016
0
0
0
0.0064
0
0
0
0
0
0
0.0048
0
0
0.0048
0
0
0
0.0016
0
0
0
0
0
0
0.0064