0
0
0
0
0
0
0
0.000967118
0
0.00145068
0
0.000967118
0
0
0.00290135
0
0
0.000967118
0.000483559
0
0
0.00870406
0
0
0.000967118
0
0.00145068
0.000483559
0.00870406
0.00241779
0.00435203
0.00773694
0.0174081
0.0145068
0.0188588
0.0140232
0.00580271
0.00531915
0.00918762
0.00483559
0.00483559
0
0
0.0527079
0
0.00241779
0.000483559
0.000967118
0.00241779
0.00193424
0.00290135
0.00338491
0.00193424
0.00967118
0
0.00145068
0.000483559
0.0101547
0
0
0.00241779
0.000483559
0.000483559
0
0.0178917
0
0.000967118
0.00193424
0.000967118
0.000967118
0.000483559
0.00967118
0
0.000483559
0.00435203
0
0.000967118
0.00145068
0
0.000967118
0
0
0
0
0
0.0425532
0
0
0
0
0.000483559
0.00145068
0
0
0.00386847
0
0.00386847
0
0
0.0149903
0
0.000483559
0.00386847
0.000483559
0
0
0.0270793
0
0
0.000483559
0
0.00290135
0.00145068
0.0227273
0
0.00193424
0
0.0125725
0
0.0106383
0.00628627
0.00338491
0.00145068
0.00145068
0.000967118
0
0
0
0.144584
0.000483559
0.00145068
0.00290135
0.00435203
0.00483559
0.00241779
0.0130561
0.0135397
0.00386847
0.0198259
0.00531915
0.00628627
0.000967118
0.0299807
0.00725338
0.00145068
0.016441
0.0106383
0.00628627
0.00145068
0.0357834
0.00580271
0.00531915
0.012089
0.0116054
0.00676983
0.00338491
0.0169246
0.00580271
0.012089
0.0101547
0.000483559
0.00338491
0.00628627
0.00580271
0.00773694
0.00290135
0.000967118
0.000967118
0
0
0.0396518
0
0
0
0.00145068
0.00145068
0.000967118
0.000483559
0.000483559
0.000967118
0
0.000967118
0
0
0.000483559
0.000483559
0.000483559
0.000483559
0
0
0
0.00338491
0
0
0
0
0.000483559
0
0.00145068
0
0
0
0.000967118
0
0
0
0
0
0
0
0
0
0
0.00628627
0
0
0
0
0
0
0
0.000483559
0
0.000483559
0
0
0
0.000967118
0
0
0.000967118
0
0
0
0.00435203
0
0
0.000483559
0.000483559
0
0
0.00338491
0
0.000483559
0.000483559
0
0
0
0
0
0.000483559
0
0
0
0
0.0362669