0
0.003663
0.010989
0.029304
0.0512821
0.0238095
0.0238095
0.0421245
0.018315
0.0384615
0.014652
0.029304
0.0238095
0.021978
0.0238095
0.0274725
0.014652
0.0274725
0.025641
0.021978
0.0567766
0.0384615
0.0347985
0.0164835
0.00732601
0.00732601
0.0018315
0.0018315
0.003663
0
0
0.0018315
0
0
0.003663
0.0018315
0
0.0018315
0
0
0
0
0
0.0018315
0
0
0
0
0.0018315
0
0
0
0
0.0018315
0
0.0018315
0
0
0
0
0
0
0
0
0
0
0
0
0
0
0
0.0018315
0
0
0
0
0
0
0
0
0
0
0
0.0018315
0
0
0
0
0
0
0
0
0
0
0
0
0
0
0
0
0
0
0
0
0
0
0
0
0
0
0
0
0
0
0
0
0
0
0
0
0
0
0
0
0
0.003663
0
0
0
0
0
0.0018315
0
0
0
0
0
0
0
0
0
0
0
0
0.0018315
0
0
0
0
0
0
0
0
0
0
0
0.0018315
0
0
0
0
0
0
0
0
0.0018315
0
0
0
0
0
0
0
0
0
0
0
0
0
0
0
0
0
0
0.0018315
0
0.003663
0.0018315
0
0
0
0.003663
0
0
0
0
0
0
0
0
0
0.0018315
0.0018315
0
0
0
0.0018315
0
0
0.0018315
0
0
0
0.00549451
0
0
0
0
0
0.0018315
0.0018315
0.0018315
0.003663
0
0.0018315
0.0018315
0
0.0018315
0.0018315
0.003663
0
0.00732601
0
0.0018315
0.0128205
0.0018315
0.00732601
0.0164835
0.010989
0.00732601
0.00732601
0.014652
0.003663
0.0128205
0.003663
0.00915751
0.010989
0.014652
0.018315
0.010989
0.00915751
0.010989
0.0201465
0.003663
0.003663
0.0641026