0
0
0
0.000198373
0.000396747
0.000793493
0.000991867
0.00138861
0
0.00198373
0.000198373
0.00317397
0.000198373
0.00059512
0.00714144
0.000396747
0.000991867
0.00198373
0.00138861
0.000793493
0.000793493
0.00972029
0.00178536
0.00376909
0.00991867
0.04146
0.0368974
0.00952192
0.00793493
0.00357072
0.00376909
0.00337235
0.00357072
0.00138861
0.00257885
0.00178536
0.00119024
0.00138861
0.000396747
0.000396747
0.00059512
0
0
0.0289625
0.000198373
0.00059512
0.000198373
0.000198373
0.00059512
0.000793493
0.000793493
0.00059512
0
0.00059512
0.000396747
0.00119024
0
0.00198373
0.00059512
0
0.00059512
0
0.00059512
0
0.00416584
0
0.000396747
0
0.000991867
0
0
0.00198373
0
0.00059512
0.000396747
0
0.000198373
0
0
0
0.000198373
0
0
0
0
0.00793493
0
0.000198373
0.000198373
0
0
0
0.000396747
0.000198373
0.000198373
0
0.000793493
0.000198373
0
0.00178536
0.000198373
0
0.000991867
0.000198373
0.000396747
0.000198373
0.00416584
0
0.000198373
0.000396747
0.000198373
0.000991867
0.00059512
0.00317397
0
0.00059512
0.000198373
0.00119024
0
0.00178536
0.00119024
0.000198373
0.000198373
0.000991867
0.000396747
0.000198373
0.000198373
0
0.0311446
0.000198373
0.000396747
0.000793493
0.000396747
0.00059512
0.00158699
0.0029756
0.0029756
0.00198373
0.00436421
0.00119024
0.00317397
0.00178536
0.00972029
0.00495933
0.00218211
0.0089268
0.00733981
0.00495933
0.00654632
0.0388812
0.0158699
0.0242015
0.0299544
0.0279706
0.0251934
0.018052
0.0321365
0.011704
0.0107122
0.0174569
0.00555445
0.00654632
0.0109105
0.00733981
0.00614957
0.0059512
0.00654632
0.00357072
0.00277723
0.00119024
0.11585
0.000793493
0.000793493
0.00158699
0.00178536
0.00218211
0.00158699
0.00376909
0.000396747
0.00476096
0.00138861
0.00654632
0.00158699
0.000991867
0.0113073
0.000793493
0.000793493
0.00178536
0.00138861
0.000396747
0.000198373
0.0188455
0.000198373
0
0.000396747
0.000396747
0.000396747
0.000396747
0.00416584
0
0.00059512
0
0.00158699
0.00059512
0.00138861
0.000396747
0.000198373
0.000198373
0.000991867
0
0.000396747
0
0
0.0374926
0
0
0
0.000396747
0
0
0.00059512
0.000991867
0.000198373
0.00158699
0.000198373
0.00059512
0
0.00416584
0.00059512
0
0.000396747
0.000198373
0.000198373
0
0.0113073
0.000198373
0.000396747
0.000793493
0.00158699
0.000396747
0
0.00495933
0.000198373
0.000198373
0.00317397
0
0
0.000991867
0.000793493
0.000198373
0.00059512
0.000396747
0.000198373
0
0
0.0803412