0
0.000657462
0.00197239
0.00197239
0.00920447
0.00328731
0.00788955
0.00920447
0.00591716
0.0184089
0.00460224
0.017094
0.0138067
0.0157791
0.0184089
0.0124918
0.00788955
0.0164366
0.0111769
0.035503
0.0650888
0.0401052
0.0131492
0.00986193
0.0203813
0.00854701
0.0138067
0.00854701
0.0184089
0.00460224
0.0052597
0.00657462
0.0118343
0.00788955
0.00460224
0.0052597
0.00460224
0.00197239
0.00657462
0.00328731
0.00197239
0.00197239
0
0.0223537
0.000657462
0.000657462
0.000657462
0.00262985
0.00197239
0.00262985
0.00131492
0.00262985
0.000657462
0.000657462
0
0.000657462
0.000657462
0.00197239
0.00131492
0.000657462
0.00131492
0
0
0.000657462
0.00131492
0.00131492
0
0
0.000657462
0.00131492
0
0
0
0.000657462
0.000657462
0.000657462
0.000657462
0.00131492
0
0.00131492
0.000657462
0.000657462
0
0
0
0.00591716
0
0
0
0
0
0
0.000657462
0
0
0
0.00131492
0
0
0.00197239
0.000657462
0
0
0.000657462
0
0
0.00262985
0
0
0
0.000657462
0
0
0
0
0.000657462
0
0
0
0.000657462
0.000657462
0.000657462
0
0
0.00131492
0
0
0
0.00197239
0.000657462
0
0
0
0
0
0.000657462
0.000657462
0
0.000657462
0.000657462
0
0
0.00262985
0.000657462
0
0
0
0
0
0.00197239
0
0
0
0
0
0
0
0
0
0
0
0
0
0
0
0
0
0
0
0
0.0124918
0
0
0.000657462
0
0
0
0
0
0
0.000657462
0.00131492
0.000657462
0
0.00854701
0
0
0.000657462
0.000657462
0.00131492
0
0.0210388
0
0.00131492
0.00131492
0.000657462
0.00131492
0.000657462
0.017094
0.00394477
0.00262985
0.000657462
0.00460224
0.00394477
0.000657462
0.00262985
0
0.00262985
0.00197239
0.00131492
0.00197239
0.000657462
0
0.0407627
0
0.00197239
0.0052597
0.00197239
0.00460224
0.00460224
0.00328731
0.00131492
0.00394477
0.00591716
0.00131492
0.00394477
0.00197239
0.0131492
0.00986193
0.00131492
0.00591716
0.00788955
0.00394477
0.00131492
0.0203813
0.00657462
0.00394477
0.00262985
0.00854701
0.00328731
0.00131492
0.017094
0.00394477
0.00723208
0.00986193
0.00328731
0.00131492
0.00788955
0.00591716
0.00394477
0.00394477
0.00460224
0.00920447
0.00262985
0
0.0900723