0
0
0
0.00235294
0.00235294
0.00117647
0.00117647
0.00156863
0.000392157
0.00352941
0.000784314
0.00156863
0.000392157
0.000784314
0.00705882
0.000784314
0.00117647
0.00235294
0.00117647
0.000784314
0.00156863
0.0117647
0.00352941
0.00588235
0.0192157
0.0227451
0.0223529
0.012549
0.0156863
0.00313725
0.0027451
0.000392157
0.00509804
0.000392157
0.0027451
0.00235294
0.000392157
0.000392157
0.000784314
0.000784314
0.000392157
0
0
0.0121569
0
0
0.000392157
0.000784314
0
0
0.000392157
0.000392157
0.00117647
0.00117647
0
0.000784314
0.000392157
0.00156863
0.00117647
0.000784314
0.000392157
0.000392157
0
0
0.00196078
0
0.000392157
0.000392157
0.00117647
0.000784314
0
0.000784314
0
0
0.00117647
0
0
0.000392157
0
0
0.000392157
0
0
0
0
0.00431373
0
0
0.000392157
0
0.000392157
0
0.00156863
0
0.00156863
0
0.000784314
0.000392157
0.000392157
0.000784314
0.00117647
0.000392157
0.000784314
0
0
0
0.00196078
0
0
0.000392157
0
0.000392157
0.000392157
0.00156863
0
0
0
0.00235294
0.000392157
0.000392157
0.00156863
0.00117647
0
0.000784314
0.000784314
0.000392157
0
0
0.0117647
0
0.00117647
0.00352941
0.00117647
0.00196078
0.00117647
0.000784314
0.00352941
0.000784314
0.00470588
0.00156863
0.00509804
0.0027451
0.00901961
0.00431373
0.00705882
0.00901961
0.0113725
0.00941176
0.00862745
0.0215686
0.0133333
0.0168627
0.0207843
0.0266667
0.0301961
0.0290196
0.0482353
0.0305882
0.0431373
0.0403922
0.0180392
0.0215686
0.0376471
0.0231373
0.0105882
0.0196078
0.012549
0.00705882
0.00470588
0.00196078
0.0709804
0
0.00156863
0.00235294
0.00156863
0.00392157
0.0027451
0.0027451
0.000784314
0.00392157
0.00117647
0.00470588
0.0027451
0.000784314
0.00745098
0.000784314
0.00156863
0.00196078
0.000392157
0.00235294
0.000784314
0.0101961
0
0.000392157
0.00156863
0
0.00196078
0.000784314
0.00588235
0
0.000392157
0
0.00196078
0
0
0.000392157
0.000392157
0.00117647
0
0
0
0
0
0.00901961
0
0
0
0
0
0.000392157
0.000784314
0.000392157
0
0.000784314
0
0.000392157
0
0.00352941
0
0
0.00117647
0.000784314
0
0
0.00588235
0.000392157
0.000392157
0
0.00156863
0.000784314
0.000392157
0.00313725
0.000392157
0.00196078
0.0027451
0.000392157
0.000784314
0.00235294
0.0027451
0.000392157
0.000784314
0.00117647
0
0
0
0.0203922