0
0
0
0.00142248
0.00355619
0.0128023
0.00924609
0.0156472
0.00213371
0.0256046
0.00142248
0.029872
0.0256046
0.0135135
0.0312945
0.014936
0.0128023
0.0263158
0.0213371
0.0156472
0.0135135
0.0398293
0.00213371
0.0113798
0.0227596
0.00853485
0.027027
0.0476529
0.0512091
0.0128023
0.0213371
0.012091
0.0135135
0.00497866
0.00497866
0.0056899
0.00284495
0.00142248
0.00284495
0
0
0
0
0.00995733
0
0
0
0
0
0
0
0.000711238
0
0.000711238
0
0
0
0.000711238
0
0
0.000711238
0
0
0
0.00142248
0
0
0
0
0
0
0.00213371
0
0
0.00213371
0
0
0.000711238
0
0
0
0
0
0
0
0.00142248
0
0
0
0
0
0
0
0
0
0
0
0
0
0.000711238
0
0
0
0.000711238
0
0
0.00142248
0
0
0.000711238
0
0.000711238
0
0.000711238
0
0
0
0.00426743
0
0
0
0
0
0
0
0
0
0
0.0056899
0
0.000711238
0
0.000711238
0
0.00142248
0.00213371
0.00142248
0.00142248
0.000711238
0.00213371
0.000711238
0
0.00640114
0.00497866
0.00142248
0.00497866
0.00355619
0.0056899
0.00426743
0.0142248
0.00355619
0.00995733
0.0135135
0.0128023
0.00924609
0.0106686
0.00995733
0.00640114
0.00995733
0.00782361
0.00355619
0.00355619
0.0135135
0.00142248
0.000711238
0.00284495
0.00711238
0
0
0
0.0213371
0
0
0
0.000711238
0.00142248
0.000711238
0.000711238
0
0
0
0.000711238
0.000711238
0
0.00355619
0
0
0.00142248
0.000711238
0
0
0.00213371
0
0
0
0
0.000711238
0
0.00142248
0
0
0.000711238
0.00142248
0
0.00142248
0
0
0
0
0
0
0
0
0.0056899
0
0
0
0
0
0
0
0
0
0.00213371
0
0
0
0.00355619
0
0
0.000711238
0.000711238
0
0
0.0113798
0
0
0.000711238
0.000711238
0
0
0.00853485
0
0.000711238
0.00711238
0
0.00142248
0.00497866
0.00284495
0.00142248
0.00213371
0.000711238
0.000711238
0
0
0.11522