0
0
0
0
0
0.000292227
0.00116891
0.00175336
0
0.00204559
0.000292227
0.00146113
0.00204559
0.00146113
0.00350672
0.00087668
0.00146113
0.00116891
0.00087668
0.000584454
0.00087668
0.0108124
0.00204559
0.0105202
0.0242548
0.00964348
0.0143191
0.012858
0.0122735
0.00175336
0.00321449
0.00146113
0.00409117
0.00204559
0.00087668
0.00263004
0.00146113
0.00146113
0.00116891
0.000292227
0.00087668
0.000292227
0
0.00905903
0
0
0.000292227
0
0.00087668
0.000292227
0.00087668
0.000584454
0.00087668
0.00087668
0
0.00087668
0.000292227
0.00175336
0.000292227
0.000292227
0.00116891
0
0.000292227
0.000292227
0.00204559
0
0
0.000292227
0.000584454
0.000584454
0.000292227
0.00204559
0.000292227
0.000292227
0.000292227
0.000292227
0.000292227
0.000292227
0
0.000584454
0.000292227
0.000292227
0
0
0
0.00175336
0
0
0
0.000584454
0.000292227
0
0
0
0.00087668
0
0.00087668
0.000584454
0
0.00146113
0
0
0.00087668
0
0.000584454
0
0.00292227
0
0.000292227
0.00087668
0.000292227
0.00087668
0.00116891
0.00116891
0.000292227
0.000584454
0.00087668
0.00087668
0.000584454
0.00087668
0.000584454
0.000292227
0.000584454
0.000292227
0.000292227
0.000584454
0.000292227
0
0.0113968
0
0.00087668
0.00204559
0.00116891
0.00233781
0.00204559
0.00321449
0.00350672
0.00292227
0.00467563
0.00379895
0.00409117
0.00379895
0.00905903
0.00672122
0.00292227
0.00993571
0.00847458
0.00935126
0.00818235
0.0277615
0.019287
0.0210403
0.0175336
0.0321449
0.0315605
0.0400351
0.0458796
0.0435418
0.0452951
0.0406195
0.0201636
0.0210403
0.0330216
0.0204559
0.0163647
0.0175336
0.0113968
0.00701344
0.00496785
0.000292227
0.0584454
0.00116891
0.00146113
0.00292227
0.00409117
0.00321449
0.00263004
0.00321449
0.00146113
0.00467563
0.00116891
0.00584454
0.000584454
0.00087668
0.00613676
0.00116891
0.000584454
0.00379895
0.00116891
0.00087668
0.000292227
0.00584454
0
0.000584454
0.00146113
0.000292227
0.00146113
0.000292227
0.00175336
0
0.00146113
0.000584454
0.00233781
0.000292227
0.00146113
0.000584454
0.000584454
0.00116891
0.000584454
0.000292227
0.000292227
0
0
0.00993571
0
0
0.000584454
0
0.00087668
0.00087668
0.000292227
0.00146113
0.000292227
0.00175336
0.000292227
0.00116891
0
0.00350672
0.000584454
0
0.00175336
0.000292227
0
0.000292227
0.00379895
0.000584454
0
0
0.00204559
0.000292227
0.000584454
0.00409117
0.000584454
0.00146113
0.00233781
0.000292227
0.000292227
0.00175336
0.00175336
0.000584454
0.00116891
0
0.000292227
0.000584454
0
0.0204559