0
0.00178465
0.000594884
0.00178465
0.000594884
0.000594884
0.00178465
0
0
0.000594884
0
0
0
0
0.00237954
0
0.000594884
0
0
0
0
0
0
0.000594884
0.0035693
0.00178465
0.0035693
0.00892326
0.02558
0.0291493
0.0190363
0.0124926
0.00773349
0.00297442
0.00416419
0.00654372
0.00416419
0.00118977
0.00297442
0.000594884
0.00178465
0.000594884
0
0.0107079
0
0.000594884
0
0
0.000594884
0
0.00178465
0
0
0.00118977
0
0.000594884
0
0.00178465
0
0
0.00118977
0
0
0
0.00118977
0
0
0
0
0
0
0
0
0
0
0
0
0.000594884
0.000594884
0
0.000594884
0.000594884
0
0
0
0.00475907
0
0
0
0
0
0
0.000594884
0
0
0
0.00118977
0
0
0
0
0.000594884
0
0
0
0
0.000594884
0
0
0
0
0.000594884
0
0.00118977
0
0
0
0
0
0
0.000594884
0
0
0
0
0
0
0
0.0113028
0
0
0
0.00118977
0
0.000594884
0.00297442
0.00178465
0.00118977
0.00475907
0.00118977
0.00237954
0.000594884
0.010113
0.00654372
0.00475907
0.0130874
0.0148721
0.0172516
0.00475907
0.0333135
0.0220107
0.0232005
0.0315289
0.0422368
0.0428316
0.0315289
0.0469958
0.0232005
0.0416419
0.0440214
0.00594884
0.0160619
0.0368828
0.0232005
0.0166568
0.00892326
0.00892326
0.00178465
0.00178465
0
0.148721
0
0
0.00118977
0.00118977
0.00178465
0.00237954
0.00178465
0
0.00178465
0
0.00951814
0.000594884
0
0.0113028
0.000594884
0.000594884
0.000594884
0.00178465
0
0
0.00594884
0
0
0
0
0.00118977
0
0.0035693
0
0
0
0.000594884
0
0
0.000594884
0
0
0
0
0
0
0
0.0035693
0
0
0
0
0
0
0
0.00118977
0.000594884
0
0
0
0
0.000594884
0.000594884
0
0.000594884
0.000594884
0
0
0.00118977
0
0.000594884
0
0
0
0
0.000594884
0.000594884
0
0.000594884
0
0.00118977
0
0
0
0.00118977
0.000594884
0
0
0.000594884
0.00713861