0
0
0
0
0
0
0.000325309
0
0
0.000325309
0
0.00227716
0.000325309
0.000325309
0.000975927
0.000325309
0.000325309
0.000650618
0.000325309
0.000975927
0.00130124
0.0035784
0.000650618
0.000975927
0.00260247
0.00195185
0.00520494
0.0175667
0.0325309
0.0448926
0.00975927
0.00650618
0.0035784
0.00292778
0.00390371
0.00260247
0.00260247
0.00130124
0.00195185
0.00162655
0.000975927
0.00162655
0
0.00618087
0
0.00130124
0.00130124
0.00130124
0.00162655
0.00130124
0.000975927
0
0
0.000975927
0.000325309
0.000325309
0.000325309
0.000325309
0
0
0.000650618
0.000325309
0
0
0.000650618
0.00130124
0
0
0.000650618
0
0.000325309
0.000650618
0
0.000325309
0.000325309
0
0
0
0.000325309
0
0.000325309
0.000325309
0
0
0
0.000650618
0
0
0
0
0.000325309
0.000325309
0.000325309
0
0.000650618
0
0
0
0
0
0
0
0.000325309
0.000325309
0.000325309
0
0.000325309
0
0
0
0
0
0
0
0
0.000325309
0
0
0
0.000325309
0.000650618
0.000325309
0
0
0.000325309
0
0
0
0.00260247
0
0
0.000325309
0.000325309
0.000325309
0
0.000975927
0.000975927
0.000325309
0.00195185
0.000975927
0.00325309
0.00162655
0.00260247
0.00553025
0.00422902
0.0071568
0.00780742
0.0100846
0.0120364
0.0256994
0.0240729
0.0364346
0.0559532
0.12622
0.164281
0.107352
0.0471698
0.0289525
0.027326
0.0201692
0.00878334
0.00910865
0.00845804
0.00813273
0.00487964
0.00455433
0.00227716
0.00130124
0.00162655
0
0.00878334
0
0
0.00130124
0.000975927
0.00162655
0.000975927
0.00195185
0.000650618
0.000325309
0
0.00130124
0
0.000650618
0.000975927
0
0
0.000650618
0.000975927
0.000650618
0
0.00130124
0
0
0
0
0
0.000325309
0
0
0
0
0.000975927
0
0
0.000325309
0.000325309
0
0.000325309
0
0
0
0
0.00292778
0
0
0
0
0
0
0.000325309
0.000325309
0
0.000325309
0.000325309
0
0
0.000650618
0
0
0
0
0.000325309
0
0
0.000325309
0.000325309
0
0.000325309
0.000325309
0
0.00162655
0.000650618
0.000325309
0.000325309
0
0
0.000325309
0
0
0
0
0
0
0
0.00325309