0
0
0
0
0
0
0
0
0
0
0
0
0
0
0
0
0
0
0
0
0
0
0
0
0
0
0
0
0
0
0
0
0
0
0
0
0
0
0
0
0
0
0
0
0
0
0
0
0
0
0
0
0
0
0
0
0
0
0
0
0
0
0
0
0
0
0
0
0
0
0
0
0
0
0
0
0
0
0
0
0
0
0
0
0
0
0
0
0
0
0
0
0
0
0
0
0
0
0
0
0
0
0
0
0
0
0
0
0
0
0
0
0
0
0
0
0
0
0
0
0
0
0
0
0
0
0
0
0
0
0
0
0
0
0
0
0
0
0
0
0
0
0
0
0
0
0
0
0
0
0.000977517
0
0.000977517
0
0.00195503
0.000977517
0.00488759
0.0107527
0.0224829
0.0215054
0.0166178
0.0195503
0.0508309
0.0478983
0.0127077
0.117302
0.109482
0.0107527
0
0
0.399805
0
0
0
0.00488759
0.0185728
0.00782014
0.00879765
0
0.00488759
0
0.00391007
0.000977517
0
0.00195503
0
0
0.000977517
0
0
0
0.00977517
0
0
0
0
0
0
0.000977517
0
0
0
0.000977517
0
0
0
0
0
0
0
0
0
0
0.0136852
0
0
0
0
0
0
0
0
0
0.00293255
0
0
0
0.0146628
0
0
0
0
0
0
0.0175953
0
0
0
0.00195503
0
0
0.0127077
0
0
0.00879765
0
0
0.00195503
0
0
0
0
0
0
0
0.0117302