0
0
0
0.000840336
0
0
0
0.000840336
0
0.000840336
0
0.000840336
0
0
0.00168067
0.000840336
0.000840336
0.00252101
0.000840336
0.000840336
0.00252101
0.010084
0
0.00420168
0.00420168
0
0.00504202
0.012605
0.0168067
0.0260504
0.0176471
0.0210084
0.00840336
0.00420168
0.00420168
0.00420168
0.00420168
0.00336134
0
0.00168067
0.00336134
0
0
0.0117647
0
0.000840336
0.00168067
0.000840336
0
0.000840336
0
0.000840336
0
0.000840336
0
0
0
0
0
0
0
0.000840336
0
0
0.00252101
0
0
0
0
0
0
0
0
0
0.00168067
0
0
0
0
0
0
0
0
0
0
0.00252101
0
0
0
0
0
0
0
0
0
0
0
0
0.000840336
0
0.000840336
0
0
0
0
0.000840336
0.00252101
0
0
0
0
0.000840336
0.000840336
0
0
0
0
0.000840336
0
0
0
0.000840336
0
0.000840336
0
0
0
0
0.00672269
0
0
0.000840336
0.000840336
0.000840336
0.000840336
0.000840336
0.000840336
0.00168067
0.00252101
0.000840336
0.00504202
0.00168067
0.00420168
0.00756303
0.00168067
0.00756303
0.00588235
0.00336134
0.00840336
0.0226891
0.0151261
0.0168067
0.0428571
0.0941176
0.110924
0.0764706
0.0655462
0.0352941
0.0394958
0.0302521
0.0176471
0.0092437
0.0260504
0.010084
0.00840336
0.00420168
0.0117647
0.00252101
0.00420168
0
0.0235294
0
0.000840336
0.00168067
0.00252101
0.00168067
0.00168067
0.00252101
0.00168067
0.00168067
0
0.000840336
0.00168067
0.000840336
0
0
0
0.00168067
0
0
0
0.00840336
0
0.000840336
0
0
0
0
0.00168067
0
0
0
0.000840336
0
0
0.000840336
0.00168067
0
0.000840336
0
0
0
0
0.00672269
0
0
0.000840336
0
0
0
0
0
0
0.00168067
0
0
0
0.000840336
0.000840336
0
0.00168067
0
0
0
0.00168067
0.000840336
0
0.000840336
0.00168067
0
0.00168067
0.000840336
0
0.000840336
0.00168067
0.000840336
0
0.000840336
0.000840336
0
0.000840336
0.000840336
0
0
0
0.010084