0
0
0
0
0
0
0
0.00173611
0
0.00173611
0
0.00347222
0
0
0.00347222
0.00173611
0.00173611
0.00694444
0.00868056
0.00347222
0.00868056
0.015625
0.00173611
0.00694444
0.00520833
0.00520833
0.00868056
0.00520833
0.015625
0.00868056
0.0104167
0.00694444
0.00694444
0.00347222
0.00347222
0
0.00347222
0
0.00173611
0.00173611
0.00173611
0
0
0.015625
0
0
0
0
0
0.00173611
0
0
0
0
0
0
0
0.00173611
0.00173611
0
0
0
0
0
0
0
0
0
0
0
0
0
0
0
0
0
0
0
0
0
0
0
0
0
0
0.00520833
0
0
0
0
0
0
0
0
0
0
0.00173611
0
0
0.00173611
0
0
0
0
0
0
0.00173611
0
0
0
0
0.00173611
0
0.00173611
0
0
0
0
0
0
0
0
0
0
0
0
0
0
0.00347222
0
0
0
0
0
0
0
0
0
0.00347222
0
0
0
0.00694444
0
0.00173611
0.00520833
0.00694444
0.00347222
0
0.0225694
0
0.00520833
0.00520833
0.00868056
0.00520833
0.00694444
0.0208333
0.00347222
0.0104167
0.015625
0.00173611
0.00520833
0.00347222
0.00347222
0.00520833
0.00868056
0.00520833
0
0
0
0.190972
0
0
0.00347222
0
0.00173611
0
0.00347222
0
0.00868056
0
0.0260417
0.00173611
0
0.107639
0
0
0.00694444
0
0
0
0.0989583
0
0
0
0
0.00173611
0
0.0572917
0
0.00173611
0
0.00173611
0
0.00173611
0
0
0
0
0
0
0
0
0.0711806
0
0
0
0
0
0
0
0
0
0
0
0
0
0.00347222
0
0
0.00173611
0
0
0
0.00868056
0
0
0
0
0
0
0.00694444
0
0.00173611
0.00173611
0
0
0.00173611
0
0.00173611
0
0
0
0
0
0.0295139