0
0
0
0
0
0
0
0
0
0
0
0
0
0
0
0
0
0
0
0
0
0
0
0
0
0
0
0
0
0
0
0
0
0
0
0
0
0
0
0
0
0
0
0
0
0
0
0
0
0
0
0
0
0
0
0
0
0
0
0
0
0
0
0
0
0
0
0
0
0
0
0
0
0
0
0
0
0
0
0
0
0
0
0
0
0
0
0
0
0
0
0
0
0
0
0
0
0
0
0
0
0
0
0
0
0
0
0
0
0
0
0
0
0
0
0
0
0
0
0
0
0
0
0
0
0
0
0
0
0
0
0
0
0
0
0
0
0
0
0
0
0
0
0
0
0
0
0
0
0
0
0.000674764
0.00134953
0.000674764
0.00134953
0.00337382
0.00607287
0.00809717
0.0121457
0.0182186
0.0202429
0.0128205
0.0350877
0.0431849
0.0168691
0.112686
0.0978408
0.01417
0
0
0.431174
0
0
0
0.00134953
0.0276653
0.0074224
0.00877193
0
0.00202429
0
0.0101215
0.000674764
0
0.00337382
0
0
0.00404858
0.000674764
0
0
0.00674764
0
0
0
0
0.000674764
0
0.00607287
0
0
0
0.00269906
0
0.00134953
0
0
0
0
0
0
0
0
0.0155196
0
0
0
0
0
0
0.000674764
0
0
0.00674764
0
0
0
0.0128205
0
0
0.00202429
0
0
0
0.01417
0
0
0
0.00404858
0
0
0.0121457
0
0
0.0074224
0
0
0.00202429
0
0
0
0
0
0
0
0.00269906