0
0
0
0
0.0021645
0.000962001
0.001443
0.0108225
0.00625301
0.0132275
0.018759
0.0218855
0.017797
0.00962001
0.00841751
0.0026455
0.000962001
0.001443
0.000721501
0.000481
0
0.0002405
0
0
0
0
0
0
0
0
0
0
0
0
0
0
0
0
0
0
0
0
0
0
0
0
0
0
0
0
0
0
0
0
0
0
0
0
0
0
0
0
0
0
0
0
0
0
0
0
0
0
0
0
0
0
0
0
0
0
0
0
0
0
0
0
0
0
0
0
0
0
0
0
0
0
0
0
0
0
0
0
0
0
0
0
0
0
0
0
0
0
0
0
0
0
0
0
0
0
0
0
0
0
0
0
0
0
0
0
0
0
0
0
0
0
0
0
0
0
0
0
0
0
0
0
0
0
0
0.0002405
0
0
0
0.0002405
0.000481
0.0002405
0.000721501
0.000721501
0.000481
0.001924
0.0016835
0.000962001
0.00625301
0.00577201
0.0036075
0.00697451
0.0214045
0.003848
0
0
0.103175
0
0.0002405
0.0002405
0.00889851
0.0266955
0.00962001
0.00577201
0.0016835
0.0151515
0.000481
0.0122655
0.0146705
0.001443
0.025974
0.0002405
0.00505051
0.037999
0.0137085
0.001443
0
0.0521886
0
0
0.00962001
0
0.0772006
0.0012025
0.0411255
0
0.003848
0
0.0507456
0
0.0735931
0.012506
0.001443
0
0
0
0
0
0
0.105099
0
0
0
0
0
0.0012025
0.00841751
0.0266955
0
0.0137085
0
0.001924
0
0.0103415
0.000481
0
0.010582
0.002405
0
0
0.0132275
0
0.0002405
0.002405
0.003367
0.0002405
0
0.0012025
0.0002405
0.0002405
0.0026455
0
0
0.002886
0.0002405
0.0002405
0.000721501
0.000481
0
0
0
0.00913901