0
0
0
0
0
0.000925069
0.000462535
0.000925069
0
0.000925069
0
0.00231267
0.000462535
0.000925069
0.00231267
0.000925069
0.000462535
0.000462535
0.000925069
0.000462535
0.00601295
0.0106383
0.00462535
0.00832562
0.0212766
0.0152636
0.0124884
0.012951
0.012951
0.00370028
0.00185014
0.0013876
0.00231267
0.00277521
0.0013876
0.00231267
0.000925069
0
0.000462535
0.000462535
0
0
0
0.0101758
0
0
0.000925069
0.0013876
0
0.000462535
0.0013876
0.000925069
0
0.0013876
0
0.000462535
0
0
0.000462535
0
0.000462535
0
0
0
0.000925069
0.000462535
0
0
0.000925069
0.000925069
0
0.00185014
0
0.000462535
0.000462535
0.000462535
0
0
0
0.000462535
0
0
0
0
0
0.00323774
0
0
0
0
0
0
0
0
0
0
0
0.000462535
0
0.000925069
0
0.000462535
0.000462535
0
0.000462535
0
0.00185014
0
0
0
0.000462535
0.000925069
0
0.00185014
0
0.000462535
0
0.000925069
0
0.000925069
0.00185014
0.000462535
0.000462535
0.000925069
0.000462535
0
0
0
0.0134135
0
0
0.0013876
0.000925069
0.00231267
0.000925069
0.00323774
0.00231267
0.00323774
0.00601295
0.00277521
0.00555042
0.00416281
0.00555042
0.00786309
0.00462535
0.00832562
0.0143386
0.0148011
0.0106383
0.0314524
0.0180389
0.026827
0.0323774
0.0277521
0.03284
0.0323774
0.0559667
0.039778
0.0420907
0.0425532
0.0157262
0.0175763
0.0342276
0.0217391
0.0124884
0.013876
0.0143386
0.00416281
0.00508788
0.0013876
0.0619796
0.000462535
0.00323774
0.0013876
0.00231267
0.00323774
0.00231267
0.00370028
0.000462535
0.00740056
0.000462535
0.00370028
0.0013876
0.0013876
0.00740056
0.000925069
0.0013876
0.00277521
0.000925069
0.000925069
0.000462535
0.0115634
0
0.0013876
0.000925069
0.000462535
0.0013876
0
0.00370028
0
0
0.000462535
0.000925069
0
0
0.000925069
0.000925069
0
0.000925069
0
0
0
0
0.00786309
0
0
0.000925069
0.000462535
0
0.0013876
0.000925069
0
0
0.000925069
0.000925069
0.0013876
0.000462535
0.00185014
0.000462535
0.000925069
0.000925069
0.0013876
0.000925069
0
0.00601295
0
0
0.000925069
0
0.000462535
0
0.00416281
0.000462535
0
0.00185014
0.000462535
0
0.00185014
0.000925069
0.00185014
0
0
0.000462535
0
0
0.0148011