0
0
0
0
0.00266193
0.00221828
0.00177462
0.0137533
0.0102041
0.014197
0.0204082
0.0186335
0.0119787
0.00576752
0.00621118
0.00133097
0.00177462
0.000443656
0.00133097
0.00133097
0
0.000443656
0
0
0
0
0
0.000443656
0
0
0
0
0
0
0
0
0
0
0
0
0
0
0
0
0
0
0
0
0
0
0
0
0
0
0
0
0
0
0
0
0
0
0
0
0
0
0
0
0
0
0
0
0
0
0
0
0
0
0
0
0
0
0
0
0
0
0
0
0
0
0
0
0
0
0
0
0
0
0
0
0
0
0
0
0
0
0
0
0
0
0
0
0
0
0
0
0
0
0
0
0
0
0
0
0
0
0
0
0
0
0
0
0
0
0
0
0
0
0
0
0
0
0
0
0
0
0
0
0
0
0
0
0
0
0
0
0
0.000443656
0
0
0.000443656
0.000443656
0.000443656
0.0039929
0.000443656
0.00133097
0.00842946
0.000887311
0
0
0.0692103
0
0
0.00177462
0.0119787
0.0319432
0.00842946
0.00976043
0.00221828
0.027063
0
0.0173026
0.0133097
0.00266193
0.0217391
0
0.00709849
0.0208518
0.0159716
0.00310559
0
0.0523514
0
0
0.00887311
0
0.0842946
0.00133097
0.0425909
0
0.00310559
0
0.0705413
0
0.0944987
0.00709849
0.00133097
0.000443656
0
0
0
0
0
0.117569
0
0
0
0
0
0
0.00310559
0.0297249
0
0.0177462
0
0.000887311
0
0.0119787
0.000443656
0
0.00887311
0.00133097
0
0
0.0110914
0
0
0.000443656
0.00621118
0
0
0.0039929
0
0.00133097
0.00354925
0
0
0.00133097
0.000887311
0.00266193
0.000887311
0.000887311
0
0
0
0.0124224