0
0.00116959
0.000584795
0.000877193
0.000877193
0.000877193
0.00146199
0.00116959
0.000584795
0.00233918
0.000877193
0.00175439
0.000292398
0.000877193
0.00321637
0.000877193
0.00116959
0.00146199
0.00263158
0.00116959
0.00146199
0.00409357
0.000292398
0.00116959
0.000877193
0.00175439
0.00818713
0.0119883
0.0345029
0.0263158
0.0152047
0.0137427
0.0114035
0.00526316
0.00467836
0.00467836
0.00175439
0.000877193
0.00116959
0.000877193
0.000292398
0.000292398
0
0.00701754
0
0.000584795
0.000584795
0.000292398
0
0.000292398
0
0.000292398
0.000292398
0.000292398
0
0
0
0
0
0
0.000292398
0
0
0
0.000292398
0
0
0
0
0
0
0
0
0
0
0
0
0
0
0
0
0
0
0
0
0
0
0
0
0
0
0
0
0
0
0
0.000877193
0
0
0
0.000292398
0.000584795
0.000292398
0.000292398
0
0
0.00116959
0
0.000292398
0
0
0.000584795
0.000584795
0.000584795
0
0.000292398
0
0.000292398
0.000877193
0.000584795
0.000877193
0.000292398
0
0
0
0
0
0
0.000292398
0
0
0
0.000584795
0.000584795
0.000584795
0.000584795
0.00175439
0.000292398
0.00233918
0.000292398
0.000292398
0.00263158
0.00263158
0.00263158
0.00409357
0.00497076
0.00789474
0.0114035
0.00906433
0.0140351
0.0239766
0.027193
0.0406433
0.0944444
0.130117
0.114912
0.078655
0.0418129
0.0280702
0.0190058
0.00584795
0.00701754
0.0134503
0.0105263
0.00292398
0.00584795
0.00350877
0.00116959
0.000292398
0
0.0304094
0
0
0.00146199
0.000292398
0.00146199
0.00116959
0.00116959
0.000292398
0.00116959
0.000292398
0.00321637
0.00146199
0.000584795
0.00438596
0.000292398
0.000584795
0.000584795
0.000292398
0
0
0.00409357
0
0
0.000292398
0
0
0
0.00350877
0
0
0
0.000292398
0
0
0
0
0.000292398
0
0
0
0
0
0.00497076
0
0
0
0
0
0.000292398
0
0
0
0
0
0
0
0.00175439
0.000292398
0
0.000292398
0
0
0
0.00175439
0
0
0.000292398
0.000584795
0
0
0.00116959
0
0.000584795
0.000877193
0.000584795
0.000584795
0.000877193
0.00292398
0.000584795
0.000584795
0.000584795
0.000292398
0.000877193
0.000292398
0.0108187