0
0
0
0
0
0
0
0
0
0
0
0.00107759
0
0
0
0
0
0.00107759
0
0.00215517
0
0.00646552
0
0
0.00215517
0.00215517
0.00323276
0.00969828
0.0193966
0.03125
0.0377155
0.0204741
0.00538793
0.00969828
0.00107759
0.00538793
0.00431034
0
0.00538793
0.00215517
0.00107759
0
0
0.00969828
0
0
0
0
0
0
0.00107759
0
0
0.00107759
0
0
0
0
0
0
0.00107759
0
0
0
0.00215517
0
0
0
0.00107759
0
0
0.00215517
0
0
0.00107759
0
0
0.00107759
0
0
0
0
0
0
0
0.00323276
0
0
0
0
0
0
0
0
0
0
0.00107759
0
0
0
0
0
0
0
0
0
0.00431034
0
0
0
0
0
0
0
0
0
0
0
0
0
0.00107759
0
0
0
0
0
0
0
0.0150862
0
0
0
0
0.00107759
0
0.00323276
0
0.00107759
0.00323276
0.00107759
0.00107759
0
0.0150862
0.00107759
0
0.00323276
0.0075431
0.00538793
0
0.03125
0.00431034
0.0107759
0.0075431
0.0150862
0.0075431
0.0150862
0.0377155
0.0172414
0.0377155
0.0549569
0.0075431
0.012931
0.0280172
0.0150862
0.0118534
0.0075431
0.0118534
0.00215517
0.00107759
0
0.256466
0
0
0.00107759
0.00215517
0.00323276
0.00215517
0.00107759
0
0.00646552
0
0.0226293
0.00107759
0.00107759
0.044181
0
0
0.00323276
0.00107759
0.00107759
0
0.0215517
0
0
0
0
0.00107759
0
0.00538793
0
0
0
0.00215517
0
0.00107759
0
0.00107759
0
0
0
0
0
0
0.012931
0
0
0
0
0
0
0
0
0
0
0
0
0
0
0
0
0
0
0
0
0.00538793
0
0
0
0
0
0
0
0
0
0
0
0
0
0
0
0
0
0
0
0
0.00538793