0
0
0
0
0
0
0
0
0
0
0
0
0
0
0
0
0
0
0
0
0
0
0
0
0
0
0
0
0
0
0
0
0
0
0
0
0
0
0
0
0
0
0
0
0
0
0
0
0
0
0
0
0
0
0
0
0
0
0
0
0
0
0
0
0
0
0
0
0
0
0
0
0
0
0
0
0
0
0
0
0
0
0
0
0
0
0
0
0
0
0
0
0
0
0
0
0
0
0
0
0
0
0
0
0
0
0
0
0
0
0
0
0
0
0
0
0
0
0
0
0
0
0
0
0
0
0
0
0
0
0
0
0
0
0
0
0
0
0
0
0
0
0
0
0
0
0
0
0
0
0
0
0
0.00111607
0
0
0.00223214
0.00111607
0.00669643
0.00669643
0.00892857
0.0122768
0.0502232
0.0513393
0.0267857
0.100446
0.146205
0.0189732
0
0
0.392857
0
0
0
0.00446429
0.0178571
0.0133929
0.0122768
0
0.00892857
0
0.00446429
0.00111607
0
0.0100446
0
0
0.00223214
0
0
0
0.0100446
0
0
0
0
0.00446429
0
0.0100446
0
0
0
0.00558036
0
0.00223214
0
0
0
0
0
0
0
0
0.0122768
0
0
0
0
0
0
0
0.00111607
0
0.00558036
0
0
0
0.0145089
0
0
0.00111607
0
0
0
0.0133929
0
0
0
0.00223214
0
0
0.00334821
0
0
0.00669643
0
0
0.00334821
0
0
0
0
0
0
0
0.00334821