0
0
0
0
0
0.0014245
0.0014245
0.002849
0
0
0
0.0042735
0.002849
0
0.002849
0
0.002849
0.002849
0.0042735
0.002849
0
0.017094
0
0.0014245
0.0014245
0.002849
0.00569801
0.017094
0.0242165
0.014245
0.0156695
0.0156695
0.0042735
0.00997151
0.00712251
0.0014245
0.002849
0.002849
0.002849
0
0
0
0
0.0156695
0
0
0
0
0
0.0014245
0
0
0
0.0014245
0
0
0
0
0
0
0
0
0
0
0.0014245
0
0
0
0
0
0
0
0
0
0
0
0
0
0
0
0
0
0
0
0
0
0
0
0
0
0
0
0
0
0
0
0
0
0
0
0
0
0
0
0
0
0
0
0
0
0
0
0
0
0
0
0
0
0
0
0
0
0
0
0
0
0
0
0.0042735
0
0
0
0
0
0
0
0.0014245
0
0.0014245
0
0
0
0.0014245
0
0
0.002849
0.002849
0.00569801
0
0.0185185
0
0.00854701
0.00569801
0.0156695
0.0128205
0.00997151
0.019943
0.00569801
0.00712251
0.02849
0.00712251
0.00854701
0.00997151
0.00997151
0.00997151
0.00569801
0.002849
0.0042735
0
0
0.2151
0
0
0
0.0014245
0.002849
0.002849
0.0014245
0
0
0
0.017094
0.0014245
0
0.11396
0
0
0
0
0
0
0.0826211
0
0
0
0
0
0
0.0327635
0
0
0
0.002849
0
0
0
0
0
0
0
0
0
0
0.0612536
0
0
0
0
0
0
0
0.0014245
0
0
0
0
0
0
0
0
0
0
0
0
0.017094
0
0
0
0
0
0
0.00569801
0
0
0.0014245
0
0
0
0
0
0
0
0
0
0
0.0327635