0
0
0
0
0
0.00100806
0
0
0
0.00100806
0.00100806
0.00100806
0
0
0.00302419
0.00100806
0.00100806
0.00100806
0.00201613
0.00403226
0.00504032
0.00705645
0
0.00100806
0.00100806
0.00504032
0.0110887
0.0181452
0.0292339
0.0211694
0.00806452
0.0110887
0.00604839
0.00201613
0.00403226
0.00302419
0.00403226
0
0
0.00201613
0
0.00100806
0
0.0191532
0.00201613
0
0.00201613
0
0.00100806
0.00100806
0.00100806
0.00100806
0
0
0
0.00100806
0
0.00100806
0
0.00100806
0.00100806
0.00100806
0
0
0.00100806
0
0
0
0
0
0
0.00100806
0
0
0
0
0
0
0
0
0
0
0
0
0
0.00302419
0
0
0
0
0
0
0
0
0
0
0
0
0
0.00100806
0
0
0.00201613
0
0.00100806
0
0.00201613
0
0
0
0
0.00100806
0
0.00100806
0
0
0
0
0
0.00100806
0.00100806
0
0
0.00201613
0
0.00201613
0
0
0.00806452
0
0.00100806
0.00100806
0.00201613
0.00201613
0.00100806
0.00100806
0.00302419
0.00201613
0.00504032
0.00302419
0.00504032
0.00302419
0.00504032
0.00403226
0.00302419
0.00201613
0.0110887
0.00302419
0.00403226
0.0221774
0.016129
0.0221774
0.0403226
0.0685484
0.0947581
0.0836694
0.0987903
0.0504032
0.0383065
0.0252016
0.016129
0.00806452
0.0120968
0.0141129
0.00504032
0.00504032
0.00806452
0.00302419
0.00201613
0
0.0191532
0.00201613
0
0
0.00201613
0.00100806
0.00100806
0
0.00302419
0.00403226
0
0.00201613
0.00302419
0.00100806
0.00100806
0
0.00201613
0.00201613
0.00100806
0
0
0.00201613
0
0.00100806
0.00201613
0
0
0
0
0
0
0
0
0
0
0
0
0.00100806
0
0
0
0
0
0.00504032
0
0
0
0
0
0.00100806
0.00201613
0.00201613
0
0
0
0
0
0.00100806
0
0
0
0.00100806
0.00100806
0.00100806
0.00504032
0
0.00100806
0
0.00100806
0
0
0.00100806
0.00100806
0.00100806
0.00201613
0
0
0.00100806
0
0
0.00100806
0.00100806
0
0
0
0.00907258