0
0
0
0
0.00042517
0.00042517
0.00085034
0.00255102
0.00042517
0.00170068
0
0.00382653
0.00042517
0.00042517
0.00382653
0
0.00085034
0.00170068
0.00170068
0.00042517
0.00085034
0.0153061
0.00382653
0.0123299
0.0246599
0.0157313
0.0170068
0.0119048
0.0102041
0.00467687
0.00170068
0.00085034
0.00382653
0
0.00170068
0.00255102
0.00042517
0.00127551
0.00085034
0.00085034
0
0
0
0.0114796
0
0
0.00085034
0
0
0
0.00085034
0.00127551
0
0.00170068
0
0
0
0.00170068
0.00042517
0.00042517
0.00042517
0
0
0
0.00467687
0
0.00042517
0
0
0.00042517
0
0.00127551
0
0.00085034
0.00085034
0
0
0.00127551
0
0.00042517
0.00042517
0
0
0
0
0.00467687
0
0
0
0
0.00042517
0
0.00042517
0
0
0
0
0
0.00042517
0.00042517
0
0.00042517
0
0
0
0
0.00212585
0
0.00085034
0.00042517
0
0.00085034
0.00085034
0.00127551
0
0.00085034
0
0.00085034
0.00042517
0.00127551
0.00042517
0.00042517
0.00042517
0
0
0
0
0
0.0144558
0
0.00042517
0.00085034
0.00170068
0.00170068
0.00297619
0.00212585
0.00297619
0.00127551
0.00467687
0.0042517
0.00297619
0.00255102
0.00935374
0.0085034
0.00467687
0.0131803
0.0110544
0.00722789
0.00722789
0.0267857
0.0085034
0.0187075
0.0182823
0.0267857
0.017432
0.0267857
0.0386905
0.0352891
0.042517
0.0297619
0.0119048
0.019983
0.0331633
0.0170068
0.0127551
0.0191327
0.00807823
0.00807823
0.00297619
0.00042517
0.0765306
0.00085034
0.00042517
0.00170068
0.0042517
0.00170068
0.00127551
0.00340136
0.00212585
0.00552721
0.00042517
0.00765306
0.0042517
0.00042517
0.0102041
0.00127551
0.00127551
0.00467687
0.00212585
0.00127551
0
0.0246599
0
0
0.00085034
0
0.00297619
0.00042517
0.00595238
0
0
0
0.00255102
0.00042517
0.00170068
0.00085034
0.00127551
0.00042517
0.00042517
0
0
0
0
0.0246599
0
0
0.00042517
0.00042517
0.00042517
0
0.00042517
0.00127551
0
0.00255102
0.00042517
0.00170068
0
0.00467687
0.00042517
0.00042517
0.00085034
0
0
0
0.00510204
0.00042517
0.00085034
0.00212585
0.00170068
0.00127551
0
0.00552721
0.00085034
0.00127551
0.00255102
0
0.00170068
0.00127551
0.0042517
0.00212585
0.00170068
0.00127551
0.00042517
0
0
0.0280612