0
0
0
0
0
0
0
0.0015444
0
0
0
0.0015444
0
0
0.0030888
0.000772201
0.0023166
0.0015444
0.000772201
0.0015444
0.000772201
0.00849421
0
0.0015444
0.0023166
0.00694981
0.011583
0.0138996
0.0316602
0.011583
0.0185328
0.011583
0.00694981
0.0023166
0.0030888
0.003861
0.0015444
0.0015444
0.000772201
0.0015444
0
0
0
0.00849421
0
0
0
0
0
0
0
0
0
0
0
0
0
0
0
0
0
0
0
0
0
0
0
0
0
0
0
0
0
0
0
0
0
0
0
0
0
0
0
0
0
0.0015444
0
0
0
0
0
0
0
0
0
0
0.000772201
0
0
0
0
0
0
0
0
0
0
0
0
0
0
0
0
0
0
0
0
0
0
0
0
0
0
0
0
0
0
0
0.00617761
0
0
0
0
0
0
0
0.000772201
0
0
0
0
0
0.0015444
0.0015444
0
0.0046332
0.000772201
0.003861
0.0015444
0.0138996
0.000772201
0.0046332
0.00694981
0.015444
0.00849421
0.015444
0.0262548
0.015444
0.0177606
0.0262548
0.011583
0.00926641
0.0208494
0.011583
0.00772201
0.00540541
0.0046332
0.000772201
0
0
0.169884
0
0
0
0.000772201
0.000772201
0.000772201
0.0015444
0
0.00926641
0
0.0108108
0
0
0.0725869
0
0
0.0023166
0
0
0
0.128185
0
0
0
0
0.0015444
0
0.0169884
0
0
0
0.0030888
0
0.000772201
0
0
0
0
0
0
0
0
0.0988417
0
0
0
0
0
0
0
0.000772201
0
0.0015444
0
0
0
0.003861
0
0
0
0
0
0
0.0223938
0
0
0
0
0
0
0.003861
0
0
0
0
0
0.000772201
0
0
0
0
0
0
0
0.0401544