0
0
0
0.00121951
0
0.000609756
0
0.000609756
0
0.00121951
0
0.00121951
0.000609756
0
0.000609756
0.00182927
0.00121951
0.00182927
0.00121951
0.00121951
0.00182927
0.0054878
0.00121951
0.00792683
0.0207317
0.0176829
0.00853659
0.0054878
0.00792683
0.00182927
0.00304878
0.00121951
0.00304878
0.00121951
0.00243902
0.00182927
0
0.000609756
0.00121951
0.00243902
0
0
0
0.00853659
0
0.000609756
0
0
0
0
0.000609756
0
0.000609756
0
0
0
0
0.000609756
0
0
0.00121951
0
0.000609756
0
0.00121951
0
0
0
0
0
0
0.00121951
0
0.000609756
0
0
0
0
0.000609756
0
0
0
0
0.000609756
0
0.00365854
0
0
0
0
0
0
0.00121951
0
0.00121951
0
0.000609756
0.000609756
0
0
0.000609756
0
0.000609756
0
0.000609756
0
0.00487805
0
0
0
0.000609756
0.000609756
0.000609756
0.00121951
0
0.000609756
0
0.00243902
0.000609756
0
0.000609756
0.00121951
0
0.000609756
0.000609756
0
0.000609756
0
0.0121951
0
0.00121951
0.00182927
0.00182927
0.00121951
0.000609756
0.00365854
0.00243902
0.00182927
0.00670732
0.00182927
0.00792683
0.00304878
0.00792683
0.0109756
0.0115854
0.00914634
0.0121951
0.0128049
0.00792683
0.027439
0.0164634
0.0231707
0.0365854
0.0414634
0.0378049
0.0390244
0.052439
0.0396341
0.0365854
0.0353659
0.0189024
0.0176829
0.027439
0.0195122
0.00914634
0.0158537
0.0158537
0.00609756
0.00426829
0
0.0835366
0.000609756
0.000609756
0.00304878
0.00426829
0.0054878
0.00304878
0.00487805
0.00304878
0.00731707
0.000609756
0.00426829
0.00304878
0.00121951
0.0109756
0.000609756
0.000609756
0.00121951
0.000609756
0.00121951
0.00121951
0.0121951
0
0.00121951
0.000609756
0.000609756
0.00121951
0.000609756
0.00182927
0
0
0
0.000609756
0
0.000609756
0.000609756
0
0.000609756
0.00182927
0.00121951
0
0
0
0.00853659
0
0
0
0
0.000609756
0.00121951
0
0
0
0.00243902
0
0
0
0
0.000609756
0
0.000609756
0.000609756
0
0
0.00365854
0
0
0
0.00121951
0.000609756
0
0.00243902
0.00121951
0.000609756
0
0
0
0.00182927
0.000609756
0
0
0
0
0
0
0.0176829