0
0
0
0
0
0.000582751
0.000582751
0.000582751
0
0.000582751
0
0
0
0
0.0034965
0
0.000582751
0.00174825
0.0157343
0.018648
0.0151515
0.0332168
0
0.00757576
0.004662
0.0011655
0.00291375
0.004662
0.00524476
0
0.000582751
0
0.00174825
0
0.000582751
0.00291375
0.000582751
0
0
0
0
0
0
0.00757576
0
0
0
0
0
0
0
0
0
0
0
0
0
0
0
0
0
0
0
0
0.000582751
0
0
0
0
0
0
0
0
0
0
0
0
0
0
0
0
0
0
0
0
0.0011655
0
0
0
0
0
0
0
0
0
0
0
0
0
0
0
0
0
0
0
0
0.000582751
0
0
0
0
0
0
0
0
0
0
0
0
0
0
0
0
0
0
0
0
0
0.00174825
0
0
0
0
0
0.000582751
0
0.000582751
0
0.002331
0.000582751
0.00174825
0.000582751
0.00699301
0.002331
0.00291375
0.00641026
0.00582751
0.00874126
0.00174825
0.032634
0.00582751
0.011655
0.016317
0.025641
0.0291375
0.0285548
0.0506993
0.032634
0.0646853
0.0617716
0.0192308
0.0367133
0.0536131
0.039627
0.0227273
0.0355478
0.0174825
0.002331
0
0
0.114219
0
0
0
0.0011655
0.00291375
0.00524476
0.0034965
0
0.00699301
0
0.00932401
0.000582751
0
0.016317
0
0.000582751
0.00291375
0
0.000582751
0
0.0122378
0
0
0.000582751
0
0.000582751
0.000582751
0.00757576
0
0
0
0.000582751
0
0
0
0
0
0
0
0
0
0
0.016317
0
0
0
0
0
0
0
0
0
0.000582751
0
0
0
0.004662
0
0
0
0
0
0
0.00524476
0
0.000582751
0
0
0.000582751
0
0.0011655
0.000582751
0
0.0011655
0
0.000582751
0.000582751
0
0
0
0
0
0
0
0.0180653