0
0
0
0
0
0
0
0
0
0
0
0
0
0
0.00287356
0
0
0
0
0
0.00143678
0
0.00143678
0.00574713
0.00431034
0.00718391
0.012931
0.0100575
0.00718391
0.00431034
0.00718391
0.00574713
0.00431034
0.00287356
0.00574713
0.00431034
0
0.00143678
0
0
0.00143678
0.00143678
0
0.00862069
0
0.00143678
0
0.00143678
0
0
0.00143678
0.00143678
0
0.00143678
0
0
0
0
0
0
0.00143678
0
0
0
0.00143678
0
0.00143678
0
0
0
0
0
0
0
0
0
0
0
0
0.00143678
0
0
0
0
0
0.00431034
0
0
0
0
0
0
0
0
0.00143678
0
0
0
0
0.00287356
0
0
0
0
0
0
0.00287356
0
0
0
0
0.00143678
0
0
0
0
0
0.00143678
0.00143678
0
0
0.00143678
0.00143678
0
0.00143678
0.00143678
0
0
0.00862069
0.00143678
0
0.00143678
0
0
0.00287356
0.00718391
0.00143678
0
0.00431034
0.00287356
0.00143678
0.00143678
0.00718391
0.0100575
0.00431034
0.00574713
0.00862069
0.00287356
0.00431034
0.0201149
0.0158046
0.0143678
0.0172414
0.0201149
0.0158046
0.0287356
0.0244253
0.0215517
0.0373563
0.045977
0.0272989
0.0258621
0.0416667
0.0272989
0.0272989
0.033046
0.0287356
0.0229885
0.0344828
0.00862069
0.0833333
0
0.00862069
0.0215517
0.00574713
0.0100575
0.00862069
0.00862069
0.00862069
0.00287356
0.00431034
0.00574713
0.0100575
0.00574713
0.00862069
0.00287356
0.00287356
0.00143678
0.00287356
0.00287356
0.00143678
0.00718391
0
0.00143678
0.00143678
0.00143678
0.00143678
0
0.00287356
0.00143678
0.00143678
0.00143678
0.00143678
0
0
0.00143678
0.00287356
0
0
0.00143678
0
0
0
0.00287356
0
0.00143678
0
0.00143678
0.00143678
0
0
0
0
0
0
0.00143678
0
0
0
0
0.00143678
0
0
0
0
0
0.00143678
0
0
0
0
0
0
0
0
0
0.00143678
0
0
0
0
0
0
0
0
0.00287356