0
0
0
0
0
0
0
0
0
0.000177778
0
0.000355556
0
0
0.00124444
0
0
0.000711111
0.000711111
0.000355556
0.000888889
0.00355556
0.00142222
0.00248889
0.00853333
0.0126222
0.0252444
0.0204444
0.0163556
0.0032
0.00248889
0.000888889
0.0016
0
0.000355556
0
0
0.000177778
0.000177778
0.000177778
0
0
0
0.00142222
0
0
0
0
0
0
0
0
0.000177778
0
0
0
0
0
0
0
0
0.000177778
0
0
0
0
0
0.000177778
0
0
0
0
0
0
0
0
0
0
0
0
0.000177778
0
0
0
0
0.000888889
0
0
0
0
0
0
0
0
0
0
0
0
0
0.000355556
0
0
0.000355556
0
0
0
0.000177778
0
0
0
0
0
0
0
0
0
0
0
0
0.000177778
0
0
0
0
0
0
0
0
0.000533333
0
0
0.000177778
0
0
0.000177778
0
0.000177778
0
0.000355556
0.000177778
0
0
0.000355556
0.000355556
0.000355556
0.000888889
0.00124444
0.000711111
0.00195556
0.00568889
0.00817778
0.0096
0.0172444
0.0261333
0.0261333
0.0307556
0.0291556
0.0252444
0.0336
0.032
0.0231111
0.0213333
0.0291556
0.0229333
0.016
0.0113778
0.0170667
0.0129778
0.00515556
0
0.0698667
0
0.000177778
0.00782222
0.024
0.024
0.0112
0.0145778
0.0110222
0.0371556
0.00248889
0.0231111
0.0222222
0.0133333
0.0316444
0.00782222
0.0200889
0.0103111
0.0135111
0.0138667
0.000355556
0.0256
0
0.00106667
0.016
0.000711111
0.00586667
0.00728889
0.00835556
0
0.00888889
0.000888889
0.00355556
0.00248889
0.00355556
0.00337778
0.0032
0.00195556
0.000888889
0.000177778
0
0
0
0.00888889
0
0
0.000355556
0.000355556
0.000533333
0.00195556
0.00142222
0.0016
0
0.00124444
0
0.00106667
0
0.00124444
0.000177778
0
0.00124444
0.000355556
0.000177778
0
0.00124444
0
0
0.000177778
0.000533333
0
0
0.000711111
0
0
0.000177778
0
0.000177778
0.000533333
0.000177778
0
0.000177778
0.000533333
0.000355556
0.000177778
0
0.00337778