0
0
0
0
0
0.00104493
0
0.00104493
0
0.00104493
0
0.00104493
0
0
0.00208986
0.00104493
0
0.00208986
0.00104493
0
0.00104493
0.0031348
0
0.00417973
0.0114943
0.0104493
0.0219436
0.00731452
0.00731452
0.00208986
0.00417973
0.0031348
0.00104493
0
0.00208986
0
0.00208986
0.00104493
0.00104493
0.00104493
0
0
0
0.00208986
0
0
0
0
0
0.00104493
0
0.00104493
0
0.00104493
0
0
0
0.0031348
0.00104493
0
0
0
0
0
0
0
0
0
0
0
0
0
0
0.00104493
0
0
0
0
0
0.00104493
0
0
0
0
0
0
0
0
0
0
0
0
0
0
0
0
0
0
0
0.00104493
0
0
0.00208986
0
0
0
0.0031348
0
0
0
0
0
0
0.00104493
0
0
0
0
0
0
0
0
0
0
0
0
0
0
0.00417973
0
0
0
0.00104493
0.00208986
0.00208986
0
0
0
0.00104493
0
0.00208986
0.00104493
0.00104493
0.00208986
0
0.0031348
0.0031348
0.00940439
0.00731452
0.0177638
0.0114943
0.0198537
0.0229885
0.0219436
0.0250784
0.030303
0.0407524
0.0250784
0.0282132
0.0543365
0.0292581
0.0365726
0.0470219
0.0334378
0.0355277
0.0271682
0.0219436
0.0219436
0.0125392
0.00417973
0.0825496
0
0.0031348
0.0334378
0.0261233
0.00417973
0.0104493
0.00835946
0.00940439
0.0114943
0.00626959
0.014629
0.0031348
0.00835946
0.00731452
0.00208986
0.00417973
0.00104493
0.00417973
0.00522466
0
0.0031348
0
0
0.00208986
0
0.00104493
0.00104493
0.00208986
0
0.00104493
0
0
0
0.00104493
0.00104493
0
0
0.00104493
0
0
0
0
0.00522466
0
0
0
0
0
0
0
0
0.00104493
0.00104493
0.00208986
0.00208986
0
0
0.00104493
0
0
0
0
0
0.00104493
0.00104493
0
0
0
0
0
0
0
0
0.00208986
0
0
0.00104493
0
0
0
0
0
0
0
0.00208986