0
0
0
0
0
0.000322581
0
0
0
0.000322581
0
0
0
0
0.00193548
0.000645161
0
0.000645161
0.000645161
0.000967742
0
0.00354839
0.000322581
0.00258065
0.0083871
0.0125806
0.0251613
0.0229032
0.0125806
0.00580645
0.00354839
0.00225806
0.00193548
0.000322581
0.000967742
0.000322581
0
0
0
0.000322581
0
0
0
0.0016129
0
0
0
0
0
0
0
0.000322581
0
0
0
0
0
0
0
0
0
0
0
0
0
0
0
0.000322581
0
0
0
0
0
0
0
0
0
0
0
0
0
0
0
0
0
0.000322581
0
0
0
0
0
0
0.000322581
0
0
0
0
0
0
0
0
0
0
0
0
0
0.000645161
0
0
0.000322581
0
0
0
0
0
0.000322581
0
0.000322581
0
0
0
0
0
0
0
0
0
0
0.00129032
0
0
0.000322581
0
0
0
0.000322581
0
0
0
0
0
0
0.000967742
0.000645161
0
0.000967742
0.000967742
0.00290323
0.00451613
0.00677419
0.00677419
0.00967742
0.0132258
0.0190323
0.0235484
0.0309677
0.0332258
0.0267742
0.03
0.0325806
0.0187097
0.023871
0.0251613
0.0303226
0.0174194
0.0154839
0.0245161
0.0129032
0.00741935
0.000645161
0.0596774
0
0.00258065
0.00709677
0.0232258
0.0264516
0.00935484
0.02
0.0167742
0.0374194
0.00580645
0.0219355
0.0180645
0.0235484
0.0222581
0.00709677
0.00870968
0.0132258
0.00935484
0.0154839
0.000967742
0.0270968
0
0.00451613
0.0122581
0.000322581
0.00709677
0.00354839
0.0129032
0
0.00612903
0.000967742
0.00354839
0.00193548
0.00290323
0.00129032
0.00387097
0.0016129
0.0016129
0
0
0
0
0.00709677
0
0
0.000322581
0.000322581
0.00129032
0
0.00129032
0.000645161
0.000322581
0.000967742
0.000322581
0
0.000645161
0.000645161
0.000322581
0
0.00129032
0.000967742
0
0
0.000967742
0
0
0
0.000322581
0
0
0.000967742
0
0
0
0
0
0
0.000322581
0
0.000322581
0.000322581
0
0
0
0.00419355