0
0
0
0
0
0.0004662
0.000932401
0.0020979
0
0.000932401
0.0002331
0.0011655
0.000932401
0.0004662
0.0016317
0.000699301
0.000699301
0.0002331
0.0011655
0.000699301
0.0004662
0.0020979
0.0011655
0.00582751
0.013986
0.0261072
0.0365967
0.0216783
0.0118881
0.0039627
0.002331
0.0025641
0.0025641
0.0020979
0.000699301
0.000932401
0
0
0
0.000932401
0
0
0
0.0037296
0
0
0.0004662
0
0
0
0
0
0
0.0004662
0
0.0002331
0
0.0002331
0
0
0
0.0002331
0
0
0.0004662
0
0
0
0.0002331
0
0
0.0002331
0
0
0
0
0
0
0
0
0
0
0
0
0
0.000932401
0
0
0
0
0
0
0
0
0
0
0
0
0
0.0004662
0
0
0.0002331
0
0
0
0
0
0
0
0
0.0004662
0
0.0002331
0
0
0
0.0002331
0
0.0004662
0
0
0
0
0
0
0
0
0.0025641
0
0
0
0
0
0
0.0002331
0
0.0002331
0.0004662
0.000699301
0
0.0004662
0.0030303
0.000932401
0.000699301
0.0011655
0.002331
0.0025641
0.0018648
0.00652681
0.00582751
0.0104895
0.0167832
0.0307692
0.0344988
0.0554779
0.0596737
0.0475524
0.0445221
0.0456876
0.0156177
0.0146853
0.0223776
0.0125874
0.0100233
0.00675991
0.004662
0.0034965
0.0004662
0
0.027972
0
0.0004662
0.0004662
0.0034965
0.0025641
0.0030303
0.0027972
0.000699301
0.004662
0
0.0039627
0.0020979
0.0002331
0.00722611
0.0002331
0.0011655
0.00489511
0.0013986
0.000932401
0
0.011655
0
0.0002331
0.0018648
0
0.0030303
0.000932401
0.00792541
0
0.0025641
0.0002331
0.00536131
0.0002331
0.004662
0.0025641
0.0011655
0
0
0
0
0
0
0.0249417
0
0
0
0.0004662
0
0.000932401
0.0037296
0.0100233
0
0.0174825
0
0.000932401
0
0.0160839
0.0002331
0
0.0170163
0.00489511
0
0
0.0375291
0
0.0002331
0.00652681
0.020979
0.000932401
0
0.018648
0
0.00862471
0.0128205
0
0.000699301
0.0144522
0.0111888
0.00722611
0.0030303
0
0
0
0
0.0263403