0
0
0
0
0
0
0.00127551
0
0
0.00255102
0
0.00255102
0
0
0.00255102
0
0.00255102
0.00255102
0.00255102
0.00255102
0.00255102
0.0114796
0
0.0140306
0.0178571
0.00510204
0.0165816
0.0229592
0.0114796
0.00255102
0.00127551
0.00510204
0.00382653
0
0
0.00127551
0.00127551
0
0.00127551
0.00127551
0
0
0
0.00127551
0
0
0
0
0
0
0
0
0
0.00127551
0
0
0
0
0
0
0
0
0
0
0
0
0
0
0
0
0
0
0
0
0
0
0
0
0
0
0
0
0
0
0
0.00127551
0
0
0
0
0
0
0
0
0
0
0
0
0
0
0
0
0
0
0
0
0
0
0
0
0
0
0
0
0
0
0
0
0
0
0
0
0
0
0
0
0
0
0.00127551
0
0
0
0.00127551
0
0
0.00127551
0
0.00127551
0
0
0
0.00127551
0.00127551
0.00382653
0
0.00382653
0.00510204
0.00127551
0
0.0178571
0
0.00892857
0.0165816
0.0102041
0.0114796
0.0280612
0.0586735
0.0446429
0.0612245
0.118622
0.0612245
0.0497449
0.0688775
0.0739796
0.0280612
0.0229592
0.0306122
0.00510204
0
0
0.0637755
0
0
0
0.00127551
0.00127551
0.00127551
0
0
0.00765306
0
0.00510204
0.00127551
0
0.00382653
0
0.00255102
0
0
0.00127551
0
0.00765306
0
0
0
0
0
0
0.00127551
0
0
0
0
0
0
0
0
0
0
0
0
0
0
0.00382653
0
0
0
0
0
0
0
0
0
0
0
0
0
0.00127551
0
0
0
0
0
0
0.00382653
0
0
0
0
0
0
0
0
0
0.00255102
0
0
0
0
0
0
0
0
0
0
0.00892857