0
0.000661157
0
0.00330579
0.00330579
0.00198347
0.000661157
0.00297521
0.00165289
0.00132231
0.000661157
0.00132231
0.00198347
0.000330579
0.00198347
0.000330579
0.00231405
0.000991735
0.00165289
0.000991735
0.00132231
0.0046281
0.000991735
0.00297521
0.00363636
0.00528926
0.0092562
0.0208264
0.0370248
0.0122314
0.0122314
0.00661157
0.00727273
0.00727273
0.00495868
0.00264463
0.00297521
0.00264463
0.00264463
0.000991735
0.00165289
0
0
0.0201653
0.000330579
0
0.000991735
0.000330579
0.00132231
0.000330579
0.000661157
0.000661157
0
0.000330579
0.000330579
0.000991735
0.000330579
0.000661157
0.000330579
0.000330579
0.000661157
0.00132231
0.000330579
0
0.00264463
0.000991735
0.000991735
0.000330579
0.00132231
0.000661157
0.000330579
0.000661157
0
0.000661157
0.000991735
0
0.000330579
0.000330579
0
0
0.000661157
0
0
0
0
0.00264463
0
0
0
0
0.000330579
0
0
0
0.000661157
0
0
0.000330579
0
0.000991735
0
0
0.000330579
0
0
0
0.00165289
0
0
0
0
0
0
0.000991735
0.000330579
0
0
0.00132231
0
0
0.000330579
0.000991735
0
0.000330579
0.000330579
0.000330579
0
0
0.0165289
0.000330579
0.00132231
0.000330579
0.00132231
0.000330579
0.00132231
0.00132231
0.00198347
0.000991735
0.00330579
0.00231405
0.00297521
0.00429752
0.00495868
0.00727273
0.00330579
0.00892562
0.012562
0.00859504
0.00991736
0.0191736
0.0185124
0.0204959
0.0228099
0.0287603
0.0373554
0.046281
0.0466116
0.0310744
0.0290909
0.0310744
0.0214876
0.0178512
0.0178512
0.0115702
0.00826446
0.00826446
0.00694215
0.00528926
0.000991735
0
0.027438
0
0.000991735
0.00165289
0.00198347
0.00165289
0.000991735
0.00264463
0.000991735
0.00165289
0.000661157
0.00231405
0.00132231
0.000330579
0.00264463
0.000330579
0.000991735
0.00165289
0.000661157
0.000661157
0
0.0046281
0
0.000661157
0.000991735
0
0.000991735
0
0.00198347
0.000330579
0.000661157
0.000661157
0.000991735
0
0.000330579
0
0.000330579
0
0.000330579
0
0.000330579
0
0
0.00561983
0
0
0
0.000330579
0
0.000330579
0.000661157
0.000330579
0
0.000661157
0
0.000330579
0.000330579
0.000661157
0.000330579
0
0.000991735
0.000330579
0
0
0.00165289
0.000330579
0.000661157
0.000661157
0
0
0.000661157
0.00297521
0.000991735
0.000661157
0.00165289
0.000661157
0.000991735
0.00198347
0.00231405
0.000991735
0.000991735
0.00165289
0.00165289
0.000661157
0.000661157
0.145785