0
0
0
0.0022807
0.0180702
0.024386
0.00842105
0.00789474
0.00666667
0.0210526
0.00350877
0.0121053
0.00877193
0.00947368
0.00684211
0.00245614
0.00403509
0.00438596
0.0022807
0.00280702
0.00157895
0.00578947
0.0226316
0.0591228
0.0119298
0.00368421
0.00561404
0.00350877
0.00280702
0.00245614
0.00175439
0.00140351
0.00105263
0.000701754
0.000701754
0.00140351
0.000526316
0.000175439
0.000175439
0.000526316
0.000701754
0.000350877
0
0.00438596
0.000175439
0
0.000526316
0.000175439
0.000175439
0
0.000350877
0.000350877
0.000175439
0.000350877
0.000350877
0.000175439
0.000350877
0.000175439
0
0.000175439
0.000175439
0.000350877
0.000175439
0.000175439
0.000526316
0
0
0.000175439
0
0
0.000175439
0.000175439
0
0
0.000175439
0
0
0
0.000175439
0.000175439
0
0
0
0
0
0.00105263
0
0
0
0
0.000175439
0
0
0
0.000175439
0
0.000175439
0
0
0
0
0
0
0
0
0
0.000350877
0
0
0.000175439
0.000175439
0
0
0.000701754
0
0.000175439
0
0.000175439
0
0.000350877
0.000350877
0
0
0
0
0
0
0
0.00403509
0.000175439
0.000701754
0
0.000877193
0.000350877
0.000877193
0.00140351
0.00210526
0.000877193
0.00192982
0.000526316
0.00122807
0.00140351
0.00315789
0.00192982
0.00122807
0.00368421
0.00438596
0.00403509
0.00175439
0.00982456
0.00526316
0.00894737
0.0112281
0.0170175
0.0275439
0.0350877
0.0319298
0.0238596
0.0173684
0.015614
0.00666667
0.00929825
0.0131579
0.00964912
0.00508772
0.00526316
0.00578947
0.00263158
0.00350877
0.000526316
0.0838597
0
0.000877193
0.00122807
0.00157895
0.00175439
0.00210526
0.00350877
0.00105263
0.0122807
0
0.02
0.00140351
0.000175439
0.0350877
0.000526316
0.000350877
0.00614035
0.00157895
0.000350877
0.000175439
0.0312281
0
0
0.000175439
0
0.00175439
0
0.0208772
0
0.000175439
0.000175439
0.0022807
0.000526316
0.000701754
0.000350877
0.000350877
0.000350877
0.000350877
0.000350877
0.000175439
0
0
0.0247368
0
0
0
0.000526316
0.000701754
0.000526316
0.000877193
0.000701754
0
0.00368421
0
0.000350877
0.000175439
0.00684211
0.000350877
0.000175439
0.00315789
0.00122807
0.000175439
0.000350877
0.00894737
0
0
0.00175439
0.00280702
0.00105263
0.000175439
0.00350877
0
0.00210526
0.00438596
0.000175439
0.000526316
0.0054386
0.00403509
0.00491228
0.00508772
0.00210526
0.00105263
0.000350877
0
0.082807