0
0
0
0
0
0
0.00137174
0.00411523
0
0.00137174
0
0
0
0
0.00548697
0
0.00137174
0
0.00274348
0.00411523
0.00137174
0.0137174
0
0.0137174
0.0219479
0.00411523
0.0260631
0.0109739
0.0109739
0.00411523
0.00137174
0.00274348
0.00137174
0.00274348
0.00137174
0.00274348
0
0
0.00274348
0
0
0
0
0.00823045
0
0
0
0
0
0
0
0
0
0
0
0
0
0
0
0
0
0
0
0
0
0
0
0
0
0
0
0
0
0
0
0
0
0
0
0
0
0
0
0
0
0.00137174
0
0
0
0
0
0
0
0
0
0
0
0
0
0
0
0
0
0
0
0
0
0
0
0
0
0
0
0.00137174
0
0
0
0
0
0
0
0
0
0
0
0
0
0
0.00274348
0
0
0
0
0
0
0
0
0.00137174
0.00274348
0
0.00137174
0
0.00411523
0.00274348
0.00137174
0.00274348
0.00548697
0.00274348
0.00137174
0.0178326
0.00274348
0.00685871
0.00960219
0.00960219
0.0219479
0.0288066
0.0384088
0.0397805
0.0507545
0.104252
0.0631001
0.0699589
0.0891632
0.0521262
0.0521262
0.0192044
0.0342936
0.00960219
0
0
0.0576132
0
0
0
0.00137174
0.00411523
0
0
0
0.00411523
0
0.00274348
0
0
0.00274348
0
0
0.00137174
0
0
0
0.00137174
0
0
0
0
0
0.00137174
0.00137174
0
0
0
0
0
0
0
0
0
0
0
0
0
0
0.00411523
0
0
0
0
0
0
0
0
0
0
0
0
0
0
0
0
0
0
0
0
0.00137174
0
0
0
0
0
0
0.00274348
0
0
0.00274348
0
0
0
0
0
0
0
0
0
0
0.00823045