0
0
0
0
0
0
0
0
0
0
0
0
0
0
0.000505051
0
0
0
0
0
0
0.00252525
0
0
0
0.00151515
0.000505051
0.00252525
0.00959596
0.0343434
0.0469697
0.0222222
0.0111111
0.010101
0.0040404
0.00454545
0.00151515
0.00151515
0.0010101
0.000505051
0.00151515
0
0
0.0141414
0
0
0
0.000505051
0.0010101
0.0010101
0
0.000505051
0
0.0010101
0
0.000505051
0
0.000505051
0
0
0.0010101
0.000505051
0
0
0.00151515
0
0
0.000505051
0.000505051
0
0
0.00151515
0
0
0.000505051
0
0
0.000505051
0
0
0
0
0
0
0
0.0111111
0
0
0
0
0
0
0
0
0.0010101
0
0.0010101
0
0
0.00252525
0
0
0
0
0
0
0.00858586
0
0
0
0
0.000505051
0
0.00707071
0
0
0
0.00252525
0
0.0010101
0.0010101
0
0
0
0
0
0
0
0.0434343
0
0
0
0.0010101
0.000505051
0.0010101
0.00454545
0.00909091
0.000505051
0.0146465
0.00151515
0.00656566
0.000505051
0.0292929
0.00555556
0.00151515
0.0191919
0.0156566
0.00808081
0.00555556
0.060101
0.0151515
0.0272727
0.0353535
0.0646465
0.0570707
0.0580808
0.0823232
0.040404
0.030303
0.0267677
0.00505051
0.00252525
0.00757576
0.0030303
0.000505051
0.0020202
0.0020202
0.000505051
0
0
0.0227273
0
0.000505051
0
0
0
0
0.000505051
0.00151515
0.000505051
0.000505051
0.0030303
0.000505051
0
0.000505051
0
0.00151515
0.000505051
0.0010101
0.0010101
0
0.00252525
0.000505051
0.00252525
0
0.00252525
0.000505051
0.0010101
0.0020202
0.00252525
0
0.00252525
0.0010101
0.0010101
0.0010101
0.0010101
0.0010101
0
0.0010101
0.0010101
0.0020202
0
0
0.00454545
0.00151515
0
0.000505051
0.000505051
0.000505051
0.0010101
0.0020202
0.000505051
0.000505051
0.000505051
0.000505051
0
0
0.0020202
0.000505051
0.000505051
0.0010101
0
0.0010101
0.00151515
0.0010101
0
0.0010101
0
0.000505051
0.0010101
0.0010101
0
0
0
0
0
0
0
0
0
0
0.000505051
0
0
0
0.00808081