0
0
0
0
0
0
0
0
0
0
0
0.000443262
0
0
0.000443262
0
0.000443262
0
0
0
0
0.00132979
0
0
0.00177305
0
0.00221631
0.00576241
0.0132979
0.0496454
0.0341312
0.0190603
0.0106383
0.00487589
0.00531915
0.00265957
0.00221631
0.000443262
0
0
0
0
0
0.0137411
0
0
0
0
0
0.000443262
0
0
0
0
0
0
0
0.00132979
0
0
0.000443262
0
0
0
0.0035461
0
0
0
0.000443262
0
0
0.00177305
0
0
0
0
0
0
0
0
0
0
0
0
0
0.010195
0
0
0
0
0
0
0
0
0
0
0
0
0
0.00132979
0
0
0
0
0
0
0.010195
0
0
0
0
0
0
0.00265957
0
0
0
0.000443262
0
0.000886525
0.000443262
0
0
0
0
0
0
0
0.0602837
0
0
0
0
0.000443262
0.000443262
0.000443262
0.00310284
0.000443262
0.0124113
0.000443262
0.00265957
0
0.0234929
0.00487589
0.000443262
0.0106383
0.0132979
0.0070922
0.00132979
0.0625
0.0110816
0.0221631
0.0305851
0.052305
0.0492021
0.0704787
0.0975177
0.0598404
0.0376773
0.0265957
0.0035461
0.00265957
0.00753546
0.00487589
0.000886525
0.00132979
0.00132979
0.000443262
0.000443262
0
0.037234
0
0.000443262
0.000443262
0.000443262
0
0.000886525
0.00177305
0
0.000886525
0
0.00221631
0.000443262
0.000443262
0.0035461
0.00221631
0.000443262
0.00132979
0.00132979
0.000443262
0.00132979
0.00310284
0.000886525
0.00265957
0.00221631
0.00177305
0.00132979
0.00132979
0.00221631
0.000886525
0.00132979
0.000886525
0.000443262
0.00310284
0.00221631
0.000886525
0.000443262
0.000443262
0.000443262
0.000443262
0.000443262
0.000886525
0
0.00443262
0.000443262
0
0.000443262
0.000886525
0
0.000886525
0.000886525
0
0.000443262
0.000443262
0.000443262
0.000443262
0.00132979
0.000886525
0.000443262
0.000443262
0.000886525
0.00132979
0.000886525
0.000886525
0.000443262
0
0
0.00132979
0.000443262
0.000886525
0
0.000443262
0.000443262
0.000443262
0.000886525
0
0
0
0
0
0
0
0
0
0
0.00620567