0
0
0
0.00142248
0.000711238
0.000711238
0
0.000711238
0
0
0
0.000711238
0.000711238
0.00142248
0.000711238
0.00142248
0.00142248
0
0.00142248
0.00142248
0.00142248
0.00355619
0.00142248
0.00355619
0.00213371
0.0056899
0.0056899
0.012091
0.0320057
0.0163585
0.00924609
0.0156472
0.00924609
0.00711238
0.00284495
0.00284495
0.00355619
0.00213371
0.00284495
0.00142248
0
0.00142248
0
0.00995733
0.000711238
0.000711238
0.00142248
0.00213371
0
0.000711238
0.000711238
0.00142248
0.000711238
0.00142248
0.00284495
0.000711238
0.00142248
0.00497866
0.00355619
0
0.00497866
0.000711238
0.00284495
0
0.00426743
0.0056899
0.00213371
0.00213371
0.00711238
0.00213371
0
0.00640114
0.00355619
0.00284495
0.0056899
0
0.00284495
0.00284495
0.00142248
0
0.00284495
0.000711238
0.00142248
0
0
0.00497866
0
0
0
0.00213371
0
0
0.000711238
0.000711238
0.00355619
0
0.00142248
0
0
0
0
0
0
0
0.000711238
0
0.00213371
0
0.00142248
0.000711238
0
0.000711238
0.000711238
0.00355619
0
0.00142248
0
0.00142248
0.000711238
0.00355619
0.000711238
0.000711238
0
0
0.00213371
0
0
0
0.0128023
0
0
0
0.000711238
0.00213371
0.000711238
0.00426743
0.00284495
0.000711238
0.00426743
0.00355619
0.00426743
0.00284495
0.00497866
0.00426743
0.0056899
0.0128023
0.00995733
0.00497866
0.00711238
0.0113798
0.012091
0.0213371
0.0163585
0.0312945
0.0291607
0.0291607
0.0384068
0.044808
0.0405405
0.0341394
0.0234708
0.0192034
0.0234708
0.0142248
0.012091
0.0135135
0.0056899
0.00711238
0.00142248
0.00142248
0.0312945
0.000711238
0.00426743
0.00426743
0.00640114
0.00355619
0.00213371
0
0.00284495
0.0056899
0.000711238
0.00426743
0.00426743
0.00142248
0.0056899
0.000711238
0
0.000711238
0.00284495
0
0.000711238
0.00426743
0
0.00213371
0
0.000711238
0.000711238
0.00142248
0.000711238
0
0
0.000711238
0.00355619
0
0.00142248
0.000711238
0.000711238
0.000711238
0
0
0.000711238
0
0
0.00995733
0
0
0
0.00142248
0.000711238
0.000711238
0.00142248
0.000711238
0
0.00142248
0.00142248
0
0
0.00284495
0.000711238
0
0.000711238
0.000711238
0
0
0.00284495
0.000711238
0.000711238
0.000711238
0.000711238
0.00213371
0.000711238
0.00142248
0
0.00213371
0.00284495
0
0
0.00142248
0.00284495
0.000711238
0.000711238
0.000711238
0.00142248
0.000711238
0
0.0483642