0
0
0
0
0.000342936
0.00102881
0.000342936
0.000342936
0
0.000342936
0.000342936
0.000685871
0.000342936
0
0.00102881
0.000342936
0.000342936
0.000342936
0.00102881
0.000342936
0.000685871
0.00102881
0.000685871
0.00102881
0.000685871
0.00102881
0.00445816
0.0291495
0.0754458
0.0195473
0.00960219
0.00754458
0.00342936
0.00342936
0.00342936
0.00171468
0.00102881
0.00137174
0.000342936
0.000342936
0.000342936
0.000685871
0
0.00377229
0.000342936
0
0.00137174
0.000342936
0.00102881
0.000685871
0.000685871
0
0.000685871
0.000685871
0.000342936
0.000685871
0.000342936
0.000685871
0.000342936
0
0.00171468
0
0
0
0.00137174
0.000685871
0
0.00137174
0.000342936
0
0.000342936
0.00102881
0
0.000685871
0
0.000342936
0.000342936
0.000685871
0.000342936
0.000342936
0.000342936
0.000342936
0
0.000342936
0
0.00308642
0
0.00102881
0
0.000342936
0.000342936
0.000342936
0.000342936
0.000342936
0.000342936
0.000342936
0.00171468
0.00137174
0
0
0
0
0.000342936
0.000685871
0
0.000685871
0.00171468
0.000342936
0
0.000685871
0
0.00205761
0.000342936
0.00377229
0.000685871
0.00102881
0.000342936
0.00205761
0.000342936
0.00205761
0.00205761
0.00240055
0.000685871
0.00102881
0.00205761
0.000342936
0.000342936
0
0.0514403
0.000685871
0.000342936
0.00102881
0.00137174
0.00377229
0.00308642
0.00445816
0.00308642
0.0048011
0.0048011
0.00342936
0.00445816
0.00411523
0.0102881
0.00754458
0.0058299
0.00994513
0.0102881
0.0109739
0.0130315
0.0219479
0.0154321
0.0243484
0.0274348
0.0438957
0.0428669
0.0387517
0.026749
0.0195473
0.0168038
0.0174897
0.00754458
0.00754458
0.0130315
0.010631
0.00651577
0.00754458
0.00514403
0.00274348
0.00171468
0.00240055
0.0356653
0.00102881
0.00171468
0.00205761
0.00240055
0.00240055
0.00274348
0.00274348
0.000342936
0.00308642
0.00171468
0.00445816
0.00137174
0.000342936
0.00411523
0.000685871
0.000342936
0.00171468
0.00274348
0.000685871
0.000342936
0.0048011
0.000685871
0.000342936
0.00102881
0.000685871
0.00240055
0.00205761
0.00342936
0
0.000342936
0.00102881
0.000685871
0.000685871
0.000342936
0.000685871
0.000685871
0.000685871
0.000685871
0
0
0.000685871
0
0.00377229
0
0
0
0
0.00102881
0.000685871
0.000685871
0
0
0.000685871
0.00102881
0.000342936
0
0.00102881
0
0
0.000342936
0.00102881
0.00137174
0.000342936
0.00102881
0.000685871
0.000685871
0.000342936
0
0.00171468
0.00137174
0.00102881
0
0.000685871
0.00137174
0.000342936
0.00102881
0.00102881
0.000342936
0.000342936
0.000342936
0.00137174
0
0.000342936
0
0.127572