0
0
0
0
0.000207039
0
0.000414079
0.00186335
0
0.00144928
0
0.00144928
0.000414079
0.000207039
0.00124224
0.000414079
0.000621118
0.000828157
0.000414079
0.000621118
0.000621118
0.00289855
0.0010352
0.00641822
0.015942
0.0184265
0.0304348
0.0233954
0.0153209
0.00393375
0.00269151
0.00124224
0.00186335
0.00207039
0.000621118
0.0010352
0.000828157
0.000414079
0.000621118
0.000828157
0
0
0
0.0010352
0
0
0
0
0.000207039
0
0
0
0
0
0
0.000207039
0
0.000207039
0.000207039
0
0.000621118
0.000207039
0
0
0.000414079
0
0
0
0.000621118
0
0
0.000207039
0
0
0.000621118
0
0
0
0
0
0
0
0
0
0
0.000621118
0
0
0
0
0
0
0
0
0
0
0.000207039
0
0
0.000207039
0
0
0.000207039
0
0
0
0.000414079
0
0
0
0
0
0
0
0
0
0
0
0
0
0
0
0
0
0
0
0
0
0.00165631
0
0
0
0
0.000207039
0
0
0.000828157
0
0.000414079
0
0.000207039
0
0.00248447
0.000621118
0.000207039
0.00186335
0.000207039
0.00331263
0.00207039
0.00766046
0.00434783
0.00973085
0.0188406
0.0430642
0.0432712
0.0701863
0.0869565
0.0590062
0.0590062
0.0409938
0.00993789
0.010766
0.0153209
0.0128364
0.00621118
0.00745342
0.00600414
0.00331263
0.000207039
0
0.0227743
0
0.000207039
0.000828157
0.000828157
0.00289855
0.00207039
0.00186335
0.000207039
0.00269151
0
0.00227743
0.00165631
0
0.00351967
0
0.0010352
0.00144928
0.00227743
0.000621118
0
0.00766046
0
0
0.00207039
0
0.00248447
0.0010352
0.00414079
0
0.00124224
0
0.00351967
0
0.00248447
0.0010352
0.0010352
0
0.000207039
0
0
0
0
0.0227743
0
0
0
0
0
0.000207039
0.00393375
0.00973085
0
0.0109731
0
0.00331263
0
0.0161491
0.000414079
0
0.0182195
0.00538302
0
0
0.0300207
0
0.000621118
0.00786749
0.0167702
0.00434783
0
0.0213251
0
0.00973085
0.0115942
0
0.00207039
0.010559
0.010766
0.00538302
0.00248447
0.000828157
0
0
0
0.0242236