0
0
0.001221
0.000610501
0
0.000610501
0
0.000610501
0
0.000610501
0
0.0018315
0
0
0.0018315
0.000610501
0.002442
0.000610501
0.001221
0.000610501
0.002442
0.01221
0
0.0213675
0.02442
0.010989
0.0250305
0.025641
0.00976801
0.0018315
0.00732601
0.003663
0.0030525
0.002442
0.000610501
0.001221
0
0.001221
0.001221
0
0.000610501
0
0
0.0128205
0.000610501
0
0
0
0
0.001221
0
0
0.000610501
0
0.000610501
0
0
0.0018315
0.000610501
0
0
0
0.001221
0
0.000610501
0.000610501
0
0.000610501
0
0.001221
0
0.000610501
0
0
0.000610501
0
0
0.000610501
0
0.000610501
0.001221
0.000610501
0
0.000610501
0
0.000610501
0.000610501
0
0
0
0.000610501
0.000610501
0
0
0.000610501
0
0.000610501
0.000610501
0
0
0
0.000610501
0
0
0
0.000610501
0.000610501
0.000610501
0
0
0
0.000610501
0.001221
0.001221
0.001221
0.0018315
0
0
0
0.0018315
0.000610501
0
0
0
0
0
0.001221
0.000610501
0.0128205
0
0.000610501
0.000610501
0.000610501
0.002442
0
0.001221
0
0.000610501
0.0018315
0.000610501
0.001221
0.001221
0.0030525
0.001221
0
0.001221
0.0018315
0.002442
0.002442
0.00732601
0.00793651
0.013431
0.00915751
0.023199
0.0274725
0.0274725
0.031746
0.0433455
0.0409035
0.0512821
0.0360195
0.0299145
0.047619
0.0396825
0.00976801
0.00854701
0.014652
0.003663
0
0
0.0262515
0
0
0.001221
0.001221
0.001221
0.000610501
0.0018315
0
0.0018315
0
0.001221
0.000610501
0.001221
0.001221
0
0.000610501
0.0018315
0.001221
0.001221
0
0.002442
0
0
0.0018315
0
0
0
0.000610501
0.000610501
0.000610501
0.000610501
0
0
0
0.000610501
0
0
0
0
0.000610501
0
0
0.002442
0
0
0
0
0
0.000610501
0
0
0
0
0
0
0.000610501
0.000610501
0
0
0.000610501
0.001221
0
0
0.001221
0
0
0.0018315
0.000610501
0
0
0.000610501
0
0
0.000610501
0.000610501
0
0.000610501
0
0
0.000610501
0
0
0
0.000610501
0.213675