0
0.00126126
0.00162162
0.00216216
0.00216216
0.00216216
0.00216216
0.00396396
0.00288288
0.00630631
0.00234234
0.00504505
0.00342342
0.0018018
0.0045045
0.00108108
0.00216216
0.0036036
0.00288288
0.00252252
0.0027027
0.00612613
0.00234234
0.00252252
0.00468468
0.00486486
0.00864865
0.0187387
0.0475676
0.0158559
0.00918919
0.00810811
0.00738739
0.00468468
0.00468468
0.00342342
0.00126126
0.00144144
0.000900901
0.00036036
0.000720721
0.00018018
0
0.00594595
0
0.00018018
0
0.00036036
0
0.00036036
0
0.00018018
0.00018018
0.000540541
0
0.000540541
0
0.00018018
0.00036036
0.00018018
0
0
0
0
0.00018018
0.00018018
0
0.00018018
0.00018018
0
0
0
0
0
0
0
0
0.00018018
0
0
0.00018018
0.00018018
0
0
0
0.00108108
0
0
0
0
0
0
0.00018018
0
0.00018018
0
0.00018018
0
0
0.000540541
0
0
0.00036036
0
0.00018018
0
0.000540541
0
0
0.00018018
0
0
0
0.00018018
0
0
0
0
0.00018018
0.000540541
0.00036036
0.00018018
0.00036036
0
0
0
0
0
0.00684685
0
0.00036036
0.000720721
0.000720721
0
0.00036036
0.00108108
0.00126126
0.000720721
0.0027027
0.00126126
0.00288288
0.00216216
0.00378378
0.00612613
0.00504505
0.00576577
0.00774775
0.00936937
0.00756757
0.0136937
0.0133333
0.0174775
0.0255856
0.0457658
0.0515315
0.045045
0.0407207
0.032973
0.0322523
0.0322523
0.0172973
0.0124324
0.0156757
0.0133333
0.00756757
0.00792793
0.00576577
0.00378378
0.00198198
0.00036036
0.0497297
0.00036036
0.000900901
0.00162162
0.00234234
0.00198198
0.00216216
0.00378378
0.000720721
0.00828829
0.00018018
0.00630631
0.00198198
0.00144144
0.00648649
0.00036036
0.00108108
0.00378378
0.00162162
0.00036036
0.00036036
0.00774775
0
0.000900901
0.000720721
0.00036036
0.00162162
0.00036036
0.00378378
0
0.000900901
0.000540541
0.00324324
0.00036036
0.00234234
0.000900901
0.00018018
0.000540541
0.00036036
0.00018018
0
0
0
0.0163964
0
0
0.00018018
0.000540541
0.000720721
0.000720721
0.00126126
0.00144144
0.000720721
0.00288288
0.000720721
0.000720721
0.00018018
0.00288288
0.00144144
0
0.00288288
0.00036036
0.000720721
0.00018018
0.00684685
0.00018018
0.00216216
0.0018018
0.0027027
0.000720721
0.00162162
0.00558559
0.00126126
0.00252252
0.0027027
0.000720721
0.00126126
0.00378378
0.00216216
0.00198198
0.00306306
0.0027027
0.0018018
0.00198198
0.00018018
0.0672072