0
5.61104e-005
0.000168331
0.000280552
0.000504994
0.00145887
0.000841656
0.00145887
0.000336663
0.00252497
0.000280552
0.0026933
0.0016272
0.000841656
0.0048255
0.000448883
0.000897767
0.00224442
0.00140276
0.000729436
0.000224442
0.00785546
5.61104e-005
0.000729436
0.00218831
0.000729436
0.00297385
0.00611604
0.0158231
0.0230053
0.0258669
0.0148132
0.00937044
0.00314218
0.00319829
0.00280552
0.00129054
0.000785546
0.000673325
0.000561104
0.000112221
0
0
0.021322
0
0
0.000336663
0.000224442
5.61104e-005
0.000168331
0.000504994
0.000673325
0.000280552
0.00123443
5.61104e-005
0.000336663
5.61104e-005
0.00207609
0.000112221
0
0.000561104
0.000336663
0
0
0.00302996
0
5.61104e-005
0.000112221
0.000168331
0.000112221
0
0.00123443
5.61104e-005
5.61104e-005
0.000280552
0
0.000112221
0.000168331
0
0.000112221
5.61104e-005
0
0
0
0
0.00656492
0
0
0
0
5.61104e-005
0.000112221
5.61104e-005
0
0.000336663
0
0.000224442
0
0
0.00117832
0
0
0.000336663
0.000112221
0.000168331
0
0.00342274
5.61104e-005
0
0.000392773
0
0.000448883
0.000112221
0.00157109
5.61104e-005
0.000392773
0
0.00112221
0.000224442
0.000336663
0.000392773
0.000504994
0.000112221
0.000392773
0.000168331
0
0
0
0.0246325
0
0.000224442
0.000617215
0.000841656
0.000448883
0.000504994
0.00190775
0.00207609
0.000953877
0.00493772
0.00173942
0.00274941
0.00134665
0.0125126
0.00426439
0.0016272
0.00735047
0.00634048
0.00465717
0.00280552
0.0329368
0.0113343
0.0183481
0.0349568
0.0536977
0.0560543
0.0465155
0.0575693
0.0237908
0.0239592
0.0272697
0.00572326
0.010156
0.0200875
0.015262
0.00875323
0.00746269
0.00448883
0.00218831
0.00117832
0.000168331
0.112221
5.61104e-005
0.000168331
0.000617215
0.000841656
0.00123443
0.000841656
0.0021322
0.000112221
0.00280552
0
0.00471328
0.000561104
0.000280552
0.00830434
0.000168331
0.000336663
0.00100999
0.000448883
5.61104e-005
0.000112221
0.0137471
0
0
0.000280552
0
0.000617215
0.000112221
0.00308607
0
5.61104e-005
0
0.00129054
5.61104e-005
0.000280552
0.000224442
0.000112221
5.61104e-005
5.61104e-005
5.61104e-005
0
0
0
0.0228369
0
0
0
0
5.61104e-005
0.000168331
0.000168331
0.000336663
0
0.000729436
5.61104e-005
0.000280552
0
0.00280552
0.000280552
0.000112221
0.000561104
0.000168331
5.61104e-005
0
0.00908989
0.000112221
0.000112221
0.000224442
0.000785546
0.000280552
5.61104e-005
0.0037594
0.000168331
0.000280552
0.00201998
5.61104e-005
0.000112221
0.00129054
0.000504994
0.000224442
0.000392773
0.000168331
5.61104e-005
0
0
0.0515094