0
0
0
0
0
0
0
0
0
0
0
0
0.00250627
0
0.00250627
0.00250627
0
0
0
0
0
0.00250627
0.00250627
0
0.0125313
0.0125313
0.0350877
0.0100251
0.0075188
0.00250627
0.00501253
0.00250627
0
0.0100251
0.00501253
0.00501253
0
0
0
0.00250627
0.00501253
0
0
0.0075188
0
0
0
0
0
0
0
0
0
0
0
0
0
0.00250627
0
0
0
0
0
0
0
0
0
0
0
0
0
0
0
0
0
0
0
0
0
0
0
0
0
0
0
0.00250627
0
0
0
0
0
0
0
0
0
0
0
0
0
0
0
0
0
0
0
0
0
0
0
0
0
0
0
0
0
0
0
0
0
0
0
0
0
0
0
0
0
0
0.00501253
0
0
0
0
0
0
0
0.00250627
0
0
0
0
0
0.00250627
0
0
0.00250627
0.00250627
0.00250627
0
0.0200501
0.0175439
0.0125313
0.0175439
0.0501253
0.0401003
0.047619
0.0802005
0.047619
0.0701754
0.100251
0.075188
0.0501253
0.0651629
0.0401003
0.0225564
0.0175439
0.00501253
0.00501253
0.0075188
0
0.0175439
0
0
0.00501253
0.00250627
0
0.00250627
0.00501253
0
0.00250627
0
0.00250627
0
0
0.00250627
0
0
0
0
0
0
0.00250627
0
0
0
0
0
0
0.00250627
0
0
0
0
0
0
0
0
0
0
0
0
0
0
0.00250627
0
0
0
0
0
0
0
0
0
0
0
0
0
0
0
0
0
0
0
0
0
0
0
0
0
0
0
0
0
0
0
0
0
0
0
0
0
0
0
0
0
0.00250627