0
0
0
0
0
0.00195122
0.00097561
0.00097561
0
0.00243902
0
0.00146341
0.000487805
0.000487805
0.00536585
0.000487805
0.00146341
0.00439024
0.00829268
0.00536585
0.0302439
0.04
0
0.0190244
0.00682927
0.00243902
0.00536585
0.00195122
0.00243902
0
0.00146341
0
0.000487805
0
0.00097561
0.000487805
0.000487805
0
0
0
0
0
0
0.00341463
0
0
0
0
0
0
0
0
0
0
0
0
0
0
0
0
0
0
0
0
0
0
0
0
0
0
0
0.000487805
0
0
0
0
0
0
0
0
0
0
0
0
0
0
0
0
0
0
0
0
0
0
0
0
0
0
0
0
0
0
0
0
0
0
0
0
0
0
0
0
0
0.000487805
0
0.000487805
0
0
0
0
0
0
0
0
0
0
0
0
0.00146341
0
0
0
0
0
0
0.000487805
0
0
0.000487805
0
0.00097561
0
0.00243902
0.00195122
0.00097561
0.00487805
0.00243902
0.00439024
0.00243902
0.015122
0.00487805
0.00926829
0.0170732
0.015122
0.0121951
0.0156098
0.0443902
0.0307317
0.0570732
0.0541463
0.00780488
0.0239024
0.0370732
0.0370732
0.0258537
0.0263415
0.0146341
0.000487805
0
0
0.137073
0
0
0
0
0.00439024
0.00634146
0.0117073
0
0.0112195
0
0.0160976
0.00390244
0
0.0107317
0
0.00097561
0.00439024
0.00146341
0
0
0.0160976
0
0
0
0
0.00487805
0.000487805
0.0136585
0
0.000487805
0
0.00390244
0
0.00243902
0.00195122
0.000487805
0
0
0
0
0
0
0.0204878
0
0
0
0
0
0.000487805
0.00097561
0.00195122
0
0.00439024
0
0.000487805
0
0.00390244
0.000487805
0
0.00195122
0
0
0
0.0126829
0
0
0.00146341
0.00585366
0.000487805
0
0.00731707
0.00097561
0.000487805
0.00390244
0.00097561
0.00195122
0.00243902
0.00439024
0.00341463
0.00341463
0.00487805
0.00682927
0
0
0.0278049