0
0.000553633
0.000692042
0.00083045
0.00110727
0.000553633
0.000415225
0.000415225
0.000692042
0.00110727
0.000276817
0.000553633
0.00083045
0.000553633
0.000553633
0.000415225
0.00124567
0.000415225
0.00124567
0.000968858
0.000692042
0.0016609
0.000692042
0.00110727
0.000692042
0.00083045
0.00152249
0.0016609
0.00221453
0.00124567
0.00124567
0.00083045
0.00152249
0.00262976
0.00276817
0.0033218
0.00415225
0.00207612
0.00221453
0.00249135
0.00221453
0.00318339
0.00235294
0.117509
0.00138408
0.000968858
0.00152249
0.000968858
0.00138408
0.0016609
0.00193772
0.00179931
0.0016609
0.00207612
0.00124567
0.00110727
0.000692042
0.00110727
0.00083045
0.000276817
0.00138408
0.00152249
0.000138408
0.000553633
0.00124567
0.000553633
0.000415225
0.000553633
0.000692042
0.000276817
0.000553633
0.000692042
0.000138408
0.000138408
0.00138408
0.000138408
0.000415225
0.000415225
0.000276817
0.000415225
0.000138408
0.000553633
0
0.000138408
0.000138408
0.00262976
0
0.000138408
0.000276817
0.000276817
0.000553633
0.000553633
0.000415225
0.000415225
0.000692042
0.000415225
0.000553633
0.000276817
0.000415225
0.00110727
0.000415225
0.000553633
0.000415225
0.000415225
0.000276817
0.000553633
0.00152249
0
0.000553633
0.000692042
0.000415225
0.000692042
0.000415225
0.00152249
0.000415225
0.000968858
0
0.00138408
0.000692042
0.00138408
0.00152249
0.00110727
0.00083045
0.00138408
0.00110727
0.00110727
0.00110727
0.000138408
0.200554
0.00359862
0.00802768
0.0112111
0.00761246
0.00816609
0.00927336
0.0120415
0.0103806
0.0103806
0.00982699
0.0117647
0.0138408
0.0107958
0.0106574
0.0101038
0.00871972
0.0112111
0.00747405
0.00941176
0.00871972
0.00802768
0.00802768
0.00955017
0.00968858
0.0101038
0.00885813
0.00692042
0.00802768
0.00595156
0.00719723
0.0066436
0.00456747
0.00442907
0.00692042
0.00567474
0.00456747
0.00415225
0.00276817
0.00193772
0.00276817
0.00193772
0.0066436
0.00193772
0.0016609
0.00152249
0.00249135
0.00124567
0.00083045
0.00179931
0.000553633
0.00152249
0.000692042
0.000968858
0.000968858
0.000968858
0.00083045
0.000415225
0.000553633
0.000415225
0.000138408
0.000692042
0.000692042
0.00083045
0.000415225
0.000276817
0.000692042
0.000138408
0.000276817
0.000692042
0.000553633
0.000138408
0.000138408
0.000692042
0.00083045
0
0
0.000138408
0.000553633
0.000138408
0.000692042
0.000138408
0
0.000138408
0
0.00235294
0
0.000138408
0.000138408
0.000553633
0.000692042
0
0.000276817
0.000138408
0.000553633
0.000276817
0.000415225
0.000553633
0.000276817
0.000415225
0.000415225
0.000138408
0
0.000276817
0.000138408
0
0.000968858
0.000968858
0.000692042
0.000415225
0.000968858
0.000553633
0.000138408
0.000415225
0.000553633
0.000276817
0.000692042
0.000138408
0.000553633
0.000968858
0.000553633
0.000553633
0.000415225
0.000692042
0.00083045
0.000138408
0.000415225
0.184775