0
0.00128008
0.0015361
0.00179211
0.00256016
0.00128008
0.00128008
0.00281618
0.00128008
0.00281618
0.000768049
0.00358423
0.0030722
0.00230415
0.00588838
0.00691244
0.015617
0.0243216
0.0281618
0.0227855
0.0110087
0.00819252
0.000256016
0.00384025
0.00332821
0.00256016
0.00281618
0.00256016
0.00358423
0.0015361
0.0015361
0.000256016
0.0015361
0.00256016
0.00128008
0.00281618
0.0030722
0.00102407
0.00128008
0.00102407
0.00128008
0.000768049
0
0.00870456
0.000256016
0.0015361
0.000768049
0.000768049
0.000512033
0.000768049
0.000768049
0.000256016
0.000768049
0.000768049
0.000256016
0
0.000256016
0.000512033
0.000512033
0
0.0015361
0
0
0
0.000768049
0.000256016
0.000256016
0
0.000512033
0.000512033
0.000512033
0.00102407
0
0.000256016
0.000768049
0
0
0.000768049
0
0.000512033
0
0
0.000256016
0
0
0.0015361
0
0
0.000256016
0.000256016
0.000256016
0
0.000512033
0
0.00128008
0
0.000256016
0
0.000768049
0
0.000512033
0.000256016
0.000512033
0.000256016
0.000256016
0.000512033
0.000768049
0
0.000512033
0.00102407
0.000256016
0.000256016
0.000768049
0.00230415
0.000512033
0
0.00102407
0.000768049
0.00102407
0.00128008
0.000768049
0.00102407
0.000512033
0.000512033
0.00102407
0.000768049
0.00102407
0
0.00716846
0.000768049
0.0015361
0.00102407
0.00128008
0.00179211
0.00179211
0.00230415
0.00204813
0.00102407
0.0030722
0.00230415
0.00384025
0.00102407
0.0030722
0.00281618
0.00128008
0.00588838
0.00230415
0.0030722
0.00486431
0.00742448
0.00460829
0.00563236
0.00588838
0.00742448
0.00537634
0.00537634
0.0115207
0.00896057
0.0217614
0.0335381
0.0197133
0.0381464
0.0335381
0.0396825
0.016129
0.0207373
0.0110087
0.0125448
0.00691244
0.000768049
0.0824373
0.000256016
0.00102407
0.00435228
0.00691244
0.00793651
0.00435228
0.00998464
0.00204813
0.0143369
0.000256016
0.0235535
0.00512033
0.0015361
0.0225294
0.00204813
0.00128008
0.00947261
0.00256016
0.000256016
0
0.0276498
0
0
0.00128008
0.000256016
0.00640041
0.000768049
0.0202253
0
0.00204813
0.000768049
0.00896057
0.000512033
0.0015361
0.00128008
0.000512033
0.000256016
0
0.000256016
0
0
0
0.0302099
0
0
0
0.000256016
0.000512033
0.000768049
0.000512033
0.00281618
0.000512033
0.00486431
0.000256016
0.000256016
0.00102407
0.00537634
0.000768049
0
0.00281618
0.00179211
0.000256016
0.000256016
0.0117768
0.00128008
0.000768049
0.00102407
0.00281618
0.00128008
0.000256016
0.0030722
0.000768049
0.000768049
0.00281618
0.0015361
0.00179211
0.0015361
0.000768049
0.00256016
0.00128008
0.00128008
0.00128008
0.00230415
0
0.0227855