0
0
0.00195313
0.00195313
0.00195313
0
0
0.000976563
0.000976563
0.00195313
0
0.00195313
0
0.00195313
0.00488281
0
0.000976563
0.00390625
0.00390625
0.000976563
0.000976563
0.000976563
0
0.00292969
0.0205078
0.0449219
0.00878906
0.00683594
0.00390625
0.00878906
0.00585938
0.00390625
0.00195313
0.00390625
0
0.000976563
0.000976563
0.00292969
0
0.000976563
0
0.00195313
0
0.00683594
0.000976563
0
0.000976563
0
0.000976563
0.000976563
0
0
0.000976563
0
0
0.000976563
0.000976563
0.000976563
0.000976563
0.000976563
0
0
0.000976563
0.000976563
0.00292969
0
0
0.00195313
0
0.000976563
0.00195313
0.00195313
0.000976563
0.000976563
0
0
0.000976563
0
0
0
0
0.000976563
0
0
0
0.00292969
0
0
0
0
0
0
0
0
0.000976563
0
0.000976563
0.000976563
0
0
0
0.000976563
0.000976563
0.000976563
0.000976563
0.000976563
0.000976563
0
0
0.000976563
0
0
0.000976563
0.00195313
0
0.00195313
0.000976563
0
0
0.000976563
0
0
0
0.000976563
0
0.000976563
0
0
0.00292969
0.000976563
0.000976563
0.000976563
0.000976563
0
0.000976563
0
0
0
0.000976563
0.000976563
0.00390625
0.00195313
0.00585938
0.00585938
0.00292969
0.0136719
0.00683594
0.00878906
0.00488281
0.0078125
0.00683594
0.0117188
0.00878906
0.0175781
0.015625
0.0175781
0.0322266
0.03125
0.0292969
0.0351563
0.0205078
0.0244141
0.0341797
0.0283203
0.0224609
0.0263672
0.0205078
0.0185547
0.00878906
0.00683594
0.0771484
0.00195313
0.000976563
0.00683594
0.00585938
0.0078125
0.0078125
0.00683594
0.00585938
0.00683594
0.000976563
0.0078125
0.000976563
0.00390625
0.00878906
0.000976563
0.00292969
0.00488281
0.000976563
0
0
0.00488281
0
0.000976563
0.00195313
0
0.00488281
0.00292969
0.000976563
0.00195313
0.000976563
0
0
0
0
0.00292969
0.000976563
0.000976563
0.000976563
0.000976563
0
0
0
0.0117188
0
0
0.000976563
0
0
0.00390625
0.00195313
0
0.00292969
0.00195313
0.000976563
0.00390625
0
0.00292969
0
0
0.00292969
0.00488281
0.000976563
0
0.00292969
0.00195313
0.0078125
0.000976563
0.00488281
0.00488281
0.00488281
0.00878906
0.00585938
0.00292969
0.00488281
0.00195313
0.00195313
0.00488281
0.00292969
0.00195313
0.00292969
0.000976563
0.00292969
0
0
0.00878906