0
0
0
0
0.000392157
0
0
0
0.000392157
0.00117647
0
0.000392157
0.00117647
0
0.000784314
0.000392157
0.00117647
0.000392157
0.00156863
0.00156863
0
0.00196078
0.00352941
0.00941176
0.0262745
0.0431373
0.0188235
0.00352941
0.00588235
0.00235294
0.00313725
0.00156863
0.00627451
0.0027451
0.00117647
0
0.0027451
0.00156863
0.00156863
0.000392157
0.000392157
0.000784314
0
0.00627451
0.000392157
0.000392157
0.00235294
0.000784314
0
0.000392157
0.00117647
0.00117647
0.000784314
0.00235294
0.000784314
0.000392157
0
0.000784314
0.000392157
0
0.00156863
0.000784314
0.000784314
0
0.00196078
0
0.000392157
0
0.000392157
0.000392157
0
0.00117647
0
0
0.000784314
0
0
0.000392157
0
0
0.000392157
0.000784314
0
0
0
0.00313725
0
0.000392157
0
0
0.000392157
0
0
0
0.000392157
0.000392157
0.000392157
0
0.000392157
0.00156863
0.000392157
0
0
0
0.000784314
0
0.00156863
0
0.000392157
0
0.000392157
0.00156863
0.000784314
0.000784314
0.000392157
0.000392157
0.000392157
0
0
0.00117647
0.000784314
0.000392157
0.000784314
0.000392157
0.000392157
0
0
0
0.0121569
0.000784314
0.000392157
0.00117647
0.00392157
0.000392157
0.00235294
0.00196078
0.00235294
0.00431373
0.00313725
0.00392157
0.00392157
0.0027451
0.00666667
0.00352941
0.00470588
0.0113725
0.00862745
0.00901961
0.00862745
0.0164706
0.00901961
0.00941176
0.0184314
0.0211765
0.0282353
0.0411765
0.0388235
0.0333333
0.0360784
0.034902
0.0172549
0.0239216
0.0254902
0.0137255
0.0247059
0.0278431
0.0168627
0.00705882
0.00666667
0.00196078
0.126275
0.000784314
0.00156863
0.00235294
0.0054902
0.00392157
0.00352941
0.0109804
0.000392157
0.012549
0.000784314
0.0133333
0.00156863
0.00196078
0.00901961
0
0.00156863
0.00470588
0.000392157
0.00117647
0.00117647
0.00666667
0.000392157
0.000392157
0.00156863
0.000392157
0.00313725
0.000392157
0.00117647
0.000392157
0.00117647
0.000392157
0.00392157
0.00117647
0.000784314
0.00117647
0
0
0
0.00117647
0
0
0
0.00352941
0
0
0.000784314
0.000784314
0.000392157
0
0.000392157
0.000784314
0.000392157
0.000392157
0.000392157
0.000784314
0.000392157
0.000392157
0.000392157
0.000392157
0.00196078
0
0
0
0.00196078
0
0.00117647
0
0.0027451
0.000784314
0
0.00196078
0.000392157
0
0.00196078
0
0.000392157
0.000784314
0
0
0.000392157
0.000784314
0
0.000784314
0
0.00352941