0
0.00113071
0.00203528
0.00158299
0.00248756
0.00316599
0.00293985
0.0027137
0.00203528
0.00339213
0.0027137
0.00248756
0.00158299
0.00316599
0.00339213
0.00248756
0.000452284
0.00180914
0.00180914
0.00226142
0.00226142
0.00497512
0.00203528
0.00226142
0.00248756
0.00158299
0.00226142
0.00248756
0.00248756
0.00135685
0.00158299
0.00203528
0.00158299
0.00158299
0.000678426
0.0027137
0.00113071
0.000904568
0.00135685
0.00226142
0.00158299
0.000678426
0.000452284
0.157847
0.000452284
0.000226142
0.000678426
0
0.00113071
0.000452284
0.000452284
0.00113071
0.000452284
0.000226142
0.000226142
0.000678426
0.000226142
0.000452284
0.00113071
0
0.000904568
0.000678426
0.000226142
0
0.000452284
0
0
0.000226142
0.000678426
0.000452284
0
0.00113071
0.000226142
0
0.000226142
0
0
0.000226142
0.000226142
0.000226142
0
0.000452284
0.000226142
0
0
0.00135685
0
0
0
0.000452284
0.000226142
0
0
0
0
0
0.000452284
0.000226142
0.000226142
0.000226142
0
0.000226142
0.000678426
0.000226142
0
0.000226142
0.000452284
0
0.000678426
0.000678426
0.000226142
0.000226142
0.000678426
0.000904568
0
0.000226142
0.000904568
0.00135685
0.000226142
0.000678426
0.000452284
0.000226142
0.000226142
0.000452284
0.000904568
0.000678426
0
0
0.0135685
0.000226142
0.000226142
0.000904568
0.000226142
0.000904568
0.00158299
0.000452284
0.000678426
0.000904568
0.00248756
0.000678426
0.00248756
0.00203528
0.00158299
0.00293985
0.00158299
0.00474898
0.00474898
0.00361827
0.00361827
0.00949796
0.00791497
0.0085934
0.0085934
0.0122117
0.0101764
0.0199005
0.0232926
0.0244233
0.0226142
0.0176391
0.0108548
0.00881954
0.0113071
0.0101764
0.0070104
0.00474898
0.00768883
0.00452284
0.0042967
0.000678426
0.0264586
0
0.00203528
0.00316599
0.00293985
0.00248756
0.000226142
0.00158299
0.00203528
0.00407056
0.00135685
0.00158299
0.00203528
0.0027137
0.0070104
0.000678426
0.00158299
0.0027137
0.00113071
0.00113071
0.00113071
0.00610583
0.000226142
0.000904568
0.00180914
0.000904568
0.00113071
0.000904568
0.00293985
0
0.00203528
0.000678426
0.00158299
0.00203528
0.00158299
0.000678426
0.000452284
0.000678426
0.00158299
0.000678426
0.000904568
0.000678426
0
0.0101764
0
0.000452284
0.000904568
0.000452284
0.000452284
0.00135685
0.00135685
0.000452284
0.000678426
0.00226142
0.000904568
0.000904568
0.000904568
0.00497512
0.00248756
0.00113071
0.000678426
0.00113071
0.00113071
0.000452284
0.00407056
0.00135685
0.0027137
0.00248756
0.00316599
0.00226142
0.00203528
0.00407056
0.00203528
0.00497512
0.00587969
0.00633198
0.0042967
0.00633198
0.00881954
0.00746269
0.0104025
0.00474898
0.00452284
0.00814111
0
0.215513