0
0
0
0
0
0
0
0.0012275
0
0.000818331
0
0
0.000409165
0
0
0
0
0
0
0
0
0.000409165
0
0
0
0
0
0
0
0
0
0
0
0
0
0
0
0
0
0
0
0
0
0.000409165
0
0
0
0
0
0
0
0
0
0
0
0
0
0
0
0
0
0
0
0
0
0
0
0
0
0
0
0
0
0
0
0
0
0
0
0
0
0
0
0
0
0.000409165
0
0
0
0
0
0
0
0
0
0
0
0
0
0
0
0
0
0
0
0
0
0
0
0
0
0
0
0
0
0
0.000409165
0
0
0
0
0.000409165
0
0
0
0
0
0
0.000818331
0
0
0.000409165
0
0
0.000409165
0.000818331
0.000409165
0.000409165
0.000409165
0
0.0012275
0.0012275
0.00163666
0.00245499
0.00163666
0.00327332
0.00368249
0.00245499
0.000818331
0.00654664
0.00286416
0.00245499
0.00368249
0.00531915
0.00286416
0.000818331
0.0102291
0.000409165
0.00245499
0.0143208
0.000818331
0
0.0216858
0.00818331
0.0012275
0.000818331
0.000409165
0
0
0
0.290507
0
0.000409165
0.000409165
0
0.000409165
0.000409165
0.00245499
0
0.00859247
0
0.0429624
0
0
0.128887
0
0.000409165
0.00368249
0.0012275
0
0
0.0806056
0
0
0.000818331
0
0.0012275
0.000409165
0.0278232
0
0
0
0.00450082
0
0.0012275
0.000409165
0
0
0
0
0
0
0
0.044599
0
0
0.000409165
0.000409165
0
0
0.000818331
0.00327332
0
0.00654664
0
0
0
0.0192308
0
0
0.00654664
0.000409165
0
0
0.0237316
0
0
0.00327332
0.0130933
0.00163666
0
0.0257774
0
0.0167758
0.0175941
0
0.0012275
0.0126841
0.0212766
0.0282324
0.0135025
0.000409165
0
0
0
0.0294599