0
0.0085389
0.0189753
0.0170778
0.00948767
0.0199241
0.00664137
0.016129
0.0104364
0.0104364
0.0028463
0.0085389
0.00664137
0.00379507
0.0170778
0.00474383
0.0056926
0.00379507
0.00664137
0.000948767
0.0028463
0.00948767
0
0.000948767
0
0.000948767
0.0028463
0.000948767
0.00759013
0
0.00189753
0.000948767
0.00189753
0
0.000948767
0
0
0
0
0
0
0
0
0.0132827
0
0
0.000948767
0.000948767
0
0
0
0.000948767
0
0.000948767
0
0
0
0.000948767
0
0.000948767
0
0
0
0
0
0
0
0
0
0.000948767
0
0.000948767
0.000948767
0
0
0
0
0
0
0
0
0
0.000948767
0
0
0.0028463
0
0
0
0
0
0
0
0
0.000948767
0
0
0
0.000948767
0
0
0
0.00189753
0
0
0
0
0
0.000948767
0
0
0.00189753
0.000948767
0.00189753
0
0
0
0
0
0.000948767
0
0
0
0
0
0
0
0
0.00759013
0
0
0.00189753
0.00189753
0.000948767
0
0.00189753
0.00474383
0.0028463
0.000948767
0.00379507
0.0028463
0
0.00664137
0.00474383
0.00379507
0.0085389
0.00474383
0.00474383
0.00189753
0.00759013
0.000948767
0.0056926
0.00189753
0.0104364
0.0028463
0.00664137
0.00759013
0.0028463
0.0028463
0.00379507
0.000948767
0.000948767
0.00379507
0.0056926
0.00189753
0.00189753
0.0028463
0.000948767
0.000948767
0
0.0502846
0
0.000948767
0
0.00189753
0.0028463
0
0.0028463
0
0.000948767
0.000948767
0.012334
0.00189753
0.000948767
0.016129
0.00189753
0.00379507
0.000948767
0.00189753
0.000948767
0.00189753
0.0398482
0.000948767
0.00189753
0.00189753
0.000948767
0.00379507
0
0.028463
0
0.00189753
0
0.00379507
0.000948767
0
0
0.00189753
0.000948767
0
0.000948767
0.000948767
0
0
0.0512334
0
0
0
0.0028463
0
0.00189753
0.000948767
0.00189753
0.000948767
0.0056926
0.000948767
0.00379507
0
0.0199241
0.0028463
0
0.0028463
0.00189753
0
0.000948767
0.0341556
0.000948767
0.00474383
0.0028463
0.000948767
0.00474383
0.00379507
0.0170778
0.00379507
0.00664137
0.0142315
0.0056926
0.00474383
0.0056926
0.0104364
0.0085389
0.00664137
0.0170778
0.0180266
0.012334
0.016129
0.126186