0.000251004
0.00828313
0.0115462
0.0150602
0.0343876
0.0504518
0.0267319
0.0219629
0.0163153
0.0232179
0.0131777
0.0249749
0.0136797
0.0140562
0.0348896
0.00928715
0.0101657
0.0227159
0.0138052
0.0117972
0.00941265
0.0554719
0.00426707
0.00828313
0.0136797
0.00451807
0.0202058
0.0106677
0.033258
0.00401606
0.00891064
0.00464357
0.0155622
0.00552209
0.0100402
0.00753012
0.00589859
0.00263554
0.00251004
0.00263554
0.00138052
0.000502008
0.000376506
0.0504518
0.00062751
0.000251004
0.00062751
0.00062751
0.000125502
0.00062751
0.00163153
0.000878514
0.00138052
0.00188253
0.000376506
0.000502008
0
0.00251004
0.00062751
0
0.00100402
0.000125502
0.000125502
0
0.00363956
0
0.000251004
0.000125502
0.000251004
0.000125502
0
0.00150602
0
0.000125502
0.000502008
0
0
0.000502008
0
0.000376506
0
0
0
0
0
0.00376506
0
0
0
0
0
0
0.000251004
0
0.000251004
0
0
0
0
0.000125502
0
0
0.000251004
0
0
0.000125502
0.00112952
0
0
0
0
0.000125502
0
0.00062751
0
0.000125502
0
0.000125502
0
0.000125502
0.000251004
0.000251004
0
0.000125502
0.000125502
0
0
0
0.00313755
0
0
0.000502008
0.000251004
0.000125502
0.000125502
0.000753012
0.000376506
0.000251004
0.00062751
0.000376506
0.000125502
0.000125502
0.000502008
0
0.000376506
0.00062751
0.000376506
0.000753012
0.000502008
0.00225904
0.000878514
0.000753012
0.000878514
0.00163153
0.00225904
0.00125502
0.00188253
0.00263554
0.00251004
0.00213353
0.00100402
0.00125502
0.00175703
0.00163153
0.000502008
0.00125502
0.00138052
0.000878514
0.000878514
0
0.00941265
0.000125502
0.00062751
0.00062751
0.00150602
0.00125502
0.00163153
0.00100402
0.000376506
0.00150602
0.000753012
0.00150602
0.00112952
0.00112952
0.00288655
0.000502008
0.00112952
0.00100402
0.00062751
0.00175703
0.00125502
0.00401606
0.000125502
0.00150602
0.00163153
0.000753012
0.00150602
0.00213353
0.00389056
0.000376506
0.00200803
0.000251004
0.00213353
0.00175703
0.000878514
0.00251004
0.00125502
0.00100402
0.00125502
0.00125502
0.000251004
0.000125502
0
0.0110442
0
0.000502008
0.000878514
0.00225904
0.00138052
0.00150602
0.00138052
0.00213353
0.00150602
0.00188253
0.00150602
0.00138052
0.00112952
0.00301205
0.00288655
0.00125502
0.00175703
0.00251004
0.00188253
0.000753012
0.00765562
0.00138052
0.00225904
0.00251004
0.00263554
0.00225904
0.00188253
0.0062751
0.00238454
0.00213353
0.00414157
0.00313755
0.00251004
0.0061496
0.00514558
0.00338855
0.00577309
0.00589859
0.0064006
0.00778112
0.0064006
0.0791918