0
0.0061394
0.00415312
0.00397255
0.00325027
0.00252799
0.00162514
0.00216685
0.00216685
0.00325027
0.00216685
0.00631997
0.00252799
0.00523655
0.00505598
0.00415312
0.0061394
0.00722282
0.0061394
0.00595883
0.00830625
0.00975081
0.00631997
0.00884796
0.0061394
0.00812568
0.0122788
0.00884796
0.0122788
0.00740339
0.0110148
0.0113759
0.00776454
0.0092091
0.0119177
0.0139039
0.0111954
0.00938967
0.0128205
0.0110148
0.00794511
0.00559769
0.00162514
0.0534489
0.00288913
0.00758397
0.00758397
0.00650054
0.00577826
0.00812568
0.00559769
0.0092091
0.00559769
0.00595883
0.00469484
0.00668111
0.00379198
0.00812568
0.00270856
0.00343084
0.00379198
0.00325027
0.00180571
0.00126399
0.00794511
0.00216685
0.00325027
0.00126399
0.00234742
0.00216685
0.000541712
0.00288913
0.000902853
0.00180571
0.00234742
0.000361141
0.00162514
0.00325027
0.000180571
0.00162514
0.00144456
0.00108342
0.000361141
0.000541712
0
0.00631997
0
0.000361141
0.000361141
0.00108342
0.000722282
0.000541712
0.000722282
0.000541712
0.00126399
0.000361141
0.00180571
0.000722282
0.000902853
0.00487541
0.000361141
0.000902853
0.000541712
0.00126399
0.000541712
0.000361141
0.00433369
0
0.000541712
0.000722282
0
0.00126399
0
0.0030697
0
0.00108342
0
0.00216685
0.000361141
0.000722282
0.000361141
0.00108342
0.000361141
0
0.000180571
0
0.000180571
0
0.0166125
0
0.000541712
0
0.000541712
0.000902853
0.000722282
0.000541712
0.00180571
0.000902853
0.00252799
0.000180571
0.000541712
0.000541712
0.00234742
0.00180571
0.000361141
0.00252799
0.00252799
0.00252799
0.00144456
0.00541712
0.00234742
0.00379198
0.00397255
0.00505598
0.00541712
0.00704225
0.0106537
0.00650054
0.00957024
0.010112
0.00541712
0.00668111
0.00957024
0.00686168
0.00541712
0.00577826
0.00487541
0.00198628
0.00397255
0
0.0220296
0.000361141
0.00126399
0.00180571
0.00162514
0.00270856
0.00252799
0.00234742
0.00144456
0.00252799
0.000541712
0.00234742
0.00198628
0.00108342
0.00343084
0.000541712
0.000722282
0.00162514
0.00144456
0.000902853
0.000722282
0.00397255
0.000361141
0.000180571
0.000722282
0.000361141
0.00144456
0.000722282
0.00288913
0.00108342
0.000902853
0.000902853
0.000722282
0.00144456
0.00162514
0.000722282
0.00108342
0.000722282
0.00108342
0.000722282
0.000902853
0.000180571
0
0.00541712
0.000361141
0.000541712
0.00108342
0.000541712
0.000902853
0.000180571
0.00126399
0.00108342
0.00144456
0.00126399
0.000902853
0.00144456
0.000902853
0.00198628
0.00162514
0.00108342
0.00144456
0.00198628
0.00108342
0.000902853
0.00686168
0.00288913
0.00343084
0.00252799
0.0030697
0.0030697
0.00397255
0.00505598
0.00505598
0.00505598
0.0061394
0.00397255
0.00631997
0.0092091
0.00722282
0.00938967
0.00975081
0.0130011
0.0263633
0.0254605
0.0142651
0.033225