0
0.00114773
0.00188555
0.00262338
0.00286932
0.00524676
0.00459092
0.00516478
0.00893589
0.0312346
0.038039
0.0378751
0.0269716
0.0227906
0.0209051
0.0156583
0.0172159
0.0181177
0.0196754
0.0164781
0.0154124
0.0270536
0.0122151
0.017052
0.0218069
0.0163142
0.0248401
0.0194294
0.0277914
0.0133628
0.0193474
0.012871
0.0192655
0.0145926
0.0148385
0.0129529
0.00836203
0.00688637
0.00770618
0.00623053
0.00614855
0.00286932
0.000327923
0.0645188
0.00196754
0.00270536
0.0025414
0.00360715
0.00278734
0.00270536
0.00278734
0.00270536
0.00114773
0.00262338
0.000983768
0.0025414
0.000737826
0.00319725
0.00172159
0.000573865
0.00204952
0.00180357
0.00131169
0.000573865
0.00163961
0.00122971
0.000983768
0.000983768
0.000901787
0.000491884
0.000245942
0.000983768
0.000901787
0.00106575
0.000819807
0.000409903
0.000737826
0.000737826
0.000573865
0.000655845
0.000819807
0.000491884
0.000573865
0.000327923
0
0.00221348
8.19807e-005
0.000163961
8.19807e-005
0.000491884
0.000409903
0.000163961
0.000327923
0.000245942
0.000819807
0.000491884
0.000737826
0.000491884
0.000409903
0.000573865
0.000245942
0.000491884
0.000737826
0.000327923
0.000163961
0.000163961
0.000655845
0.000163961
0.000163961
0.000245942
0.000163961
0.000327923
0.000983768
0.000245942
0.000163961
0.000491884
0.000327923
0.000409903
0.000409903
0.000491884
0.000655845
0.000327923
0.000245942
8.19807e-005
0.000163961
0.000327923
0.000409903
0.000245942
0.00729628
0.000163961
8.19807e-005
0.000327923
8.19807e-005
0.000245942
8.19807e-005
0
8.19807e-005
0.000245942
8.19807e-005
0.000163961
8.19807e-005
8.19807e-005
0.000327923
0.000245942
8.19807e-005
0.000327923
0
0.000163961
8.19807e-005
0.000409903
0.000573865
8.19807e-005
0.000327923
0.000163961
0
8.19807e-005
0.000327923
0.000163961
0.000245942
0.000327923
0.000245942
0.000245942
0.000163961
0.000327923
0.000245942
0.000245942
0.000163961
0.000245942
0.000245942
0.000245942
0.00122971
0
0.000163961
0.000163961
0.000163961
0.000409903
0.000245942
0.000245942
8.19807e-005
0.000491884
0
0.000245942
0.000409903
0.000409903
0.000163961
0.000327923
0.000163961
0.000163961
0.000245942
0.000327923
0.000163961
0.000819807
0.000163961
8.19807e-005
0.000163961
0.000245942
0.000163961
0.000573865
0.000491884
0
0.000245942
0.000327923
0.000163961
8.19807e-005
0
0.000491884
0.000163961
0
0.000163961
8.19807e-005
8.19807e-005
8.19807e-005
0.000163961
0.00500082
0
8.19807e-005
8.19807e-005
8.19807e-005
0.000245942
8.19807e-005
0.000327923
0.000245942
8.19807e-005
0.000245942
0.000245942
0.000573865
0
0.000655845
0.000327923
8.19807e-005
0.000327923
0.000491884
0.000163961
0.000163961
0.00155763
0.000327923
0.000819807
0.000327923
0.000655845
0.00114773
0.000491884
0.00163961
0.000983768
0.000901787
0.00147565
0.000327923
0.000573865
0.000983768
0.000819807
0.00106575
0.00122971
0.0021315
0.000819807
0.000819807
0.000901787
0.180767