0
0.0268336
0.0208706
0.0190817
0.0143113
0.0131187
0.00775194
0.0143113
0.00536673
0.00834824
0.00357782
0.00775194
0.000596303
0.00596303
0.00775194
0.00178891
0.00298151
0.00477042
0.00357782
0.00298151
0.00298151
0.019678
0
0.00536673
0.0101372
0.00298151
0.00775194
0.00477042
0.0220632
0.00119261
0.00834824
0.00178891
0.0161002
0.00596303
0.00655933
0.00775194
0.00298151
0.000596303
0.00417412
0.00178891
0
0
0
0.0733453
0
0
0.00238521
0.00178891
0.00178891
0.00417412
0.00536673
0.00536673
0.000596303
0.0107335
0.000596303
0.00417412
0
0.0155039
0.000596303
0
0.00715563
0.00119261
0
0
0.0161002
0
0
0.000596303
0.00238521
0
0
0.00954085
0
0.00119261
0.00119261
0
0
0.00298151
0.00238521
0.00238521
0.000596303
0
0
0
0
0.0220632
0
0
0
0
0
0
0
0
0.00238521
0
0.00178891
0
0
0.00417412
0
0.000596303
0.00178891
0
0.000596303
0
0.0131187
0
0
0.00119261
0
0.00178891
0
0.00178891
0
0.00119261
0
0.00119261
0
0.00119261
0.000596303
0
0.00178891
0.00119261
0.000596303
0.000596303
0
0
0.0149076
0
0
0.000596303
0.000596303
0.000596303
0.000596303
0.00119261
0.00178891
0.00178891
0.00119261
0.00238521
0.00238521
0.00178891
0.00298151
0.00357782
0.00238521
0.00834824
0.00238521
0.00357782
0.00477042
0.00894454
0.00238521
0.00655933
0.00536673
0.00834824
0.00954085
0.00715563
0.00954085
0.00477042
0.00655933
0.00477042
0.00417412
0.00536673
0.00417412
0.00238521
0.00238521
0.00357782
0.00119261
0.00238521
0.000596303
0
0.0107335
0
0.00178891
0.00178891
0.00238521
0.00178891
0.00119261
0.00178891
0.00119261
0.00357782
0.00119261
0.00357782
0.000596303
0.00178891
0.00178891
0.00178891
0.00119261
0.00178891
0.00119261
0.00119261
0.00119261
0.00238521
0
0.00119261
0.00119261
0
0.00238521
0.000596303
0.00357782
0.000596303
0.00178891
0.00119261
0.00298151
0.000596303
0
0.000596303
0.00178891
0.000596303
0.00119261
0.000596303
0.000596303
0.000596303
0
0.00596303
0
0
0.00119261
0
0
0.000596303
0.00238521
0.00178891
0.000596303
0.000596303
0.00119261
0.00238521
0.00119261
0.00119261
0.00298151
0.000596303
0.00238521
0.000596303
0.000596303
0.00178891
0.00357782
0.000596303
0.000596303
0.00298151
0.00119261
0.00119261
0.00238521
0.00298151
0.00477042
0.00417412
0.00357782
0.00298151
0.00536673
0.00834824
0.00417412
0.0119261
0.0220632
0.0161002
0.0161002
0.0178891
0.0274299
0.0471079