0.00787306
0.056686
0.0565649
0.0314922
0.0167151
0.00932655
0.00787306
0.00726744
0.00436047
0.00472384
0.00314922
0.00496609
0.00375484
0.00278585
0.00448159
0.00230136
0.00242248
0.00278585
0.00520833
0.00387597
0.00145349
0.00545058
0.000847868
0.0025436
0.00327035
0.00133236
0.00266473
0.00266473
0.0025436
0.000847868
0.00157461
0.000968992
0.00242248
0.00230136
0.00230136
0.00145349
0.000968992
0.00109012
0.00121124
0.00060562
0.000363372
0
0
0.0105378
0.000121124
0.000726744
0.000242248
0.000363372
0.000484496
0.000847868
0.00060562
0.000242248
0.000121124
0.000968992
0.000121124
0.00060562
0.000363372
0.00121124
0.000242248
0.000121124
0.000847868
0.000363372
0.000121124
0
0.00218023
0.000121124
0.000363372
0.000242248
0.000363372
0.000242248
0.000121124
0.000968992
0.000242248
0.00060562
0.00060562
0
0.000121124
0.000363372
0.000363372
0.000363372
0.000121124
0.000484496
0.000121124
0
0
0.00205911
0
0
0
0.000242248
0.000242248
0.000121124
0.00060562
0
0.00060562
0
0.000726744
0.000242248
0.000121124
0.00121124
0.000121124
0.000726744
0.000484496
0.000121124
0.00060562
0
0.000847868
0
0
0.000726744
0.000121124
0.000726744
0.000363372
0.00145349
0.000363372
0.000484496
0.000121124
0.000847868
0.000363372
0.000484496
0.00121124
0.000726744
0.000484496
0.00060562
0.00060562
0.000363372
0
0
0.0106589
0.000242248
0.000121124
0.00121124
0.000726744
0.00109012
0.000968992
0.000847868
0.00181686
0.00145349
0.0035126
0.00169574
0.00193798
0.00242248
0.00472384
0.00484496
0.00423934
0.0065407
0.0060562
0.00641957
0.00545058
0.0100533
0.00617733
0.00690407
0.00726744
0.00981105
0.00702519
0.00738857
0.00981105
0.00545058
0.00508721
0.00569283
0.00363372
0.00339147
0.00508721
0.00581395
0.0035126
0.00327035
0.00327035
0.00218023
0.00133236
0.000484496
0.0184109
0.000121124
0.00060562
0.00133236
0.0035126
0.0025436
0.00218023
0.00181686
0.000847868
0.00363372
0.000847868
0.0030281
0.000968992
0.00181686
0.00363372
0.00133236
0.00230136
0.00121124
0.00169574
0.000968992
0.000847868
0.00327035
0.000242248
0.00193798
0.00193798
0.00060562
0.00266473
0.00145349
0.00314922
0.000242248
0.00181686
0.000968992
0.00193798
0.00145349
0.000726744
0.00169574
0.00121124
0.00121124
0.000242248
0.00109012
0.000242248
0.000121124
0
0.0144138
0.000121124
0.000363372
0.00060562
0.000363372
0.00109012
0.00109012
0.00169574
0.00145349
0.00109012
0.00266473
0.00133236
0.00181686
0.000968992
0.00314922
0.00157461
0.00060562
0.00314922
0.00290698
0.00121124
0.000968992
0.00557171
0.00181686
0.00290698
0.00181686
0.0030281
0.00169574
0.00157461
0.00472384
0.00266473
0.00363372
0.00448159
0.00157461
0.00290698
0.00387597
0.00496609
0.00460271
0.00399709
0.00641957
0.00532946
0.00593508
0.00787306
0.290577