0.00363259
0.0295797
0.0326933
0.0425532
0.035288
0.0275039
0.0217955
0.026466
0.0140114
0.0259471
0.0108978
0.0197198
0.0160872
0.0114167
0.0217955
0.0062273
0.00674624
0.00934094
0.00830306
0.00570835
0.00103788
0.017644
0.00207577
0.00155682
0.00467047
0.00259471
0.0062273
0.00415153
0.0062273
0
0.00103788
0.00207577
0.00155682
0.00207577
0.00155682
0.00363259
0.00207577
0.00103788
0.00155682
0.00103788
0.000518941
0.000518941
0
0.0186819
0
0
0.000518941
0.000518941
0.000518941
0
0.00103788
0.00155682
0.00103788
0.00103788
0.00155682
0.00155682
0
0.00155682
0.00155682
0
0.00207577
0.00207577
0
0
0.00415153
0
0.000518941
0
0.000518941
0
0
0.00155682
0
0.000518941
0.000518941
0
0
0
0.000518941
0.000518941
0
0
0
0
0
0.00518941
0
0
0.000518941
0
0
0
0
0.000518941
0
0
0.00103788
0.00103788
0.000518941
0
0
0
0.00103788
0.000518941
0
0
0.00155682
0
0.000518941
0.000518941
0.000518941
0.000518941
0
0.00311365
0.00103788
0
0
0
0.000518941
0.00155682
0.00103788
0
0.00103788
0.00103788
0
0.00103788
0.000518941
0
0.0134925
0
0.00155682
0.00103788
0.00155682
0
0.000518941
0.00155682
0.00467047
0.00155682
0.00363259
0.00415153
0.00311365
0.00259471
0.00363259
0.00726518
0.00155682
0.00726518
0.0062273
0.00415153
0.00363259
0.0155682
0.00415153
0.0062273
0.00467047
0.0062273
0.00570835
0.00363259
0.00830306
0.00259471
0.00415153
0.0062273
0.00207577
0.00155682
0.00467047
0.00155682
0.00155682
0.00207577
0.00155682
0.00103788
0.00155682
0
0.0280228
0.000518941
0
0.00207577
0.00311365
0.00363259
0.00155682
0.000518941
0.00155682
0.00155682
0.000518941
0.00518941
0.00103788
0.000518941
0.00518941
0
0.000518941
0.00259471
0.00103788
0.000518941
0.00155682
0.00778412
0.000518941
0.00155682
0.00103788
0.00103788
0.00103788
0.00155682
0.0062273
0.00103788
0.00155682
0.00103788
0.00103788
0.00259471
0.00103788
0.00155682
0.000518941
0.00103788
0.00103788
0.000518941
0.00207577
0
0
0.0181629
0.00103788
0.000518941
0.000518941
0.00103788
0
0.00103788
0
0.000518941
0.00155682
0.00259471
0.00259471
0.000518941
0
0.00518941
0.00103788
0.000518941
0.00155682
0.00259471
0.00103788
0.00155682
0.00985989
0.00207577
0.00103788
0.00103788
0.00311365
0.00155682
0.00363259
0.00778412
0.00155682
0.00415153
0.00778412
0.00570835
0.00363259
0.0062273
0.00830306
0.00674624
0.00518941
0.00985989
0.00674624
0.00726518
0.00985989
0.0783601