0.00154049
0.0360915
0.0580986
0.0358715
0.0189261
0.0180458
0.0123239
0.0127641
0.00880282
0.0145246
0.00550176
0.0151849
0.0116637
0.0107835
0.0178257
0.00858275
0.0105634
0.0132042
0.0136444
0.00880282
0.00550176
0.0226673
0.00132042
0.00814261
0.0112236
0.00396127
0.0114437
0.00770246
0.0167254
0.00308099
0.0059419
0.00352113
0.00704225
0.00550176
0.0059419
0.00726232
0.00418134
0.0022007
0.00418134
0.0037412
0.00110035
0.00022007
0
0.0316901
0.00022007
0
0.00286092
0.00264085
0.00242077
0.0022007
0.00308099
0.0022007
0.00154049
0.00308099
0.00132042
0.00154049
0.00022007
0.00550176
0.00176056
0.000660211
0.00242077
0.00264085
0.000880282
0
0.00550176
0.000440141
0.000660211
0.000660211
0.000880282
0.000440141
0
0.00330106
0.000660211
0.000880282
0.000660211
0.00022007
0.00022007
0.000440141
0.000880282
0.00022007
0.000660211
0.000440141
0
0
0
0.00638204
0
0
0
0
0.000660211
0
0.00198063
0.00022007
0.00110035
0
0.00132042
0.00110035
0.00022007
0.00198063
0
0.000880282
0.000660211
0.00022007
0.000440141
0
0.00198063
0
0.00022007
0.000440141
0
0.000660211
0.000660211
0.00154049
0
0.00132042
0.000440141
0.00132042
0.00132042
0.00154049
0.0022007
0.000880282
0.000440141
0.000440141
0.00132042
0.000660211
0.00022007
0
0.0112236
0.00022007
0.000880282
0.000440141
0.00176056
0.00242077
0.00110035
0.00154049
0.0037412
0.0022007
0.0037412
0.00330106
0.00506162
0.00242077
0.0059419
0.00660211
0.00330106
0.00660211
0.00682218
0.00638204
0.00616197
0.0103433
0.00572183
0.00616197
0.00440141
0.00704225
0.00506162
0.00440141
0.00572183
0.00440141
0.00286092
0.00506162
0.00110035
0.00154049
0.00440141
0.00396127
0.00330106
0.00286092
0.0022007
0.00176056
0.00198063
0
0.0147447
0.000440141
0.00110035
0.00198063
0.00264085
0.00176056
0.00176056
0.00264085
0.00110035
0.00286092
0.000440141
0.00330106
0.00132042
0.00110035
0.00330106
0.00022007
0.00132042
0.00308099
0.0022007
0.00110035
0.000880282
0.00352113
0.000440141
0.000660211
0.00198063
0.000660211
0.00286092
0.00110035
0.00264085
0
0.00132042
0.00022007
0.00176056
0.000440141
0.000660211
0.00286092
0.00132042
0.000880282
0.00110035
0.000440141
0.000440141
0.00022007
0
0.00748239
0.00022007
0.00132042
0.000880282
0.00176056
0.000660211
0.000880282
0.000660211
0.00198063
0.00154049
0.00242077
0.00110035
0.00154049
0.00022007
0.00198063
0.00176056
0.00022007
0.00110035
0.000880282
0.000660211
0.000880282
0.00616197
0.00154049
0.000880282
0.00242077
0.00396127
0.00132042
0.00330106
0.00396127
0.00352113
0.00440141
0.00462148
0.0022007
0.00440141
0.00792253
0.00418134
0.00550176
0.00660211
0.00638204
0.00572183
0.00550176
0.00726232
0.0409331