0
0.00357143
0.00428571
0.00928571
0.0207143
0.0164286
0.0342857
0.0278571
0.0264286
0.0221429
0.0228571
0.0178571
0.0221429
0.02
0.0271429
0.0257143
0.0221429
0.0257143
0.0357143
0.0264286
0.0242857
0.0271429
0.0107143
0.0164286
0.0142857
0.00928571
0.0142857
0.0114286
0.0107143
0.00928571
0.00714286
0.00857143
0.00714286
0.00785714
0.00857143
0.00714286
0.005
0.00785714
0.00571429
0.00285714
0.005
0.00357143
0.000714286
0.0657143
0.000714286
0.000714286
0.00214286
0.000714286
0.00357143
0.00142857
0.000714286
0.00285714
0.000714286
0.00285714
0.00142857
0.00214286
0.00428571
0.00285714
0.00214286
0.000714286
0.00285714
0.00142857
0.00142857
0.000714286
0.000714286
0.00142857
0.00142857
0
0
0.00142857
0.000714286
0.00142857
0.00142857
0
0
0
0
0.00142857
0
0.000714286
0.00214286
0
0
0
0
0.00142857
0
0
0.000714286
0
0
0
0
0.000714286
0
0
0.000714286
0
0.00142857
0.000714286
0
0
0
0.00142857
0.00142857
0.00142857
0.00214286
0.000714286
0.000714286
0
0
0.00142857
0.000714286
0.00142857
0.000714286
0.00142857
0.000714286
0.000714286
0.000714286
0.00142857
0
0
0.000714286
0
0.000714286
0
0
0
0.0107143
0.000714286
0
0.000714286
0
0.00214286
0.00142857
0
0.000714286
0.000714286
0.00214286
0
0.000714286
0.000714286
0.000714286
0.000714286
0
0
0.000714286
0
0
0.00428571
0.000714286
0.00142857
0.00142857
0.000714286
0.000714286
0.00142857
0.00214286
0
0.00214286
0.00142857
0.000714286
0.00142857
0.00285714
0.00142857
0.000714286
0
0.00142857
0.00142857
0.000714286
0
0.00571429
0.00142857
0
0.000714286
0.000714286
0
0
0.000714286
0.000714286
0.000714286
0
0.000714286
0
0.000714286
0
0.00142857
0
0
0
0.000714286
0
0.00214286
0
0
0.000714286
0.000714286
0
0
0
0
0
0
0
0
0
0.00142857
0.000714286
0
0.000714286
0
0
0
0
0.00928571
0
0
0
0
0.000714286
0
0
0.000714286
0
0.00142857
0
0
0
0
0
0.000714286
0
0.000714286
0
0
0.00285714
0
0
0
0.00142857
0.000714286
0.000714286
0.00285714
0
0.000714286
0.000714286
0.00142857
0.000714286
0
0.00285714
0.000714286
0.000714286
0.00214286
0.000714286
0
0.00142857
0.12