0
0.00769231
0.0169231
0.0169231
0.00923077
0.0184615
0.00769231
0.0169231
0.0246154
0.0369231
0.02
0.04
0.0415385
0.0738462
0.0584615
0.0676923
0.0738462
0.0615385
0.0430769
0.0461538
0.0230769
0.0292308
0.00307692
0.0123077
0.00923077
0.00153846
0.00769231
0.00461538
0
0
0.00307692
0
0.00153846
0.00307692
0
0.00153846
0
0
0.00153846
0
0
0
0
0
0
0
0
0
0.00153846
0
0
0
0
0
0
0
0
0
0
0
0
0
0
0
0.00153846
0
0
0
0
0
0
0
0
0
0
0
0
0
0
0
0
0
0
0
0
0
0
0
0
0
0
0
0
0
0
0
0
0
0
0
0
0
0
0
0
0
0
0
0
0
0
0
0
0
0
0
0
0
0
0
0
0
0
0
0
0
0
0
0
0
0
0
0
0
0
0
0
0
0
0
0
0
0
0
0
0
0
0
0
0
0
0
0.00153846
0.00153846
0.00153846
0
0
0
0
0
0
0.00153846
0.00153846
0
0
0
0.00153846
0.00153846
0.00153846
0
0.00461538
0
0.00153846
0.00153846
0
0
0.00153846
0.00153846
0
0
0.00153846
0.00307692
0.00307692
0
0.00153846
0
0
0
0
0.00153846
0
0.00307692
0
0
0
0
0.00615385
0
0.00153846
0
0
0.00153846
0.00153846
0.00153846
0
0
0
0.00153846
0.00153846
0
0
0
0
0.00153846
0
0
0.00153846
0
0.00153846
0.00307692
0.00153846
0
0.00153846
0.00461538
0.00153846
0
0
0.00461538
0.00307692
0
0.00307692
0
0
0
0.00307692
0.00461538
0.00307692
0.00461538
0.00461538
0.00153846
0
0.00153846
0.00307692
0.00615385
0.00307692
0.00307692
0.00615385
0.00769231
0
0.00615385
0.0107692
0.00615385
0.00307692
0.00769231
0.00923077
0.0384615