0
0
0
0
0
0
0
0
0
0
0
0.000920175
0
0
0.000460087
0
0
0
0
0
0
0.000460087
0
0
0
0
0
0
0
0
0
0
0
0
0
0
0
0
0
0
0
0
0
0
0
0
0
0
0
0
0
0
0
0
0
0
0
0
0
0
0
0
0
0
0
0
0
0
0
0
0
0
0
0
0
0
0
0
0
0
0
0
0
0
0
0
0
0
0
0
0
0
0
0
0
0
0
0
0
0
0
0
0
0
0
0
0
0
0
0
0
0
0
0
0
0
0
0
0
0
0
0
0
0
0
0
0
0
0
0
0
0
0
0
0
0
0
0
0.000230044
0
0.000230044
0
0.000690131
0.000230044
0
0.000230044
0
0
0
0.00345066
0
0
0.00138026
0.00253048
0
0
0.0089717
0
0.00115022
0.0144928
0
0
0.0190936
0.0073614
0.00207039
0.000230044
0
0
0
0
0.26501
0
0
0
0
0
0.000690131
0.00184035
0
0.00575109
0
0.0119623
0.000460087
0
0.0646423
0
0
0.00276052
0
0
0
0.219232
0
0
0
0
0.00299057
0
0.015873
0
0
0
0.00529101
0
0
0
0
0
0
0
0
0
0
0.112261
0
0
0
0
0
0
0
0.000690131
0
0.0167932
0
0
0
0.0200138
0
0
0.0112721
0
0
0
0.0572809
0
0
0
0.0425581
0
0
0.0204739
0
0
0.0170232
0
0
0.0193237
0.00276052
0.000460087
0
0
0
0
0
0.0184035