0.000268384
0.0206656
0.0356951
0.0367687
0.02657
0.0236178
0.0201288
0.0136876
0.0110038
0.0182501
0.0085883
0.0131508
0.0118089
0.0123457
0.0126141
0.017445
0.0152979
0.0190553
0.0230811
0.0257649
0.0246914
0.0378422
0.0128824
0.0316694
0.0233494
0.0166398
0.0327429
0.0263017
0.0397209
0.0161031
0.0201288
0.0187869
0.0147611
0.017445
0.0120773
0.0155663
0.00590446
0.00375738
0.00670961
0.00536769
0.00322061
0.000805153
0
0.0179817
0
0.000536769
0.00268384
0.00187869
0.00134192
0.00187869
0.00134192
0.00134192
0.00268384
0.00187869
0.00107354
0.000805153
0.000268384
0.00107354
0.00161031
0.000268384
0.00107354
0.00107354
0
0
0.00187869
0.000268384
0.000268384
0.000268384
0.000536769
0.000805153
0.000805153
0.000536769
0
0.000536769
0.000536769
0.000536769
0.000805153
0.00107354
0.000805153
0
0.000805153
0
0.00107354
0.000268384
0
0.00187869
0
0
0.000536769
0.000536769
0.000536769
0.000268384
0.000268384
0
0.000268384
0.000805153
0.000805153
0.000268384
0
0.000536769
0
0.000268384
0
0
0.000268384
0
0
0
0.000268384
0
0
0.000268384
0.000268384
0.000268384
0
0
0
0.000536769
0
0
0.000268384
0
0
0
0
0
0
0
0.00295223
0
0.000268384
0.000268384
0.00161031
0.00107354
0.00187869
0.00134192
0.00134192
0.00161031
0.00322061
0.00187869
0.00268384
0.00161031
0.00295223
0.00644122
0.00107354
0.003489
0.00483092
0.00214707
0
0.00590446
0.00322061
0.00268384
0.00268384
0.00187869
0.00402576
0.00161031
0.00322061
0.00161031
0.00161031
0.00268384
0
0.000268384
0.00107354
0.000805153
0.000805153
0.00134192
0.000805153
0.000268384
0
0
0.00697799
0
0
0.000536769
0.000268384
0.000805153
0.000805153
0.000536769
0
0.000805153
0
0.000805153
0.000805153
0
0.00134192
0.000268384
0
0.000536769
0.000268384
0
0
0.00241546
0
0
0
0
0
0.000268384
0.00107354
0
0.000536769
0.000268384
0.00107354
0.000268384
0
0
0.000268384
0
0.000268384
0.000268384
0
0
0
0.00295223
0
0
0
0
0.000268384
0
0.000268384
0.000536769
0.000805153
0.000536769
0.000536769
0.000536769
0.000268384
0.000536769
0.000536769
0.000268384
0.00134192
0.000536769
0
0
0.00214707
0.00107354
0.000268384
0.000805153
0.00107354
0.00161031
0.000805153
0.00241546
0.00107354
0.00134192
0.003489
0.00134192
0.00187869
0.00107354
0.00241546
0.00268384
0.00295223
0.00375738
0.003489
0.00805153
0.00724638
0.024423