0
0
0
0
0
0
0
0
0
0
0
0.000529101
0
0
0.000529101
0
0
0
0
0
0
0.0010582
0
0
0
0
0
0
0.000529101
0
0
0
0
0
0
0
0
0
0
0
0
0
0
0
0
0
0
0
0
0
0
0
0
0
0
0
0
0
0
0
0
0
0
0
0
0
0
0
0
0
0
0
0
0
0
0
0
0
0
0
0
0
0
0
0
0
0
0
0
0
0
0
0
0
0
0
0
0
0
0
0
0
0
0
0
0
0
0
0
0
0
0
0
0
0
0
0
0
0
0
0
0
0
0
0
0
0
0
0
0
0
0
0
0
0
0
0
0.000529101
0
0
0
0
0
0
0
0.000529101
0
0
0
0.0015873
0
0.0010582
0.0010582
0.0021164
0.000529101
0
0.0047619
0
0.0021164
0.0047619
0
0.000529101
0.0179894
0.00634921
0.0015873
0
0
0
0
0
0.274074
0
0
0
0
0.0015873
0.0015873
0.0037037
0
0.00899471
0
0.0190476
0.000529101
0
0.0783069
0
0
0.00529101
0
0
0
0.2
0
0
0
0
0.0031746
0
0.0280423
0
0
0
0.00899471
0
0.0015873
0
0
0
0
0
0
0
0
0.102116
0
0
0
0
0
0
0
0.0015873
0
0.0243386
0
0
0
0.0322751
0
0
0.0111111
0
0
0
0.0518519
0
0
0.000529101
0.0343915
0
0
0.0253968
0
0.000529101
0.010582
0
0
0.0116402
0.0026455
0
0
0.000529101
0
0
0
0.00740741