0.00211999
0.012296
0.0126139
0.01219
0.011024
0.00996396
0.00826797
0.00964596
0.00763197
0.00869197
0.00667797
0.011978
0.00731397
0.00932796
0.0128259
0.00635997
0.00869197
0.00879797
0.00932796
0.00720797
0.00625397
0.0156879
0.00657197
0.00720797
0.00784397
0.00741997
0.0125079
0.00869197
0.0142039
0.00657197
0.00985796
0.00826797
0.011236
0.00932796
0.00869197
0.00900996
0.00720797
0.00593598
0.00858597
0.00593598
0.00339199
0.00275599
0.00137799
0.0641297
0.00190799
0.00169599
0.00339199
0.00423998
0.00286199
0.00211999
0.00286199
0.00339199
0.00169599
0.00455798
0.00148399
0.001166
0.000741997
0.00540598
0.00201399
0.000106
0.00349799
0.001166
0.000953996
0.000106
0.00561798
0.000847997
0.000635997
0.00106
0.00158999
0.000211999
0.000317999
0.00211999
0.000211999
0.000741997
0.00201399
0.000106
0.000106
0.000847997
0.000423998
0.000423998
0.000423998
0.000106
0.000317999
0.000106
0.000211999
0.00646597
0
0.000106
0.000106
0.000317999
0.000529998
0.000211999
0.000423998
0
0.000635997
0.000106
0.000635997
0.000211999
0.000106
0.00169599
0.000211999
0.000423998
0.000211999
0.000423998
0.000317999
0.000106
0.00413398
0
0.000211999
0.000317999
0.000211999
0.000317999
0.000529998
0.000741997
0.000211999
0.000211999
0
0.000423998
0.000211999
0.00106
0.000423998
0.000317999
0.000317999
0.000741997
0.000529998
0
0.000211999
0
0.0165359
0.000317999
0.000317999
0.000317999
0.000211999
0.000423998
0.000211999
0.000635997
0.000529998
0.000529998
0.001166
0.000529998
0.001166
0.000953996
0.00169599
0.00106
0.000953996
0.00222599
0.00222599
0.00190799
0.000953996
0.00466398
0.00180199
0.00190799
0.00286199
0.00233199
0.00127199
0.00158999
0.00307399
0.00264999
0.00137799
0.00264999
0.00137799
0.00180199
0.00201399
0.00360399
0.00169599
0.00169599
0.00106
0.000635997
0.000423998
0.000106
0.0327539
0.000106
0.000529998
0.000529998
0.000317999
0.00201399
0.00445198
0.00657197
0.000317999
0.00741997
0.000423998
0.00349799
0.000847997
0.000211999
0.00657197
0.000317999
0.000635997
0.00423998
0.000741997
0.000529998
0.000423998
0.00593598
0.000106
0.000635997
0.000635997
0.000211999
0.00169599
0.000211999
0.00307399
0.000211999
0.000847997
0.000529998
0.00169599
0.000529998
0.000635997
0.00127199
0.000317999
0.000635997
0.000317999
0.000317999
0.000211999
0.000211999
0
0.0125079
0.000211999
0.000106
0.000847997
0.00106
0.00137799
0.000106
0.000529998
0.000953996
0.000635997
0.00106
0.000953996
0.00169599
0.000953996
0.00455798
0.00190799
0.000423998
0.00201399
0.00148399
0.00127199
0.00106
0.00741997
0.00254399
0.00264999
0.00243799
0.00349799
0.00222599
0.00307399
0.00604198
0.00222599
0.00307399
0.00445198
0.00243799
0.00402798
0.00519398
0.00381598
0.00508798
0.00582998
0.010494
0.0142039
0.0154759
0.01219
0.156879