0.00318653
0.0105838
0.01047
0.0142256
0.0124047
0.00978719
0.00864914
0.0101286
0.00853534
0.0112666
0.00648686
0.00990099
0.00933197
0.00785251
0.0125185
0.00785251
0.00853534
0.00808012
0.00819392
0.00728349
0.00625925
0.0154774
0.00569022
0.00899055
0.00842153
0.00648686
0.00899055
0.00910436
0.0133151
0.0076249
0.00955958
0.00682827
0.0105838
0.00842153
0.00796631
0.0075111
0.0075111
0.00694207
0.00660066
0.0076249
0.00398316
0.00364174
0.000569022
0.0625925
0.00113804
0.00216229
0.00386935
0.00386935
0.00284511
0.00227609
0.00489359
0.00489359
0.0026175
0.0077387
0.00102424
0.00216229
0.00159326
0.00603164
0.0025037
0.000796631
0.00364174
0.00284511
0.000455218
0.000455218
0.00580403
0.000113804
0.00113804
0.00159326
0.00204848
0.000569022
0.000796631
0.00318653
0.000341413
0.000682827
0.00125185
0.000113804
0.000227609
0.000569022
0.000341413
0.000113804
0.000341413
0.000113804
0.000227609
0
0
0.00705588
0
0.000227609
0.000341413
0.000227609
0.000910436
0.000113804
0.000341413
0.000455218
0.000113804
0
0.00125185
0.000341413
0.000227609
0.00273131
0.000227609
0.000341413
0.000455218
0.000455218
0.000569022
0.000227609
0.00318653
0.000113804
0.000113804
0.000341413
0.000113804
0.000455218
0.000569022
0.00159326
0.000341413
0.000341413
0.000455218
0.00113804
0.000227609
0.000341413
0.000796631
0.000227609
0
0.000227609
0.000113804
0.000113804
0
0
0.0177535
0.000113804
0.000569022
0.000569022
0.000569022
0.000796631
0.000569022
0.00125185
0.00193468
0.000910436
0.00147946
0.000569022
0.000910436
0.000796631
0.00147946
0.00102424
0.000569022
0.00193468
0.00113804
0.00159326
0.00193468
0.00455218
0.00216229
0.00147946
0.00159326
0.00295892
0.00147946
0.00136565
0.00455218
0.00159326
0.00136565
0.0026175
0.00125185
0.00125185
0.00364174
0.0025037
0.00227609
0.00227609
0.000910436
0.00113804
0.00125185
0.000455218
0.0340275
0.000455218
0.000796631
0.000796631
0.000682827
0.00295892
0.00284511
0.00569022
0.000341413
0.00421077
0
0.00398316
0.00159326
0.000910436
0.00443837
0.000455218
0.000455218
0.00284511
0.00113804
0.000113804
0.000569022
0.00546262
0.000113804
0.000682827
0.00125185
0.000227609
0.00136565
0.000455218
0.00170707
0.000227609
0.000796631
0.000341413
0.00147946
0.000455218
0.00136565
0.000455218
0.000682827
0.000227609
0.000455218
0.000341413
0
0.000227609
0
0.01047
0
0.000341413
0.000569022
0.00125185
0.000341413
0.000796631
0.000910436
0.000682827
0.000796631
0.00125185
0.000455218
0.000910436
0.000227609
0.00330033
0.00102424
0.000796631
0.00170707
0.00147946
0.00159326
0.00182087
0.0075111
0.00113804
0.00204848
0.00284511
0.00204848
0.00216229
0.0026175
0.00557642
0.00307272
0.00284511
0.00432457
0.00284511
0.00284511
0.00455218
0.00398316
0.00443837
0.00534881
0.00967338
0.0142256
0.0155912
0.014567
0.155457