0.00059976
0.017593
0.0231907
0.0371851
0.0421831
0.0355858
0.0257897
0.0157937
0.0155938
0.0151939
0.0129948
0.0133946
0.012395
0.0151939
0.0159936
0.0141943
0.0197921
0.0189924
0.0259896
0.0257897
0.0295882
0.0413834
0.00879648
0.0313874
0.0253898
0.0163934
0.027389
0.0267893
0.0287885
0.012595
0.0191923
0.0157937
0.012395
0.0169932
0.0115954
0.0107957
0.0079968
0.00639744
0.00879648
0.00659736
0.00359856
0.0009996
0
0.0161935
0
0.00079968
0.00239904
0.0019992
0.00079968
0.00079968
0.00179928
0.00079968
0.00079968
0.00119952
0.00039984
0.0009996
0.00039984
0.00059976
0.00019992
0
0.00059976
0.00079968
0
0
0.0009996
0.00019992
0.00019992
0.00019992
0.00059976
0
0.00059976
0.00039984
0
0.00039984
0
0
0
0
0
0.00019992
0
0
0
0
0
0.0009996
0
0
0
0
0.00019992
0
0
0
0.00019992
0
0
0.00019992
0
0
0
0
0
0
0.00019992
0
0.0009996
0
0.00039984
0
0
0
0
0
0
0
0
0.00039984
0.00019992
0.00019992
0.00019992
0
0
0
0
0
0
0
0.00179928
0
0.00019992
0
0.00019992
0
0.00039984
0.00059976
0.00059976
0.00019992
0.00059976
0
0.00079968
0.0009996
0.0029988
0.00179928
0.00259896
0.00619752
0.00419832
0.00259896
0.0019992
0.00719712
0.00459816
0.00439824
0.00279888
0.00339864
0.00219912
0.00339864
0.00279888
0.00279888
0.00259896
0.00159936
0.00119952
0.00219912
0.00179928
0.00139944
0.0009996
0.0009996
0.00079968
0
0
0
0.00239904
0
0
0.00019992
0.00079968
0.00019992
0.00039984
0.00079968
0.00079968
0.0009996
0.00059976
0.00059976
0.00039984
0.00039984
0.0009996
0.00039984
0.00019992
0.00019992
0.0009996
0.00079968
0
0.0009996
0.00039984
0.00079968
0.00039984
0.00019992
0.00039984
0
0.0009996
0.00019992
0.00039984
0.00019992
0.00039984
0.00019992
0.00019992
0.00019992
0.0009996
0.00059976
0.00059976
0.00019992
0
0.00019992
0
0.00339864
0
0.00039984
0.00039984
0.00019992
0.00059976
0.00059976
0.00059976
0.0009996
0.00059976
0.00159936
0.00079968
0
0.00059976
0.00179928
0.0019992
0.00039984
0.00159936
0.00039984
0.00039984
0.00039984
0.00319872
0.00059976
0.00079968
0.00079968
0.00179928
0.00079968
0.00159936
0.00159936
0.00139944
0.00179928
0.0019992
0.00259896
0.00159936
0.0019992
0.00259896
0.00279888
0.00279888
0.0039984
0.00319872
0.0069972
0.00819672
0.0195922