0
0.0293742
0.0229885
0.0306513
0.0306513
0.0319285
0.0242656
0.0178799
0.0229885
0.0383142
0.0293742
0.0498084
0.0536398
0.0727969
0.0600255
0.0651341
0.0536398
0.0446999
0.0383142
0.0306513
0.00893997
0.0063857
0.00255428
0.00255428
0.00127714
0.00127714
0
0.00127714
0.00383142
0.00127714
0.00127714
0.00127714
0
0
0
0
0
0
0
0
0
0
0
0.00127714
0
0
0
0
0
0
0
0
0
0.00127714
0
0
0
0
0.00127714
0
0
0
0
0
0
0
0
0
0
0
0
0
0
0
0
0
0
0
0
0
0
0
0
0
0
0.00255428
0
0
0
0
0
0
0
0
0
0
0
0
0
0
0
0
0
0
0
0
0
0
0
0
0
0
0
0
0
0
0
0
0
0.00127714
0
0
0
0
0
0
0
0
0.00255428
0
0
0
0
0
0
0
0
0
0
0
0.00127714
0
0
0
0
0
0
0.00255428
0
0.00255428
0
0
0
0
0
0.00127714
0.00127714
0
0
0
0
0
0.00255428
0
0
0
0.00255428
0
0
0
0.00383142
0
0
0
0
0
0
0
0
0
0
0.00127714
0.00127714
0
0
0.00127714
0
0
0.00127714
0
0
0
0
0
0
0.00127714
0
0.00127714
0.00127714
0
0
0.00127714
0.00127714
0
0
0
0
0
0
0.00127714
0.00127714
0
0
0.00510856
0
0
0.00127714
0.00127714
0
0.00255428
0.00383142
0.00127714
0
0
0
0.00127714
0
0.00127714
0.00127714
0
0.00255428
0.00383142
0.00255428
0.00127714
0
0.00255428
0.00127714
0
0
0.00510856
0.00255428
0.00383142
0.00127714
0.00510856
0.00255428
0.00383142
0.00383142
0.0063857
0.00510856
0.00127714
0.00893997
0.00383142
0.0153257
0.0127714
0.00893997
0.054917