0
0.0103359
0.0167959
0.0213178
0.0271318
0.0206718
0.0226098
0.0122739
0.0167959
0.0226098
0.0161499
0.0193798
0.0277778
0.0374677
0.0258398
0.0213178
0.0290698
0.0400517
0.0368217
0.0342377
0.0258398
0.0523256
0.0200258
0.0342377
0.0213178
0.0155039
0.0180879
0.0200258
0.0310078
0.0103359
0.0122739
0.00645995
0.0109819
0.00968992
0.00710594
0.00710594
0.00452196
0.00452196
0.00387597
0.00452196
0.00193798
0.000645995
0
0.0297158
0
0.00193798
0.000645995
0.000645995
0.000645995
0.00258398
0.00258398
0.00129199
0.000645995
0.000645995
0.00129199
0
0
0.00258398
0.000645995
0.00129199
0.00193798
0
0
0
0.00710594
0
0.000645995
0.00129199
0.00129199
0
0
0.00193798
0
0.000645995
0.000645995
0
0
0
0
0.000645995
0
0
0
0
0
0.00387597
0
0
0
0
0.000645995
0
0
0
0
0
0.00129199
0.000645995
0
0
0
0
0
0
0.000645995
0
0.00129199
0
0
0
0
0
0.00129199
0.00193798
0.000645995
0.000645995
0
0.000645995
0.000645995
0.00129199
0.000645995
0
0
0.00129199
0
0
0
0
0.00387597
0
0
0
0
0
0
0.000645995
0
0.000645995
0.000645995
0
0
0
0.00129199
0.000645995
0
0
0
0
0
0.00129199
0
0
0.000645995
0
0
0.00129199
0
0
0
0.000645995
0
0.000645995
0.000645995
0
0
0.000645995
0
0
0
0
0.00322997
0.000645995
0
0.000645995
0.000645995
0
0.00129199
0.000645995
0
0.000645995
0
0
0
0
0.000645995
0.00129199
0
0
0
0
0
0.00129199
0
0
0.00129199
0
0
0
0.00129199
0.000645995
0.00193798
0
0
0
0
0
0
0
0.000645995
0.000645995
0
0
0
0.00387597
0
0.000645995
0
0
0.000645995
0
0
0
0.00129199
0.000645995
0
0
0
0.000645995
0.000645995
0
0.00129199
0
0
0.00129199
0.00387597
0.00129199
0.000645995
0.00129199
0.000645995
0
0.00129199
0.00452196
0.00129199
0.00258398
0.00322997
0.00193798
0.00193798
0.00581395
0.00645995
0.00581395
0.00775194
0.00516796
0.00129199
0.00322997
0.00775194
0.0284238