0
0.00206972
0.00392157
0.00991285
0.0186275
0.0520697
0.0453159
0.0251634
0.0135076
0.0122004
0.00740741
0.00849673
0.00784314
0.00729848
0.00729848
0.00490196
0.00610022
0.00555556
0.00577342
0.00446623
0.00305011
0.00610022
0.00119826
0.00239651
0.00261438
0.00152505
0.00250545
0.00206972
0.00283224
0.000980392
0.00196078
0.00130719
0.00163399
0.00130719
0.00185185
0.00174292
0.00141612
0.00141612
0.000653595
0.000544662
0.000326797
0
0.000108932
0.0183007
0.000326797
0.000762527
0.000762527
0.000326797
0.000762527
0.00087146
0.00087146
0.000326797
0.000217865
0.00043573
0.00043573
0.000217865
0.000108932
0.00119826
0.00043573
0.000217865
0.000544662
0.00087146
0.000108932
0
0.00119826
0.000326797
0.00043573
0.000217865
0.000653595
0.000326797
0.000326797
0.000653595
0
0.000762527
0.000217865
0.000108932
0
0.000326797
0.000326797
0.000217865
0.00043573
0.000217865
0.000217865
0.000108932
0
0.00174292
0
0
0.000108932
0
0.000326797
0.000217865
0.000326797
0
0.00087146
0
0.000217865
0.000326797
0.000326797
0.000544662
0.000108932
0.000653595
0.000108932
0.000326797
0.000544662
0
0.00141612
0.000108932
0.00043573
0.000544662
0.000326797
0.00043573
0.000217865
0.00043573
0.000544662
0.000326797
0.000217865
0.000762527
0.000326797
0.000980392
0.000326797
0.000762527
0.00043573
0.00043573
0.000544662
0.000653595
0.000326797
0
0.0196078
0.000217865
0.000326797
0.000326797
0.000653595
0.000326797
0.000762527
0.00152505
0.00196078
0.000762527
0.00261438
0.00163399
0.00283224
0.00130719
0.0043573
0.00381264
0.00130719
0.00392157
0.00533769
0.00610022
0.00217865
0.0126362
0.00413943
0.00849673
0.00577342
0.00740741
0.00588235
0.00708061
0.0111111
0.00718954
0.00675381
0.0077342
0.00217865
0.0040305
0.00566449
0.00413943
0.00228758
0.00446623
0.00337691
0.00141612
0.00163399
0.000762527
0.0179739
0.000326797
0.000653595
0.000762527
0.00163399
0.00141612
0.00119826
0.000762527
0.000544662
0.00239651
0.000544662
0.00119826
0.00130719
0.000762527
0.00337691
0.00130719
0.00141612
0.00108932
0.00119826
0.000217865
0.000326797
0.00305011
0.000326797
0.000653595
0.00087146
0.000217865
0.000762527
0.000544662
0.000762527
0.000326797
0.00119826
0.00043573
0.000653595
0.000544662
0.000217865
0.000653595
0.000108932
0.000326797
0.000326797
0.000108932
0.000217865
0
0
0.00511983
0.000108932
0.000108932
0
0.000217865
0.000108932
0.00087146
0.000544662
0.00119826
0.000108932
0.00043573
0.000544662
0.000980392
0.000217865
0.000980392
0.00087146
0.000326797
0.000762527
0.00108932
0.000653595
0.000544662
0.00250545
0.000980392
0.00043573
0.00130719
0.00108932
0.000762527
0.000762527
0.00185185
0.00108932
0.00108932
0.00174292
0.00119826
0.000762527
0.00196078
0.00185185
0.00141612
0.00217865
0.00239651
0.00141612
0.00185185
0.00174292
0.385076