0.00189908
0.0260445
0.0354042
0.0432718
0.0362181
0.0261801
0.0157352
0.0139718
0.00827455
0.00895279
0.00488334
0.00935974
0.00746066
0.00800326
0.0116658
0.0122084
0.0105806
0.017363
0.0215681
0.0233315
0.0253663
0.0390667
0.012344
0.0299783
0.0303852
0.0203473
0.0309278
0.0265871
0.0344547
0.0115301
0.0210255
0.0137005
0.0134292
0.0137005
0.0119371
0.0138361
0.0104449
0.00949539
0.0105806
0.00800326
0.00284862
0.00081389
0
0.0340477
0.000542594
0.00149213
0.00339121
0.00244167
0.00189908
0.00284862
0.00176343
0.00217037
0.00081389
0.00284862
0.000542594
0.00149213
0
0.00217037
0.00081389
0.000406945
0.00122084
0.000949539
0.000271297
0
0.00311991
0
0.000406945
0.000406945
0.000949539
0.000542594
0
0.00135648
0.000135648
0.000271297
0.000406945
0
0
0.000271297
0.00081389
0.000135648
0
0
0
0
0
0.00149213
0
0
0.000135648
0.000271297
0.000135648
0.000271297
0.000406945
0
0.000678242
0.000135648
0.000135648
0
0
0.000542594
0
0.000135648
0.000135648
0.000406945
0.000135648
0.000135648
0.00108519
0
0.000135648
0.000542594
0.000135648
0.000678242
0.000406945
0.000949539
0.000271297
0.000542594
0.000135648
0.000542594
0.000949539
0.000406945
0.00122084
0.000406945
0.000135648
0.000271297
0.000135648
0.000406945
0
0
0.00379816
0
0.000135648
0.000135648
0.000135648
0.000271297
0.000406945
0.000678242
0.000678242
0.000271297
0.000949539
0.000406945
0.000949539
0.000406945
0.00284862
0.00217037
0.00230602
0.00596853
0.00474769
0.00610418
0.00488334
0.0109875
0.00895279
0.00664677
0.00474769
0.00529029
0.00339121
0.00298426
0.00162778
0.00108519
0.00135648
0.00176343
0.000949539
0.000542594
0.00108519
0.000542594
0.000406945
0.000678242
0.000406945
0.000135648
0.000406945
0
0.00352686
0
0.000406945
0.000135648
0.000135648
0.000271297
0.000135648
0.000135648
0.000271297
0.000271297
0.000271297
0
0.000406945
0.000135648
0.000542594
0.000271297
0.000271297
0.000406945
0
0.000542594
0.000406945
0.00149213
0
0.000271297
0.000135648
0.000135648
0.000135648
0.000406945
0.000135648
0.000135648
0.000135648
0.000271297
0.000135648
0.000406945
0.000135648
0.000271297
0.000406945
0.000135648
0.000135648
0.000271297
0.000135648
0.000135648
0
0.00244167
0
0.000135648
0
0.00081389
0.000271297
0.000542594
0.00081389
0.000406945
0.000271297
0
0.000271297
0.000406945
0.000406945
0.00108519
0.000406945
0.000271297
0.00135648
0.000135648
0.000406945
0.000271297
0.00122084
0.000542594
0.000678242
0.000542594
0.00135648
0.000949539
0.000949539
0.00176343
0.000542594
0.00135648
0.00271297
0.00162778
0.00081389
0.00271297
0.0039338
0.00434075
0.0039338
0.00379816
0.00162778
0.00515464
0.00515464
0.0187195