0
0.00263098
0.00514756
0.0115534
0.027854
0.0598833
0.0514756
0.0227637
0.0105811
0.007035
0.00428964
0.00337451
0.00200183
0.002345
0.00251659
0.00223061
0.000972318
0.000743537
0.000571952
0.000457561
0.000171585
0.000972318
0.000171585
0.000514756
0.000457561
0.000285976
0.000171585
0.000171585
0.000343171
0.000171585
0.00011439
0.00011439
0.000285976
5.71951e-005
0.000343171
0.000343171
0
0.00011439
5.71951e-005
0
0
0
0
0.0047472
0
0
0
5.71951e-005
5.71951e-005
0
0
0
0
0.00011439
0
5.71951e-005
0
0.000171585
0
5.71951e-005
0
0
0
0
0.000400366
0
0
0
5.71951e-005
0.00011439
0
5.71951e-005
0.00011439
0
0
0
0
5.71951e-005
5.71951e-005
0
0
0
0
0
0
0.000343171
0
0
0
5.71951e-005
5.71951e-005
0
0
0
0.00011439
0
0
5.71951e-005
0
0.000228781
0
5.71951e-005
0.00011439
0.00011439
5.71951e-005
0
0.000285976
0
0
5.71951e-005
5.71951e-005
5.71951e-005
0.00011439
0.000171585
0
0.000343171
0
0.000228781
0.00011439
0
5.71951e-005
0.00011439
0.000228781
0.00011439
0.00011439
5.71951e-005
5.71951e-005
0
0.00800732
0
0.000171585
0.000457561
0.000857927
0.000514756
0.000800732
0.000686342
0.000972318
0.00148707
0.00142988
0.00108671
0.00251659
0.0011439
0.00411805
0.00457561
0.0024022
0.00720659
0.0070922
0.0070922
0.00228781
0.0131549
0.00835049
0.00760695
0.00777854
0.00995196
0.0058911
0.00720659
0.00960879
0.00652025
0.0047472
0.00766415
0.00245939
0.00274537
0.00366049
0.00245939
0.00165866
0.00194464
0.00160146
0.000457561
0.00011439
5.71951e-005
0.014356
0
5.71951e-005
0.000285976
0.000857927
0.000686342
0.000400366
0.000457561
0.000686342
0.00108671
0.000171585
0.00102951
0.000800732
0.000457561
0.00102951
0.000228781
0.000457561
0.000800732
0.000343171
0.000343171
0.00011439
0.00160146
0
0.000171585
0.000171585
0.00011439
0.000457561
0.000228781
0.000514756
0
0.000400366
0.000171585
0.000629147
0.000171585
0.000285976
0.000343171
0.000228781
0.000343171
0.000171585
0.000228781
5.71951e-005
0
0
0.0024022
0.00011439
5.71951e-005
0.000228781
0.000228781
0.000171585
0.000285976
0.000228781
0.000343171
0.000171585
0.000629147
0.000171585
0.000228781
0
0.000686342
0.000571952
0.000343171
0.000629147
0.000400366
0.000800732
0.00011439
0.00171585
0.000629147
0.000514756
0.000629147
0.000400366
0.000800732
0.000857927
0.000972318
0.000915122
0.000857927
0.00102951
0.000743537
0.00142988
0.00154427
0.00148707
0.000972318
0.00154427
0.000915122
0.00148707
0.00303134
0.00137268
0.543068