0
0.004095
0.012285
0.012285
0.01638
0.014742
0.025389
0.028665
0.018018
0.018837
0.017199
0.020475
0.022932
0.012285
0.01638
0.00655201
0.00573301
0.00819001
0.00573301
0.00982801
0.00737101
0.00982801
0.00655201
0.00819001
0.013923
0.004095
0.011466
0.00982801
0.018837
0.011466
0.019656
0.014742
0.01638
0.02457
0.021294
0.025389
0.019656
0.010647
0.030303
0.037674
0.002457
0
0
0.0884521
0
0
0.013923
0.020475
0.004095
0.004914
0.00655201
0.003276
0.003276
0.003276
0.002457
0.00737101
0
0.00573301
0.000819001
0
0.000819001
0.003276
0.000819001
0
0.002457
0
0.000819001
0
0.000819001
0
0
0.001638
0
0
0.001638
0
0
0
0.001638
0
0
0
0
0
0
0.004914
0
0
0
0.000819001
0
0
0.001638
0
0
0
0
0
0
0.000819001
0
0
0.000819001
0
0
0
0.001638
0
0
0
0
0
0
0
0
0.000819001
0
0.000819001
0
0
0.000819001
0
0.001638
0.000819001
0.000819001
0
0
0
0.013104
0
0
0.002457
0
0
0.002457
0.000819001
0
0.000819001
0.002457
0
0.001638
0
0.00573301
0.000819001
0.000819001
0.000819001
0.004095
0.000819001
0
0.00982801
0.001638
0.001638
0.000819001
0.002457
0.000819001
0.000819001
0.00900901
0.002457
0.002457
0.002457
0
0
0
0
0.001638
0
0
0.000819001
0.000819001
0
0.015561
0
0
0
0
0
0
0
0.000819001
0.000819001
0
0.001638
0
0
0.001638
0
0
0.000819001
0
0
0.001638
0.004095
0
0
0.000819001
0
0
0.000819001
0.001638
0.000819001
0
0.001638
0.000819001
0
0
0
0
0
0
0
0
0
0
0.003276
0
0
0
0.000819001
0
0
0.001638
0.001638
0.000819001
0.000819001
0.000819001
0.000819001
0.002457
0
0.001638
0
0.001638
0.003276
0.000819001
0
0.002457
0.000819001
0.002457
0.003276
0.000819001
0
0.000819001
0.003276
0.000819001
0.000819001
0.002457
0.002457
0.001638
0.001638
0.001638
0.001638
0.004095
0.00573301
0.003276
0.00900901
0.000819001
0.026208