0
0
0
0
0
0
0
0
0
0
0
0
0
0
0.000675676
0
0
0
0
0
0
0.000675676
0
0
0
0
0
0
0
0
0
0
0
0
0
0
0
0
0
0
0
0
0
0
0
0
0
0
0
0
0
0
0
0
0
0
0
0
0
0
0
0
0
0
0
0
0
0
0
0
0
0
0
0
0
0
0
0
0
0
0
0
0
0
0
0
0
0
0
0
0
0
0
0
0
0
0
0
0
0
0
0
0
0
0
0
0
0
0
0
0
0
0
0
0
0
0
0
0
0
0
0
0
0
0
0
0
0
0
0
0
0
0
0
0
0
0
0
0
0
0
0
0
0
0
0
0
0
0
0
0
0
0
0.000675676
0.00135135
0
0.00337838
0
0.00135135
0.00810811
0
0
0.0155405
0.00608108
0.0027027
0
0
0
0
0
0.233108
0
0
0
0
0
0.0027027
0.00337838
0
0.00608108
0
0.0243243
0.0027027
0
0.114189
0
0
0.00472973
0.000675676
0
0
0.178378
0
0
0
0
0.00540541
0
0.0439189
0
0
0
0.00810811
0
0.0027027
0
0
0
0
0
0
0
0
0.123649
0
0
0
0
0
0
0
0.00202703
0
0.0277027
0
0
0
0.0297297
0
0
0.0175676
0
0
0
0.0439189
0
0
0.000675676
0.0310811
0
0
0.0202703
0
0
0.0101351
0
0
0.00675676
0.00135135
0
0
0
0
0
0
0.0141892