0
0
0
0
0
0
0
0
0
0
0
0.00110865
0
0
0
0
0
0
0
0
0
0.000554324
0
0
0
0
0
0
0
0
0
0
0
0
0
0
0
0
0
0
0
0
0
0
0
0
0
0
0
0
0
0
0
0
0
0
0
0
0
0
0
0
0
0
0
0
0
0
0
0
0
0
0
0
0
0
0
0
0
0
0
0
0
0
0
0
0
0
0
0
0
0
0
0
0
0
0
0
0
0
0
0
0
0
0
0
0
0
0
0
0
0
0
0
0
0
0
0
0
0
0
0
0
0
0
0
0
0
0
0
0
0
0
0
0
0
0
0
0
0
0
0
0.000554324
0
0
0
0
0
0
0.00166297
0
0
0
0.000554324
0
0
0.00665188
0
0.00110865
0.0110865
0
0
0.0127494
0.0105322
0.00221729
0.00110865
0
0
0
0
0.196785
0
0
0
0
0.00110865
0.00110865
0.00332594
0
0.00665188
0
0.0177384
0.000554324
0
0.114745
0
0
0.00720621
0.000554324
0
0
0.223392
0
0
0
0
0.00332594
0
0.0271619
0
0
0
0.0133038
0
0.00277162
0
0
0
0
0
0
0
0
0.117517
0
0
0
0
0
0
0
0.00332594
0
0.0282705
0
0
0
0.018847
0
0
0.0155211
0
0
0
0.058204
0
0
0.000554324
0.0277162
0
0
0.0166297
0
0
0.0166297
0
0
0.00831486
0.00277162
0
0
0
0
0
0
0.0160754