0.00178571
0.0569196
0.0247768
0.0183036
0.0100446
0.00446429
0.00580357
0.00334821
0.00200893
0.00290179
0.00223214
0.0015625
0.00178571
0.00133929
0.00133929
0.000669643
0.000669643
0.000669643
0.000892857
0.000669643
0.000892857
0.000892857
0.000223214
0.000669643
0.000669643
0.000446429
0.000669643
0.000223214
0.000223214
0
0
0.000223214
0
0.000223214
0.000223214
0
0
0
0.000223214
0
0.000223214
0
0
0.00602679
0
0
0
0
0
0
0
0
0
0
0
0
0
0
0
0
0
0
0
0
0
0
0
0
0
0
0
0
0
0
0
0
0
0
0
0
0
0
0
0
0
0.000223214
0
0
0
0
0
0
0
0
0
0
0
0
0
0
0
0
0
0
0
0
0
0
0
0
0
0
0
0
0
0
0
0
0
0
0
0
0
0
0
0
0
0
0.000892857
0
0
0
0
0
0
0
0
0
0.000446429
0
0.000223214
0
0.000446429
0.000669643
0.000223214
0.000446429
0.000669643
0.000892857
0.000892857
0.00223214
0.00111607
0.00178571
0.0015625
0.00334821
0.00446429
0.0046875
0.00825893
0.0046875
0.009375
0.00892857
0.00558036
0.00691964
0.0142857
0.0113839
0.00915179
0.0046875
0.00714286
0.00625
0.0046875
0.000223214
0.0305804
0.000669643
0.00758929
0.00535714
0.0100446
0.00334821
0.0078125
0.00714286
0.00625
0.0100446
0.00357143
0.0109375
0.00691964
0.00736607
0.009375
0.00580357
0.0046875
0.00625
0.00647321
0.00535714
0.00491071
0.009375
0.00178571
0.00446429
0.00357143
0.003125
0.00357143
0.0046875
0.00602679
0.00133929
0.00290179
0.00334821
0.00379464
0.0046875
0.00245536
0.00446429
0.00133929
0.00245536
0.00334821
0.00245536
0.000669643
0.000892857
0
0.0116071
0.00111607
0.00267857
0.00446429
0.00267857
0.00290179
0.00446429
0.00379464
0.00357143
0.00334821
0.00334821
0.00513393
0.00513393
0.00267857
0.00558036
0.00647321
0.00223214
0.00558036
0.00558036
0.00357143
0.00580357
0.00870536
0.00401786
0.00758929
0.00580357
0.0078125
0.00558036
0.00669643
0.009375
0.00602679
0.00825893
0.009375
0.0118304
0.0104911
0.0142857
0.0136161
0.0160714
0.0194196
0.0142857
0.0229911
0.0238839
0.0602679
0.109598