0.00139762
0.0153739
0.0328442
0.0314465
0.0216632
0.0153739
0.0122292
0.0192173
0.0108316
0.0139762
0.0118798
0.0101328
0.00698812
0.00768693
0.00803634
0.00489168
0.00454228
0.00803634
0.00419287
0.0055905
0.00419287
0.00663871
0.00698812
0.00524109
0.00454228
0.00489168
0.0059399
0.00454228
0.00628931
0.00628931
0.00419287
0.00524109
0.00628931
0.00419287
0.00384347
0.0055905
0.0059399
0.00314465
0.00419287
0.00384347
0.00279525
0.00384347
0.00104822
0.0649895
0.00209644
0.00314465
0.000349406
0.00244584
0.00209644
0.00139762
0.00174703
0.00139762
0.00279525
0.00279525
0.00104822
0.00174703
0.000698812
0.00104822
0
0.00139762
0.00244584
0.00174703
0.000698812
0.00104822
0.000698812
0
0.000698812
0.000349406
0.000349406
0
0.000349406
0.000349406
0.000349406
0.000698812
0.00139762
0.000349406
0
0.000698812
0.00104822
0.000349406
0.000698812
0
0.000698812
0.000349406
0
0.00174703
0
0
0.000349406
0.000698812
0
0.000349406
0.00104822
0
0.000698812
0.000349406
0
0.000349406
0.000698812
0
0
0.000698812
0.000698812
0
0
0.000349406
0.00139762
0
0
0
0
0
0
0.00139762
0
0
0
0
0.000698812
0.000349406
0.00139762
0.000698812
0.000349406
0.00104822
0.000349406
0.000349406
0
0
0.0136268
0.000698812
0
0.00139762
0.000349406
0
0.000349406
0.00104822
0.000349406
0.000349406
0.000349406
0
0.00104822
0.000349406
0.000349406
0.000698812
0.000349406
0.000349406
0.000698812
0.000349406
0.000698812
0.000349406
0.000349406
0.000349406
0.00139762
0.000698812
0.000349406
0
0
0.000698812
0.000349406
0.000349406
0
0.00104822
0.00104822
0.000698812
0.000349406
0.00104822
0
0.00139762
0.00139762
0.000698812
0.00209644
0.000349406
0.000349406
0.000349406
0.00139762
0.000698812
0.000349406
0.000349406
0.000698812
0.000349406
0.000698812
0.000349406
0.000698812
0.000349406
0.00104822
0
0.000698812
0.000349406
0.000349406
0.000698812
0.000349406
0.000349406
0.000349406
0
0
0
0.000349406
0
0.000698812
0.000349406
0.000349406
0
0.000349406
0.00104822
0
0
0.000349406
0
0.00104822
0.000349406
0
0
0
0.0202655
0.000698812
0.00104822
0.000349406
0.000698812
0
0.000698812
0
0
0.00139762
0.00244584
0.000698812
0.00174703
0.00104822
0.00314465
0.00139762
0
0.00209644
0.00139762
0.00209644
0.000349406
0.00174703
0.00174703
0.000349406
0.00139762
0.00244584
0.00104822
0.00279525
0.00279525
0.00139762
0.00244584
0.00384347
0.00454228
0.00139762
0.00489168
0.00628931
0.00698812
0.00733753
0.00524109
0.00873515
0.00698812
0.00803634
0.343117