0.000772201
0.00540541
0.00617761
0.0046332
0.0100386
0.0146718
0.015444
0.0162162
0.0131274
0.0138996
0.0138996
0.0162162
0.0123552
0.0177606
0.0100386
0.00617761
0.0100386
0.00540541
0.00926641
0.003861
0.00540541
0.00926641
0.00540541
0.00772201
0.00694981
0.00617761
0.00849421
0.0108108
0.00772201
0.0123552
0.0100386
0.0046332
0.0108108
0.0131274
0.00694981
0.0123552
0.0100386
0.00694981
0.00617761
0.00694981
0.00540541
0.0030888
0
0.0749035
0.003861
0.0030888
0.0023166
0
0.0023166
0.0030888
0.0015444
0.000772201
0.0015444
0.000772201
0.000772201
0.0030888
0.0015444
0
0.000772201
0.000772201
0.0023166
0.0015444
0.0015444
0
0.000772201
0
0.0030888
0
0.000772201
0.000772201
0.0023166
0.0015444
0.0015444
0.000772201
0
0.000772201
0
0
0.000772201
0.000772201
0.0015444
0.000772201
0.0023166
0.0015444
0
0
0
0
0.0015444
0.000772201
0.000772201
0
0
0
0
0
0.000772201
0
0
0.0015444
0.000772201
0
0.0015444
0
0
0
0.0030888
0
0.000772201
0.000772201
0
0
0.0023166
0.000772201
0.000772201
0.0015444
0.0023166
0.000772201
0.0023166
0
0.000772201
0.0015444
0.0015444
0.000772201
0.0015444
0
0.000772201
0
0.027027
0
0.000772201
0.000772201
0.000772201
0.0015444
0.0015444
0
0
0.000772201
0.0015444
0.000772201
0.000772201
0.0015444
0.0023166
0.0015444
0
0.000772201
0
0.000772201
0.000772201
0.003861
0
0
0.0023166
0
0.000772201
0
0.000772201
0
0.0015444
0
0
0.000772201
0.0030888
0.0030888
0
0.0015444
0.000772201
0
0.0023166
0.0015444
0.011583
0.0015444
0.0023166
0.000772201
0.0023166
0.000772201
0.000772201
0.000772201
0.000772201
0.0015444
0.0023166
0.000772201
0.0015444
0.000772201
0
0.0015444
0.000772201
0
0
0
0.0015444
0
0
0.0015444
0
0.0015444
0.0015444
0
0.0015444
0.0023166
0
0.0023166
0.000772201
0
0
0.0015444
0
0.000772201
0.0015444
0.000772201
0
0.0015444
0.000772201
0.0208494
0
0.000772201
0
0
0.000772201
0
0.0015444
0.0015444
0.0015444
0.000772201
0
0.000772201
0
0.000772201
0.000772201
0.000772201
0.000772201
0
0
0.0015444
0.0023166
0
0.0015444
0.000772201
0.0023166
0
0.0023166
0.0023166
0.000772201
0.000772201
0.0015444
0.0015444
0.0023166
0.0046332
0.0015444
0.0023166
0.0023166
0.0030888
0.0030888
0.0015444
0.0030888
0.27027