0
0
0.000674764
0.00269906
0.00202429
0.000674764
0.00269906
0.00202429
0.000674764
0.00472335
0.00269906
0.00539811
0.00202429
0.000674764
0.00337382
0.00337382
0
0.00269906
0.000674764
0.00269906
0.00269906
0.00539811
0.000674764
0
0.00202429
0.00337382
0.00337382
0.00607287
0.00674764
0.00202429
0.00134953
0.00134953
0.00269906
0.00134953
0.00202429
0.00269906
0.00134953
0.000674764
0.00134953
0
0.00134953
0.000674764
0
0.0155196
0.000674764
0
0.00202429
0.00134953
0.00134953
0.00269906
0.00337382
0.00134953
0.00134953
0.00202429
0.00134953
0.00269906
0
0.00202429
0.00202429
0.000674764
0.000674764
0.00202429
0
0
0.00539811
0.000674764
0
0.00134953
0.00337382
0.00134953
0
0.00269906
0
0.00134953
0
0.000674764
0
0.00337382
0
0
0.00202429
0.00134953
0
0
0
0.0128205
0
0
0
0.00134953
0.00134953
0
0.000674764
0
0.000674764
0
0.00134953
0
0
0.00337382
0.000674764
0.00134953
0.000674764
0.000674764
0.00134953
0
0.00539811
0
0.000674764
0
0
0.00202429
0.000674764
0.00607287
0.00202429
0.000674764
0
0.00202429
0
0.00134953
0.00337382
0.000674764
0
0.00134953
0.000674764
0.000674764
0
0
0.0161943
0
0
0.00134953
0.00134953
0.000674764
0.00337382
0.00404858
0.00472335
0.00202429
0.00674764
0.00269906
0.00539811
0.00134953
0.00809717
0.0074224
0.00539811
0.0121457
0.0121457
0.00809717
0.00337382
0.022942
0.00877193
0.0175439
0.00607287
0.0168691
0.0161943
0.0134953
0.0222672
0.0148448
0.011471
0.0128205
0.00202429
0.0107962
0.00809717
0.0101215
0.00539811
0.011471
0.0074224
0.000674764
0
0.000674764
0.0425101
0
0.000674764
0.000674764
0.00472335
0.00337382
0.00607287
0.00269906
0.00269906
0.00404858
0.000674764
0.00674764
0.00134953
0.000674764
0.0101215
0
0.000674764
0.00607287
0.000674764
0
0.00134953
0.00674764
0
0.00269906
0.00269906
0
0.00202429
0.00134953
0.00877193
0
0.000674764
0
0.00404858
0.00337382
0.00269906
0.00337382
0.00337382
0.000674764
0.00134953
0
0
0
0
0.0168691
0
0
0.00202429
0.00202429
0.000674764
0.00202429
0.00337382
0.00472335
0.00134953
0.00404858
0.000674764
0.00134953
0
0.00674764
0.00134953
0.000674764
0.00404858
0.00337382
0.00134953
0
0.01417
0.00134953
0.00607287
0.00809717
0.00944669
0.00607287
0.00607287
0.0128205
0.0107962
0.0128205
0.0242915
0.0134953
0.0101215
0.025641
0.0215924
0.0107962
0.0175439
0.00674764
0.00944669
0.00269906
0
0.037112