0
0.000127714
0.000127714
0.00191571
0.0280971
0.0131545
0.00893997
0.0191571
0.0045977
0.0243934
0.00102171
0.0320562
0.0103448
0.00319285
0.0402299
0.00319285
0.00727969
0.0205619
0.00906769
0.0063857
0.00217114
0.045977
0
0.00229885
0.0114943
0.00140485
0.00881226
0.00536398
0.0153257
0.00127714
0.00536398
0.00191571
0.00753512
0.00293742
0.00421456
0.00472542
0.00191571
0.00166028
0.00166028
0.00217114
0.000510856
0
0
0.0153257
0
0
0.000255428
0.000766284
0.000510856
0.000510856
0.000383142
0.00114943
0.000383142
0.000127714
0.000127714
0.000510856
0.000127714
0.00114943
0.000127714
0
0.000127714
0.000510856
0.000127714
0
0.00114943
0
0.000255428
0
0
0
0.000127714
0.000383142
0
0.000510856
0.00063857
0
0
0.000127714
0.000255428
0.000127714
0.000127714
0.000127714
0
0
0
0.000766284
0
0
0
0
0.000127714
0.000127714
0
0.000127714
0
0
0.000127714
0.000127714
0
0.000127714
0
0.000127714
0.000510856
0.000255428
0
0
0.000510856
0
0
0.000255428
0
0.000127714
0
0.000383142
0.000127714
0.000127714
0
0
0
0.000127714
0
0
0
0.000127714
0.000127714
0
0
0
0.00242656
0
0
0.000127714
0
0
0.000127714
0.000127714
0.000383142
0
0.000510856
0
0.000127714
0
0.000510856
0
0
0.000383142
0.000127714
0
0
0.00204342
0
0.000127714
0.000383142
0
0
0
0.00114943
0
0
0.000893997
0
0
0.000127714
0
0
0
0.000127714
0
0
0
0.011622
0
0
0.000127714
0
0
0.000510856
0.000255428
0.000127714
0.00063857
0
0.00102171
0.000255428
0.000255428
0.00255428
0
0
0.000510856
0.000127714
0.000127714
0
0.00689655
0
0
0.000127714
0
0.000383142
0
0.00178799
0.000127714
0.000127714
0
0.000383142
0.000127714
0.000255428
0.000127714
0.000127714
0
0
0.000255428
0
0
0
0.0210728
0
0
0
0.000127714
0
0.000127714
0.000893997
0.000766284
0.000255428
0.00140485
0
0.000383142
0
0.00970626
0.000127714
0
0.00178799
0.000766284
0
0.000383142
0.0264368
0
0.000255428
0.00153257
0.00421456
0.000766284
0.000255428
0.0256705
0.000510856
0.00191571
0.0209451
0
0.00229885
0.0126437
0.00766284
0.00395913
0.0132822
0.0402299
0.00153257
0
0
0.366539