0.0121817
0.090101
0.0758889
0.0178885
0.0105904
0.00779192
0.00554214
0.00548727
0.00433494
0.00488367
0.00411545
0.00356673
0.00466418
0.00389596
0.00488367
0.00329236
0.00268876
0.00455443
0.0036216
0.00395083
0.00395083
0.0054324
0.003018
0.00433494
0.00400571
0.00400571
0.00471905
0.00384109
0.00466418
0.00428007
0.00400571
0.00296313
0.0042252
0.00395083
0.00428007
0.00504829
0.00378622
0.00329236
0.00438982
0.00400571
0.00367647
0.00290825
0.00131694
0.0305092
0.003018
0.00378622
0.00455443
0.00493854
0.00466418
0.00471905
0.00554214
0.00537752
0.00433494
0.00526778
0.00466418
0.00510316
0.00246927
0.00565189
0.00406058
0.00235953
0.00521291
0.00345698
0.00307287
0.00159131
0.00598112
0.00192054
0.00192054
0.00186567
0.00252414
0.00142669
0.00142669
0.00224978
0.00104258
0.0018108
0.00208516
0.00082309
0.00082309
0.00164618
0.00137182
0.00082309
0.0012072
0.000768218
0.000384109
0.000438982
0.000219491
0.0042252
5.48727e-005
0.000493854
0.000329236
0.000548727
0.000987709
0.0006036
0.00082309
0.000274363
0.00104258
0.000164618
0.00109745
0.000768218
0.000329236
0.00126207
0.000274363
0.000713345
0.0006036
0.00082309
0.000548727
0.000109745
0.00230465
0
0.000548727
0.000768218
0.000164618
0.000713345
0.000329236
0.00148156
0.000274363
0.000768218
0.000219491
0.000877963
0.000274363
0.000493854
0.000384109
0.000384109
0.000329236
0.000493854
0.000219491
5.48727e-005
5.48727e-005
0
0.00526778
0
0.000109745
0.000438982
0.000658472
0.000329236
0.0006036
0.000548727
0.000658472
0.000548727
0.000713345
0.0006036
0.000493854
0.000548727
0.00148156
0.000768218
0.000384109
0.000987709
0.000987709
0.000493854
0.000493854
0.00170105
0.000548727
0.00082309
0.0006036
0.000713345
0.000384109
0.000329236
0.00082309
0.000493854
0.000877963
0.000768218
0.000658472
0.000384109
0.00104258
0.000493854
0.00104258
0.000548727
0.000438982
0.0006036
0.000768218
5.48727e-005
0.00587138
0
0.00126207
0.00126207
0.00082309
0.00082309
0.00104258
0.00131694
0.0012072
0.00224978
0.0006036
0.00192054
0.00164618
0.00268876
0.00230465
0.00148156
0.00142669
0.00175593
0.0018108
0.00175593
0.00175593
0.00307287
0.000274363
0.00224978
0.00170105
0.000658472
0.0018108
0.00148156
0.00323749
0.000877963
0.000932836
0.000987709
0.00131694
0.000713345
0.000713345
0.00137182
0.00082309
0.000274363
0.00104258
0.00126207
0.000493854
5.48727e-005
0
0.0265035
0
0.000713345
0.00148156
0.000932836
0.00109745
0.000658472
0.00131694
0.00131694
0.00082309
0.00115233
0.000548727
0.00082309
0.000658472
0.00175593
0.00115233
0.0006036
0.00137182
0.0012072
0.0012072
0.000932836
0.00296313
0.00153644
0.00148156
0.00148156
0.00164618
0.00142669
0.00192054
0.00268876
0.00274363
0.00235953
0.00329236
0.00318262
0.00252414
0.00351185
0.00433494
0.00455443
0.00609087
0.0048288
0.00740781
0.0112489
0.0170105
0.235568