0.00772201
0.0266409
0.0106178
0.00810811
0.0050193
0.0042471
0.00289575
0.0019305
0.0030888
0.003861
0.0015444
0.0027027
0.0023166
0.0023166
0.0019305
0.000965251
0.0023166
0.00328185
0.0023166
0.00212355
0.0030888
0.00289575
0.0011583
0.00250965
0.003861
0.00212355
0.00212355
0.00250965
0.003861
0.00328185
0.0034749
0.0027027
0.00328185
0.00289575
0.00405405
0.00444015
0.0023166
0.003861
0.00289575
0.00173745
0.0027027
0.00173745
0.000579151
0.0169884
0.0019305
0.0023166
0.00366795
0.0023166
0.00212355
0.00250965
0.0019305
0.0027027
0.000965251
0.0019305
0.0011583
0.00135135
0.000965251
0.0015444
0.00173745
0.000772201
0.000579151
0.000579151
0.0015444
0.00019305
0.00173745
0.00019305
0.000772201
0.000579151
0.0011583
0.000772201
0.000965251
0.000965251
0
0
0.0003861
0.0003861
0.000579151
0.000772201
0.0003861
0.00019305
0
0.000579151
0
0
0
0.00135135
0
0
0.00019305
0.000965251
0.00019305
0.00019305
0.00019305
0.000772201
0.000579151
0
0.0003861
0.00019305
0.00019305
0.000579151
0.00019305
0.00019305
0.00019305
0.000579151
0
0.000579151
0.00019305
0.0003861
0
0
0.000772201
0.000772201
0.00019305
0.000579151
0.000579151
0.00019305
0.0003861
0
0.00019305
0.0003861
0.000579151
0.000579151
0.0003861
0
0.00019305
0
0.0003861
0
0.0102317
0.00019305
0
0.0003861
0.00019305
0.000772201
0.0011583
0.0003861
0.000965251
0.0003861
0.0011583
0.000965251
0.000772201
0.000579151
0.00289575
0.000579151
0.000965251
0.00212355
0.00212355
0.00135135
0.00173745
0.00772201
0.00540541
0.00675676
0.00945946
0.00926641
0.0127413
0.0179537
0.0194981
0.019112
0.0266409
0.0243243
0.0194981
0.0164093
0.0216216
0.0148649
0.0138996
0.0127413
0.0102317
0.00945946
0.00965251
0.003861
0.0254826
0.00482625
0.00733591
0.00849421
0.00482625
0.00405405
0.00405405
0.00559846
0.0030888
0.0042471
0.00328185
0.00482625
0.00444015
0.0023166
0.00328185
0.0027027
0.0027027
0.00366795
0.0015444
0.00366795
0.00135135
0.00366795
0.000965251
0.0011583
0.0015444
0.0019305
0.0023166
0.00135135
0.00289575
0.0015444
0.0019305
0.00135135
0.00135135
0.0023166
0.000579151
0.0023166
0.000965251
0.0015444
0.00135135
0.0015444
0.00135135
0.000965251
0.00019305
0.00772201
0.000965251
0.000965251
0.00212355
0.000965251
0.0015444
0.00135135
0.00135135
0.0015444
0.000772201
0.0015444
0.0011583
0.0015444
0.0023166
0.00135135
0.00173745
0.000965251
0.0023166
0.00250965
0.00212355
0.0027027
0.00444015
0.00212355
0.00289575
0.0019305
0.0030888
0.00405405
0.00366795
0.0027027
0.00405405
0.00289575
0.003861
0.00559846
0.00579151
0.00791506
0.00637066
0.00752896
0.0102317
0.00984556
0.0148649
0.0310811
0.0364865
0.092471