0.000483092
0.00483092
0.0057971
0.0140097
0.0362319
0.0666667
0.0444444
0.0178744
0.0183575
0.0144928
0.0135266
0.00869565
0.00917874
0.0115942
0.00821256
0.00724638
0.00386473
0.0057971
0.00724638
0.00821256
0.00386473
0.00869565
0.0057971
0.00483092
0.00386473
0.00531401
0.00193237
0.00724638
0.010628
0.00917874
0.00676329
0.00772947
0.00917874
0.00772947
0.00676329
0.00772947
0.00531401
0.0057971
0.00338164
0.00628019
0.00386473
0.00724638
0.000966184
0.0729469
0.00434783
0.00338164
0.00434783
0.000966184
0.00193237
0.00434783
0.00241546
0.00241546
0.00144928
0.000966184
0.00241546
0.00241546
0.000966184
0.000483092
0.00241546
0.000483092
0.00144928
0.000966184
0.00193237
0.000483092
0.00241546
0.000966184
0
0.000483092
0.000966184
0.000483092
0.000966184
0
0.000483092
0.000483092
0.000483092
0
0
0.00144928
0
0
0
0
0
0.000483092
0.000483092
0
0
0
0.000483092
0
0.000966184
0
0
0
0.000483092
0
0
0.000483092
0
0
0
0
0.000483092
0
0.000483092
0
0.000483092
0.000483092
0
0
0.000483092
0
0
0.000483092
0.000483092
0.000483092
0.000483092
0.000483092
0.000966184
0
0
0.000483092
0.000483092
0.000483092
0.000483092
0.000483092
0
0
0.00869565
0.000483092
0
0
0.000483092
0.000483092
0
0.000483092
0.000483092
0.000483092
0.000483092
0
0.000483092
0
0.000483092
0
0
0
0
0.000483092
0.000483092
0.00193237
0
0.000483092
0
0.00144928
0.000483092
0.000483092
0
0
0.000483092
0.000966184
0
0.000483092
0.000966184
0
0
0.000483092
0.00144928
0
0.000483092
0.000483092
0.00193237
0.000966184
0.000966184
0.000483092
0.000483092
0.00144928
0.000966184
0.000483092
0.00144928
0.00289855
0.00144928
0.000966184
0.000483092
0.000483092
0.00289855
0
0.000966184
0.00193237
0.000966184
0.000483092
0.000483092
0.00144928
0.000483092
0
0.000483092
0
0
0.000966184
0.000483092
0
0.000966184
0.00144928
0.000483092
0.000483092
0.00144928
0
0.000966184
0.000483092
0.00144928
0
0
0
0.000483092
0.015942
0.000483092
0.000966184
0.000966184
0.00144928
0.000966184
0.000483092
0.000483092
0.00144928
0.000966184
0
0.000966184
0
0.000966184
0.000966184
0.000483092
0
0.000966184
0.000483092
0.000483092
0.00144928
0.00144928
0.00289855
0.000483092
0
0.00193237
0.00338164
0.00241546
0.00144928
0.000966184
0.00193237
0.00144928
0.00241546
0.00531401
0.0057971
0.00289855
0.00338164
0.00434783
0.0057971
0.00483092
0.00241546
0.00289855
0.269565