0.0039705
0.0124787
0.0232558
0.0459444
0.028928
0.0226886
0.0175837
0.015882
0.015882
0.0130459
0.0153148
0.0147476
0.0102099
0.0113443
0.00850822
0.00794101
0.00737379
0.00907544
0.00737379
0.0136132
0.00623936
0.0192853
0.00680658
0.00794101
0.0153148
0.00623936
0.0147476
0.0102099
0.0119115
0.00510493
0.00794101
0.00340329
0.00737379
0.00567215
0.00340329
0.0039705
0.00283607
0.00170164
0.00226886
0.00170164
0.00340329
0.00170164
0
0.0697674
0.00113443
0.00170164
0
0.000567215
0
0.00283607
0.00113443
0.00113443
0.00226886
0.00226886
0
0.000567215
0
0.00226886
0.00340329
0
0.00226886
0.00113443
0.000567215
0.000567215
0.00113443
0
0.000567215
0.00170164
0.00113443
0.000567215
0
0.00113443
0.00113443
0
0
0
0.000567215
0.000567215
0.00170164
0
0.000567215
0.00113443
0
0.000567215
0
0.00226886
0
0
0
0.000567215
0.00113443
0.000567215
0.000567215
0
0.000567215
0.000567215
0.00113443
0.000567215
0
0.00170164
0.00113443
0.000567215
0
0.000567215
0
0.00113443
0.000567215
0.000567215
0.000567215
0.000567215
0
0.00113443
0
0.00113443
0.00170164
0.00113443
0.00170164
0.000567215
0.000567215
0.00170164
0
0.00170164
0
0.00113443
0.000567215
0.000567215
0.00170164
0
0.0136132
0.00113443
0.000567215
0.000567215
0.000567215
0.00170164
0
0
0.000567215
0.000567215
0.00170164
0.000567215
0.00113443
0.00113443
0.000567215
0
0
0
0.00226886
0
0.000567215
0.00283607
0.00170164
0.000567215
0.00170164
0.000567215
0.000567215
0.00113443
0.00113443
0.00113443
0.00170164
0.000567215
0.000567215
0.000567215
0.00226886
0.00113443
0.00170164
0.00170164
0.000567215
0.00170164
0
0.000567215
0.00226886
0
0.00113443
0.000567215
0.00113443
0.00113443
0.00170164
0
0.00170164
0.00170164
0
0.000567215
0
0.000567215
0
0.000567215
0.00113443
0.000567215
0.000567215
0
0.000567215
0.00170164
0.00170164
0
0.00113443
0
0.000567215
0.00113443
0.00113443
0
0.000567215
0
0.000567215
0.000567215
0
0
0
0.000567215
0.000567215
0.000567215
0
0.00113443
0
0.0232558
0
0.000567215
0
0.000567215
0.000567215
0.000567215
0.00113443
0
0.00113443
0.000567215
0.00113443
0.000567215
0.000567215
0.00113443
0.000567215
0.000567215
0.00283607
0.00113443
0
0.000567215
0.000567215
0.000567215
0.00113443
0.00113443
0.00113443
0.00453772
0.00113443
0.00283607
0.00340329
0.00170164
0.00283607
0.00226886
0.00170164
0.00453772
0.00510493
0.00340329
0.00510493
0.00567215
0.00907544
0.00964266
0.00737379
0.217243