0.00432666
0.00811249
0.0286641
0.0438075
0.0275825
0.0205516
0.016225
0.0183883
0.0102758
0.0156842
0.0216333
0.0146025
0.0156842
0.00973499
0.0118983
0.00919416
0.0140617
0.0102758
0.0151433
0.0108167
0.0156842
0.0151433
0.0118983
0.0108167
0.00919416
0.00757166
0.00648999
0.00973499
0.0118983
0.003245
0.00648999
0.00432666
0.0048675
0.00648999
0.00378583
0.0048675
0.00594916
0.00378583
0.00432666
0.00432666
0.00270416
0.00216333
0
0.0751758
0.00108167
0.00108167
0
0.000540833
0.000540833
0.0016225
0.0016225
0.0016225
0.00216333
0.000540833
0.0016225
0
0
0.00108167
0
0.00108167
0.000540833
0
0.000540833
0
0.00270416
0.000540833
0.000540833
0.00108167
0.0016225
0.00108167
0
0.0016225
0
0.00108167
0
0.000540833
0
0.00108167
0
0.000540833
0
0
0
0
0
0.00108167
0
0.000540833
0.000540833
0
0.000540833
0
0.000540833
0
0.000540833
0
0.000540833
0
0
0.00270416
0.000540833
0.000540833
0.000540833
0.00108167
0.000540833
0
0.000540833
0
0
0.00108167
0.00108167
0.000540833
0.000540833
0.000540833
0
0.00270416
0
0.00108167
0.000540833
0
0.0016225
0.000540833
0.000540833
0.00108167
0.000540833
0
0.000540833
0.000540833
0.022715
0.00216333
0.00108167
0.0016225
0.0016225
0.000540833
0
0.00108167
0.00108167
0
0.000540833
0
0.000540833
0.000540833
0
0.0016225
0.00108167
0.000540833
0
0.000540833
0.000540833
0.000540833
0
0.0016225
0
0
0.000540833
0.000540833
0
0
0.000540833
0.0016225
0
0.00108167
0.000540833
0.000540833
0.0016225
0.00108167
0.0016225
0.00108167
0
0
0.00216333
0.00108167
0.00108167
0
0.00108167
0.000540833
0.00108167
0.00108167
0
0
0.003245
0.000540833
0
0.000540833
0.00108167
0.00108167
0.000540833
0
0.000540833
0.000540833
0
0.0016225
0.00108167
0.000540833
0
0.000540833
0
0
0
0
0.000540833
0
0.000540833
0
0.0016225
0.00108167
0.000540833
0.00108167
0
0
0
0
0.000540833
0.0189292
0.000540833
0.0016225
0
0.0016225
0.000540833
0
0.000540833
0
0
0.00270416
0.000540833
0.00108167
0
0.000540833
0.00108167
0
0.000540833
0.000540833
0
0.00216333
0.00108167
0.00108167
0.00270416
0.000540833
0.0016225
0.00216333
0.00108167
0.00108167
0.00216333
0.00270416
0.00270416
0.003245
0.003245
0.00432666
0.00594916
0.003245
0.00594916
0.0048675
0.00703083
0.0118983
0.00594916
0.205517