0.000674764
0.0074224
0.00877193
0.0101215
0.0107962
0.0472335
0.0499325
0.0283401
0.0168691
0.01417
0.0107962
0.0148448
0.01417
0.0101215
0.00539811
0.00944669
0.00877193
0.00404858
0.00944669
0.00539811
0.00809717
0.0074224
0.00877193
0.0074224
0.00269906
0.00607287
0.00404858
0.00404858
0.0074224
0.00944669
0.0101215
0.0074224
0.011471
0.00674764
0.00877193
0.00877193
0.011471
0.00809717
0.00809717
0.00404858
0.00404858
0.00607287
0.00134953
0.0796221
0.00472335
0.000674764
0.00337382
0.00269906
0.00472335
0.00337382
0.00202429
0.00269906
0.00269906
0.00134953
0.00202429
0.000674764
0.00134953
0.00337382
0
0.000674764
0.00269906
0
0
0.000674764
0.000674764
0.00134953
0
0.00134953
0.000674764
0
0.00134953
0.000674764
0.000674764
0.000674764
0
0
0
0
0
0
0
0
0
0
0
0
0
0
0.000674764
0
0.000674764
0.000674764
0
0
0
0
0
0
0
0.000674764
0.000674764
0
0.000674764
0.000674764
0
0
0
0
0
0
0
0
0
0
0.000674764
0.000674764
0.000674764
0.000674764
0.00134953
0.000674764
0
0
0
0
0.000674764
0.00337382
0.000674764
0.000674764
0.0134953
0
0
0
0
0
0
0.000674764
0.000674764
0
0.000674764
0.000674764
0.000674764
0
0
0
0.000674764
0
0
0.000674764
0
0.00134953
0
0
0
0.00134953
0
0.000674764
0
0
0
0.000674764
0
0
0
0
0
0
0
0
0.000674764
0.000674764
0
0
0.00202429
0
0.000674764
0.000674764
0.000674764
0.00134953
0.000674764
0.000674764
0.000674764
0.00134953
0.00202429
0.000674764
0
0.00134953
0.000674764
0.00134953
0.000674764
0
0
0.00134953
0.000674764
0.000674764
0.000674764
0
0
0.000674764
0
0
0
0
0
0.000674764
0
0.000674764
0.000674764
0
0.000674764
0.00134953
0.00134953
0
0
0.0242915
0
0
0.000674764
0
0
0.00134953
0
0
0
0.00134953
0.000674764
0
0.000674764
0.000674764
0.00134953
0.000674764
0.00134953
0.000674764
0.00202429
0.00134953
0.00134953
0.000674764
0.00134953
0.00202429
0.00404858
0.00202429
0.00202429
0
0.00134953
0.00134953
0.00472335
0.00202429
0.00472335
0.00404858
0.00539811
0.00269906
0.0074224
0.00674764
0.00404858
0.00404858
0.00944669
0.252362