0
0.000425532
0
0.00425532
0.00340426
0.00340426
0.00255319
0.00212766
0.00340426
0.00297872
0.00170213
0.00212766
0.00425532
0.00382979
0.00382979
0.0012766
0.00340426
0.0012766
0.000851064
0.00255319
0.0012766
0.00170213
0.000425532
0.000425532
0.00297872
0
0.00170213
0.00297872
0.00212766
0.000851064
0
0.0012766
0.0012766
0
0.000851064
0.000425532
0.000851064
0
0.00170213
0.000425532
0.0012766
0.00212766
0
0.0123404
0
0.0012766
0.00255319
0.000851064
0.000425532
0.000851064
0.000425532
0.00297872
0.000851064
0.000851064
0.000425532
0.00212766
0
0.00170213
0.00170213
0.0012766
0.00170213
0.000425532
0
0.0012766
0.00170213
0.000851064
0.000425532
0.000425532
0.00170213
0.000851064
0.000851064
0.0012766
0
0.000425532
0.000425532
0
0
0
0.000851064
0.000425532
0.000425532
0
0.000851064
0
0
0.00340426
0
0
0
0.000425532
0.000851064
0.0012766
0.000851064
0.000425532
0.000851064
0.000851064
0.000851064
0.000851064
0.0012766
0.0012766
0.000851064
0.000425532
0.000425532
0.000425532
0
0.000425532
0
0
0.0012766
0.000851064
0
0.0012766
0.000425532
0.00212766
0.0012766
0.000851064
0.00170213
0.00170213
0.000425532
0.000851064
0.000425532
0.000851064
0.0012766
0.000425532
0.00170213
0.000851064
0.000425532
0
0.0297872
0
0.000425532
0.000851064
0.00340426
0.00255319
0.00255319
0.00255319
0.00340426
0.00425532
0.00212766
0.00340426
0.00723404
0.00297872
0.0106383
0.0114894
0.00510638
0.0119149
0.0191489
0.0195745
0.00638298
0.0331915
0.0208511
0.0178723
0.0208511
0.0195745
0.0106383
0.0153191
0.02
0.0114894
0.0114894
0.00978723
0.00468085
0.00723404
0.00765957
0.0106383
0.00510638
0.00638298
0.00212766
0.00382979
0.000851064
0.000425532
0.0293617
0
0.000851064
0.000851064
0.00170213
0.00212766
0.00212766
0.00425532
0.000851064
0.00340426
0.0012766
0.00468085
0.00382979
0.0012766
0.00340426
0.00170213
0.000425532
0.00297872
0.0012766
0.00170213
0
0.00553191
0
0.000851064
0
0.000425532
0.00425532
0.00170213
0.00340426
0.000425532
0.000851064
0.000425532
0.00212766
0.000425532
0.00170213
0.00170213
0.000425532
0.000425532
0.000425532
0.000425532
0
0
0
0.0140426
0
0
0.000425532
0
0.00212766
0.00212766
0.00212766
0.00212766
0.00212766
0.00340426
0.00212766
0.00340426
0
0.00340426
0.00297872
0.000851064
0.00297872
0.00468085
0.00425532
0
0.0106383
0.00382979
0.00510638
0.012766
0.00468085
0.00893617
0.0131915
0.0208511
0.012766
0.0234043
0.027234
0.00765957
0.0106383
0.0174468
0.00808511
0.00425532
0.00723404
0.00723404
0.00680851
0.000851064
0
0.0974468