0.00238692
0.0101444
0.022258
0.0675498
0.0513784
0.0108605
0.0072801
0.0044158
0.00393842
0.00584795
0.00340136
0.0037594
0.0028643
0.00274496
0.00322234
0.00250627
0.00167084
0.0022079
0.00256594
0.00202888
0.00179019
0.00304332
0.00196921
0.00298365
0.00238692
0.00268528
0.00262561
0.00298365
0.00405776
0.00262561
0.00381907
0.00328201
0.00381907
0.00519155
0.0044158
0.00471417
0.00435613
0.00411744
0.00465449
0.00548992
0.00554959
0.00417711
0.00196921
0.0272109
0.00399809
0.00560926
0.0053109
0.00495286
0.0066237
0.00590763
0.00656403
0.00602697
0.00733978
0.00739945
0.00566893
0.00638501
0.00495286
0.00644468
0.00572861
0.0037594
0.00477384
0.00566893
0.00435613
0.00298365
0.00614632
0.00435613
0.003103
0.00268528
0.00393842
0.00256594
0.003103
0.00256594
0.00202888
0.00250627
0.00298365
0.00161117
0.00173052
0.00262561
0.00232725
0.00161117
0.0015515
0.00107411
0.000835422
0.00107411
0.000417711
0.00692207
0.000417711
0.000835422
0.00119346
0.000954768
0.0015515
0.00107411
0.00143215
0.000417711
0.0022079
0.000656403
0.00214823
0.00107411
0.00113379
0.00167084
0.000954768
0.000954768
0.00131281
0.00107411
0.000954768
0.000417711
0.00256594
0.000656403
0.000954768
0.00119346
0.000417711
0.00125313
0.000417711
0.00167084
0.00059673
0.000954768
0.000358038
0.00196921
0.000417711
0.00125313
0.000775749
0.000477384
0.000656403
0.000417711
0.000775749
0.000358038
0.000656403
0.000179019
0.0145005
0.000298365
0.00059673
0.000417711
0.000656403
0.000835422
0.00113379
0.000656403
0.000477384
0.000835422
0.000954768
0.000716076
0.00101444
0.000835422
0.00107411
0.00101444
0.000775749
0.00131281
0.00113379
0.00107411
0.00143215
0.00179019
0.00137248
0.00113379
0.00131281
0.00101444
0.00131281
0.00137248
0.00173052
0.000895095
0.00125313
0.00131281
0.00113379
0.00107411
0.00161117
0.00125313
0.00119346
0.00143215
0.00107411
0.00119346
0.0015515
0.000954768
0.00226757
0.000775749
0.000895095
0.000656403
0.000775749
0.000954768
0.00101444
0.000775749
0.000537057
0.000716076
0.000716076
0.000537057
0.000716076
0.00059673
0.00131281
0.000358038
0.000298365
0.00059673
0.000537057
0.000238692
0.000358038
0.000417711
0.000238692
0.000537057
0.000179019
0.000298365
0.000238692
0.000358038
0.000238692
0.000119346
0.000417711
0.000179019
0.000119346
0.000537057
0.000238692
0.000238692
5.9673e-005
0.000358038
0.000119346
0.000119346
0.000119346
0.000179019
0
0.0112185
0.000537057
0.000119346
0.000477384
0.000298365
0.000179019
0.000477384
0.000537057
0.000477384
0.000537057
0.000537057
0.000537057
0.000477384
0.000417711
0.000716076
0.000537057
0.000298365
0.000716076
0.000835422
0.000716076
0.000895095
0.000895095
0.000179019
0.000895095
0.000835422
0.000775749
0.000954768
0.00107411
0.00101444
0.00161117
0.00125313
0.00131281
0.000895095
0.00143215
0.00214823
0.00340136
0.00250627
0.00238692
0.00274496
0.0028643
0.00399809
0.00477384
0.328261