0.00174216
0.00522648
0.00348432
0.00696864
0.0197445
0.0232288
0.0296167
0.0238095
0.0232288
0.0209059
0.0150987
0.00987224
0.00813008
0.00987224
0.00696864
0.0029036
0.00348432
0.00522648
0.0029036
0.0058072
0.0029036
0.00522648
0.00348432
0.00174216
0.00174216
0.00406504
0.00058072
0.00522648
0.00174216
0.0029036
0.00696864
0.00406504
0.00348432
0.00116144
0.00464576
0.00406504
0.00638792
0.00406504
0.00522648
0.00813008
0.00406504
0.00116144
0.00232288
0.0766551
0.00348432
0.00232288
0.00406504
0.00232288
0.00406504
0.00348432
0.00232288
0.00174216
0.00116144
0.0029036
0.0029036
0.00116144
0.00232288
0.00232288
0.00058072
0.00058072
0.00116144
0.00116144
0.00058072
0.00116144
0.00116144
0.00232288
0.00174216
0.00116144
0.00058072
0
0
0.00116144
0.00116144
0.00058072
0.00174216
0
0.00058072
0
0.00058072
0
0
0.00058072
0.00058072
0
0
0.00406504
0
0
0
0
0.00058072
0.00058072
0
0
0.00116144
0
0.00058072
0
0.00058072
0.00058072
0.00058072
0.00058072
0
0.00174216
0.00058072
0
0.00058072
0.00058072
0.00116144
0
0
0
0.00116144
0.00232288
0.00116144
0.00058072
0.00058072
0.00174216
0.00058072
0
0
0
0.00174216
0.00116144
0.00232288
0.00058072
0.00058072
0.00116144
0.0296167
0
0.00116144
0
0
0.00058072
0.00174216
0.00058072
0.00116144
0
0.00174216
0
0.00116144
0.00174216
0.00116144
0.00348432
0.00174216
0.00058072
0.00116144
0.00232288
0.00058072
0.0029036
0.00174216
0.00058072
0.00116144
0.00116144
0.00116144
0.00174216
0.00116144
0.00348432
0.00174216
0.00174216
0.00058072
0.00232288
0.00116144
0.00116144
0.00058072
0.00058072
0.00116144
0.00058072
0.00232288
0.00116144
0.0058072
0
0.00058072
0.00058072
0.00058072
0
0.00116144
0.00058072
0.00058072
0.00116144
0
0
0.00058072
0
0.00058072
0.0029036
0.00058072
0.00232288
0
0.00058072
0
0.00174216
0.00058072
0.00058072
0
0.00058072
0.00058072
0.00116144
0.00058072
0.00058072
0.00058072
0.00058072
0.00058072
0
0
0.00058072
0
0
0.00116144
0.00058072
0.00174216
0
0
0.0162602
0.00058072
0.00116144
0.00058072
0
0.00232288
0
0.00058072
0.00058072
0.00058072
0
0.00116144
0.00058072
0
0.00058072
0.00348432
0.00116144
0.00058072
0.00174216
0.00174216
0
0.00232288
0.00058072
0.00058072
0.00174216
0
0.00348432
0.00174216
0.00174216
0.00058072
0.00348432
0.00464576
0.00058072
0.00348432
0.00464576
0.00406504
0.00464576
0.0029036
0.00522648
0.00406504
0.00464576
0.00464576
0.319396