0.000567215
0.00850822
0.00850822
0.0124787
0.0124787
0.0181509
0.0260919
0.0374362
0.0300624
0.0215542
0.0153148
0.00737379
0.0119115
0.00737379
0.0102099
0.00850822
0.00623936
0.00623936
0.00680658
0.0102099
0.00850822
0.0113443
0.00567215
0.0102099
0.0102099
0.00567215
0.0124787
0.0119115
0.0136132
0.00794101
0.00850822
0.00623936
0.0102099
0.00794101
0.00737379
0.00907544
0.00623936
0.00737379
0.00340329
0.0102099
0.00453772
0.00567215
0
0.0578559
0.00340329
0.00340329
0.00226886
0.00567215
0.00113443
0.00226886
0.00283607
0.00567215
0.00226886
0.00340329
0.0039705
0.00113443
0.00170164
0.00113443
0.00170164
0
0.00453772
0.000567215
0.00113443
0
0.00226886
0.00113443
0.00113443
0
0
0
0.00170164
0.00226886
0
0.00113443
0.000567215
0.000567215
0
0.00113443
0.000567215
0
0.000567215
0
0
0.000567215
0
0.00453772
0.000567215
0
0.00113443
0
0.000567215
0.000567215
0.00113443
0.000567215
0.000567215
0
0.00113443
0.000567215
0
0.00113443
0
0.000567215
0.00113443
0.000567215
0.000567215
0
0.00170164
0
0
0
0
0.000567215
0.000567215
0.00170164
0
0.000567215
0
0.00170164
0.000567215
0.000567215
0
0.000567215
0.000567215
0
0
0
0
0
0.00567215
0
0
0.000567215
0.00170164
0
0.000567215
0.000567215
0.00170164
0.00170164
0.00170164
0
0.000567215
0.000567215
0.000567215
0
0
0.00170164
0.00113443
0.00170164
0.000567215
0.00170164
0
0
0.000567215
0
0
0.000567215
0.00113443
0
0.00113443
0
0.000567215
0.000567215
0.000567215
0
0
0.000567215
0
0.000567215
0
0
0.00567215
0.000567215
0.000567215
0.000567215
0.00170164
0
0.00113443
0
0.000567215
0
0
0
0
0.000567215
0.00170164
0.000567215
0.00113443
0.000567215
0.000567215
0
0.00113443
0.00340329
0.000567215
0.00113443
0.000567215
0.000567215
0.00283607
0.00170164
0.000567215
0.000567215
0
0.00113443
0.00113443
0.00170164
0.000567215
0.00113443
0.00113443
0
0.000567215
0
0.000567215
0.00113443
0
0.0192853
0
0.00113443
0
0
0.00113443
0.00113443
0.000567215
0.00170164
0.000567215
0.000567215
0
0.00113443
0.00170164
0
0
0.000567215
0.00113443
0.00226886
0.00113443
0.00170164
0.00283607
0.000567215
0.00226886
0.00226886
0.00170164
0.00113443
0.00226886
0.00283607
0.00113443
0.00340329
0.00226886
0.00283607
0.00453772
0.00453772
0.00226886
0.00170164
0.00170164
0.00510493
0.00453772
0.00453772
0.0039705
0.24447