0.00226886
0.00964266
0.0113443
0.0232558
0.0164492
0.0272263
0.0243902
0.0164492
0.0153148
0.0181509
0.0153148
0.0198525
0.0124787
0.0107771
0.0107771
0.0102099
0.0119115
0.00964266
0.0039705
0.00623936
0.00510493
0.00283607
0.00340329
0.00510493
0.00510493
0.00283607
0.00737379
0.00680658
0.00794101
0.00737379
0.0102099
0.00794101
0.00567215
0.00510493
0.00453772
0.00737379
0.0113443
0.00850822
0.00680658
0.0039705
0.00850822
0.0039705
0.000567215
0.0918888
0.00680658
0.00567215
0.0039705
0.00510493
0.0039705
0.00283607
0.00623936
0.00340329
0.00510493
0.0039705
0.0039705
0.00226886
0.00283607
0.00226886
0.0039705
0.00113443
0.00170164
0.00113443
0.00170164
0.00170164
0.00113443
0.00170164
0.000567215
0.00170164
0.000567215
0.000567215
0.000567215
0.00113443
0.000567215
0.00170164
0.00113443
0
0.000567215
0
0.000567215
0.000567215
0
0.000567215
0.000567215
0
0
0
0
0.000567215
0.00113443
0
0
0.00170164
0.000567215
0
0
0
0.000567215
0
0.00113443
0.000567215
0
0.000567215
0.00113443
0.000567215
0
0.000567215
0.000567215
0.000567215
0.000567215
0.000567215
0
0
0.00113443
0.00113443
0
0.00113443
0
0.000567215
0.000567215
0.00113443
0
0
0
0
0
0.000567215
0
0
0.0102099
0.000567215
0
0
0
0
0.000567215
0
0
0
0.000567215
0
0.000567215
0
0.000567215
0
0
0.000567215
0
0
0
0
0.000567215
0.00113443
0
0.000567215
0
0.000567215
0
0.000567215
0.000567215
0.00113443
0
0
0
0.000567215
0
0
0
0.000567215
0
0
0.00113443
0.00170164
0
0.00113443
0
0.00113443
0
0.000567215
0.000567215
0.00113443
0.000567215
0.00226886
0
0.000567215
0.00226886
0
0.000567215
0.000567215
0
0
0
0.00170164
0.000567215
0
0.000567215
0.000567215
0.00113443
0.00113443
0.00113443
0
0
0
0
0
0
0.00170164
0.000567215
0
0.00113443
0
0.000567215
0.00113443
0
0.0141804
0.000567215
0.000567215
0.00113443
0
0
0.00113443
0.000567215
0.000567215
0
0.000567215
0.00170164
0.000567215
0.00170164
0.00113443
0.00283607
0.00113443
0.00113443
0.00226886
0.000567215
0.00113443
0.00113443
0.00170164
0.00170164
0.00113443
0.00226886
0.00113443
0.000567215
0.00170164
0.00113443
0.00170164
0.00283607
0.00283607
0.00113443
0.00113443
0.00453772
0.0039705
0.00283607
0.00340329
0.00567215
0.00567215
0.00510493
0.259784