0.00213371
0.00426743
0.00640114
0.00995733
0.0135135
0.0206259
0.0199147
0.0220484
0.0163585
0.0192034
0.0163585
0.0142248
0.0128023
0.00924609
0.00995733
0.00853485
0.00213371
0.00284495
0.00213371
0.00355619
0.00355619
0.0056899
0.00142248
0.00426743
0.00355619
0.00213371
0.00497866
0.00213371
0.00426743
0.00142248
0.00213371
0.00142248
0.00213371
0.0056899
0.00142248
0.00142248
0.00284495
0.000711238
0.00426743
0.00284495
0
0
0.000711238
0.0391181
0.000711238
0.00142248
0.00142248
0.000711238
0.000711238
0.00213371
0.00142248
0.00213371
0.00213371
0.00284495
0
0.000711238
0.00142248
0.00284495
0.000711238
0.000711238
0.000711238
0.00213371
0.000711238
0.000711238
0.00284495
0
0.000711238
0.00142248
0.00142248
0.000711238
0.000711238
0.00142248
0
0.000711238
0
0.000711238
0.000711238
0.000711238
0.000711238
0
0.000711238
0
0
0
0
0.00284495
0
0
0
0.000711238
0.00142248
0
0
0
0.000711238
0
0.00142248
0
0
0.000711238
0
0.000711238
0.00142248
0.000711238
0
0
0.00355619
0
0
0
0
0.00142248
0
0.00213371
0
0
0
0.00142248
0.000711238
0.00142248
0.000711238
0.000711238
0.000711238
0
0
0.000711238
0.000711238
0
0.0234708
0.00213371
0.000711238
0.00284495
0.000711238
0.00142248
0.000711238
0.00142248
0.00213371
0.000711238
0.00213371
0
0.00284495
0.000711238
0.000711238
0.00355619
0
0.00142248
0.00213371
0.000711238
0.000711238
0.00426743
0
0.00213371
0.00142248
0
0
0.000711238
0.00213371
0
0.00284495
0.00142248
0.00213371
0.00284495
0.00284495
0.000711238
0.00142248
0.000711238
0.00355619
0
0.00142248
0.000711238
0.00355619
0
0
0.000711238
0
0.00142248
0
0.00284495
0.000711238
0.00142248
0
0.000711238
0.000711238
0.000711238
0.00213371
0.000711238
0
0.000711238
0.00142248
0.00284495
0.00142248
0.000711238
0.000711238
0.000711238
0.00142248
0.00213371
0.00142248
0.00142248
0.00142248
0.00213371
0.000711238
0.000711238
0.00213371
0.00142248
0.00142248
0.00142248
0.00142248
0.00142248
0.00284495
0.00284495
0.00142248
0.000711238
0.000711238
0.0348506
0.000711238
0.00142248
0.00213371
0.00142248
0
0.00142248
0
0.00284495
0.00142248
0.00284495
0.00213371
0.00213371
0.00284495
0.00213371
0.000711238
0.00213371
0.00213371
0.00213371
0.00497866
0.00142248
0.00426743
0.000711238
0.000711238
0.00355619
0.00213371
0.00284495
0
0.00142248
0.00355619
0.00142248
0.00497866
0.00284495
0.00497866
0.00213371
0.00213371
0.00426743
0.00497866
0.00497866
0.00355619
0.0056899
0.00426743
0.347795