0
0.0548463
0.0335697
0.0132388
0.0118203
0.01513
0.0137116
0.00898345
0.00851064
0.0174941
0.00803783
0.0132388
0.00803783
0.00756501
0.00945626
0.00756501
0.00614657
0.0137116
0.00378251
0.00520095
0.0070922
0.0160757
0.00189125
0.00614657
0.0070922
0.00141844
0.0104019
0.0070922
0.012766
0
0.0070922
0.00378251
0.00898345
0.00283688
0.0108747
0.00756501
0.00520095
0.00425532
0.00614657
0.00378251
0.000472813
0.00141844
0
0.0619385
0
0
0.000945626
0.000945626
0.000945626
0.00189125
0.00520095
0.0070922
0.00283688
0.00661939
0.000472813
0.000472813
0
0.00567376
0.000945626
0.000472813
0.00378251
0.00141844
0
0
0.00992908
0
0.000945626
0.000945626
0.00520095
0.000472813
0
0.00425532
0.000472813
0.00141844
0.00425532
0
0
0.00236407
0
0
0
0.000472813
0
0
0
0.01513
0
0
0
0
0.000945626
0.000472813
0.000472813
0
0.000472813
0
0.00330969
0.00189125
0.000945626
0.000945626
0
0
0
0.000472813
0.000945626
0
0.00851064
0.000945626
0
0.00189125
0
0.000945626
0.00330969
0.00472813
0.000472813
0.000945626
0
0.00236407
0
0.00189125
0.00189125
0.000945626
0.000472813
0.00141844
0.000945626
0.000472813
0
0
0.0245863
0.000945626
0.00330969
0.00378251
0.00141844
0.00283688
0.00236407
0.00236407
0.00189125
0.00189125
0.00236407
0.00141844
0.00141844
0.000472813
0.00283688
0.00236407
0
0.00283688
0.00189125
0.00141844
0.00189125
0.00898345
0.000472813
0.000472813
0.000945626
0.000472813
0.000472813
0.000472813
0.00283688
0
0.000945626
0.000945626
0
0.00330969
0.00236407
0.00330969
0.000945626
0
0.00236407
0.000472813
0.000472813
0
0.0534279
0
0
0
0.00189125
0.00141844
0
0.00141844
0.000472813
0.00141844
0
0.00236407
0.000472813
0
0.00141844
0
0
0.000945626
0.000472813
0
0
0.00520095
0
0.000472813
0.000945626
0.000472813
0.000472813
0.000472813
0.00189125
0.000472813
0
0
0.00141844
0.000472813
0.000472813
0.000472813
0.00141844
0.000472813
0
0
0
0
0
0.0141844
0
0.000945626
0.000472813
0.000945626
0.000945626
0.000472813
0.00189125
0.000472813
0.000945626
0.00141844
0.000945626
0.000472813
0
0.00141844
0.00189125
0.000472813
0.000945626
0.000945626
0
0
0.00425532
0.00141844
0.00141844
0.00236407
0.00189125
0.00425532
0.00330969
0.00472813
0.00189125
0.00378251
0.00378251
0.00330969
0.00425532
0.00614657
0.00614657
0.00614657
0.00472813
0.00425532
0.00520095
0.00520095
0.00661939
0.126714