0.00204783
0.00716741
0.00958093
0.0590946
0.0765011
0.0166752
0.00804505
0.00519272
0.00270606
0.00307175
0.00219411
0.00285234
0.00204783
0.00146274
0.00182842
0.00160901
0.00182842
0.00212097
0.00219411
0.00241352
0.00182842
0.00270606
0.00182842
0.00263293
0.00219411
0.00263293
0.00307175
0.00372998
0.00446135
0.00343743
0.00365684
0.00482703
0.00490017
0.00482703
0.00482703
0.0055584
0.00533899
0.00468076
0.0055584
0.00628977
0.00541213
0.00468076
0.00190156
0.0266949
0.00307175
0.00541213
0.0055584
0.00585095
0.0055584
0.00541213
0.00526585
0.0041688
0.00541213
0.00504644
0.00511958
0.00563154
0.00504644
0.00599722
0.00475389
0.00336429
0.00482703
0.00387625
0.00263293
0.00329116
0.00526585
0.00255979
0.00329116
0.00314488
0.00241352
0.00248665
0.00131646
0.00351057
0.0013896
0.00292547
0.00270606
0.000877642
0.0013896
0.00204783
0.00255979
0.00197469
0.00175528
0.00109705
0.00109705
0.000731368
0.000292547
0.00841074
0.000585095
0.000292547
0.000438821
0.000658232
0.000731368
0.00109705
0.000877642
0.000511958
0.0013896
0.000219411
0.00190156
0.000658232
0.000585095
0.00511958
0.000438821
0.000365684
0.00117019
0.00102392
0.000877642
0.000658232
0.00431507
0.000146274
0.000731368
0.000585095
0.000365684
0.00146274
0.000731368
0.00431507
0.000219411
0.000731368
0.000365684
0.00182842
0.000438821
0.000438821
0.000365684
0.000365684
7.31368e-005
0.000438821
0.000365684
0.000219411
0.000146274
0
0.0217216
0.000146274
0.000438821
0.000438821
0.000658232
0.00102392
0.000731368
0.000658232
0.00102392
0.000804505
0.00160901
0.00175528
0.00131646
0.000950779
0.00153587
0.00153587
0.000585095
0.00117019
0.00109705
0.000585095
0.00109705
0.00190156
0.00102392
0.000950779
0.00131646
0.0013896
0.00168215
0.000950779
0.00153587
0.00160901
0.000804505
0.00124333
0.000731368
0.000804505
0.00160901
0.00248665
0.00190156
0.0013896
0.00117019
0.000731368
0.00146274
0.000585095
0.00212097
0.000292547
0.000585095
0.000731368
0.000438821
0.000438821
0.000731368
0.000658232
0.000511958
0.000511958
0.000219411
0.000585095
0.000585095
0.000585095
0.000511958
0.000365684
0.000438821
0.000658232
0.000585095
0.000511958
0.000365684
0.000365684
0.000365684
0.000438821
7.31368e-005
7.31368e-005
0.000146274
0.000438821
0.000365684
0.000146274
0.000438821
7.31368e-005
0
0.000365684
0.000146274
0.000438821
0.000219411
0.000219411
0.000219411
0.000292547
0.000292547
7.31368e-005
0
0.0108974
7.31368e-005
0.000438821
0.000219411
0.000511958
0.000438821
0.000219411
0.000438821
0.000146274
0.000438821
0.000219411
0.000365684
0.000511958
0.000365684
0.000804505
0.000950779
0.000292547
0.000292547
0.000511958
0.000658232
0.000511958
0.00146274
0.000585095
0.00102392
0.000585095
0.00102392
0.00109705
0.000365684
0.000658232
0.000877642
0.0013896
0.000950779
0.00102392
0.00109705
0.00102392
0.00168215
0.00146274
0.00175528
0.00212097
0.00226724
0.00336429
0.00314488
0.350837