0.000130924
0.00163655
0.00229118
0.00268395
0.00805185
0.0511259
0.0619927
0.0365279
0.0115868
0.00667714
0.00628437
0.0043205
0.00425504
0.00314218
0.00176748
0.00137471
0.00144017
0.00104739
0.00144017
0.00091647
0.000981932
0.000851008
0.000720084
0.000589159
0.000327311
0.000261849
0.000130924
0.000261849
0
0
0.000196386
6.54622e-005
0.000261849
0.000130924
6.54622e-005
6.54622e-005
0.000261849
0
0.000130924
0
0.000196386
0
0
0.0140744
0
0
0
0
6.54622e-005
6.54622e-005
0
0
0
6.54622e-005
0
6.54622e-005
0
0
0
0
0
6.54622e-005
0
0
0
0
0
0
0
0
0
0
0
0
0
0
0
0
0
0
6.54622e-005
0
0
0
0
0.000130924
0
0
0
6.54622e-005
0
0
0
0
6.54622e-005
0
0
0
0
0
0
0
6.54622e-005
0
6.54622e-005
0
0
0
0
0
6.54622e-005
0
0
0
6.54622e-005
0
0
0
6.54622e-005
0.000130924
0.000130924
0
0
0
6.54622e-005
0
6.54622e-005
0
0.0105394
0.000261849
0.000130924
0.000196386
6.54622e-005
6.54622e-005
0.000196386
0.000196386
0.000392773
0.000327311
0.000458235
0.000196386
0.000392773
0.000327311
0.000327311
0.000458235
0.000327311
0.000327311
0.000458235
0.000458235
0.000392773
0.000458235
0.000327311
0.000261849
0.000654622
0.000785546
0.000589159
0.000654622
0.000458235
0.000523697
0.000785546
0.000458235
0.000523697
0.000523697
0.00104739
0.000261849
0.000327311
0.000981932
0.000458235
0.000720084
0.000720084
0.000392773
0.00288034
0.000327311
0.00104739
0.000654622
0.00124378
0.00104739
0.00117832
0.00111286
0.00111286
0.00137471
0.000654622
0.00111286
0.00111286
0.000589159
0.000981932
0.00091647
0.000523697
0.000654622
0.000654622
0.000261849
0.000523697
0.000981932
0.000327311
0.000196386
0.000327311
6.54622e-005
0.000261849
0.000327311
0.000589159
0.000196386
0
0.000196386
0.000196386
0.000327311
0.000261849
0.000196386
0.000196386
0.000196386
0.000196386
0.000523697
0.000130924
0
0
0.00569521
0
0.000130924
0.000458235
0.000196386
6.54622e-005
0.000327311
0.000261849
0.000196386
6.54622e-005
0.000523697
0.000130924
0.000327311
0.000130924
0.000523697
0.000523697
0.000261849
6.54622e-005
0.000458235
0.000392773
0.000130924
0.000785546
0.000327311
0.000261849
0.000392773
0.000261849
0.000327311
0.000458235
0.000785546
0.000261849
0.000720084
0.000851008
0.000654622
0.000392773
0.000720084
0.000851008
0.000589159
0.000654622
0.000785546
0.000720084
0.00124378
0.00104739
0.692328