0
0.00771605
0.00848765
0.0100309
0.00771605
0.00925926
0.0123457
0.0185185
0.0239198
0.0192901
0.0192901
0.0185185
0.0146605
0.0100309
0.0192901
0.0115741
0.00385802
0.00308642
0.00694444
0.00154321
0.00308642
0.00385802
0.00385802
0.00462963
0.000771605
0.000771605
0.00308642
0.00540123
0.00231481
0.00154321
0.00385802
0.00308642
0.00385802
0.00231481
0.00154321
0.00154321
0.000771605
0.00231481
0.000771605
0.00231481
0.00154321
0.00231481
0.000771605
0.103395
0.000771605
0.00308642
0.000771605
0.000771605
0
0.00154321
0.000771605
0.00231481
0.00385802
0.000771605
0.00154321
0.00154321
0
0.00154321
0.000771605
0.000771605
0.000771605
0
0
0.000771605
0.00231481
0.00154321
0.000771605
0.000771605
0.00385802
0.00231481
0
0.00462963
0
0.00308642
0.00231481
0
0.000771605
0
0
0.000771605
0.00308642
0
0
0
0.000771605
0.00771605
0
0.00154321
0.00154321
0.00154321
0
0.000771605
0
0
0.00154321
0
0.00231481
0.000771605
0
0.00154321
0
0.000771605
0.00154321
0
0
0
0.00385802
0.000771605
0
0.000771605
0
0
0.000771605
0
0
0
0
0.00231481
0.000771605
0
0.00308642
0.000771605
0
0
0
0.000771605
0.000771605
0
0.0200617
0.00154321
0.000771605
0
0
0.00154321
0
0.000771605
0.00231481
0
0.000771605
0
0
0
0.00231481
0.000771605
0.00154321
0
0.000771605
0
0
0.00231481
0
0.00231481
0
0.00154321
0
0.000771605
0.000771605
0.00154321
0.000771605
0.00154321
0
0.00154321
0.00231481
0.00154321
0.000771605
0.00154321
0.00154321
0.00154321
0.00154321
0
0.00617284
0.000771605
0.00154321
0.00154321
0.000771605
0.00385802
0.000771605
0.000771605
0.00231481
0.00154321
0
0.00231481
0.00308642
0
0.00154321
0
0.00462963
0.000771605
0
0
0.00231481
0.00154321
0
0.00231481
0
0.000771605
0.000771605
0.000771605
0.00231481
0
0.00231481
0.00154321
0.00154321
0.00154321
0.00154321
0
0
0.000771605
0
0.00154321
0.00154321
0
0
0.0131173
0
0.000771605
0.00231481
0.000771605
0.00154321
0.000771605
0.000771605
0.00231481
0.000771605
0.000771605
0.000771605
0.00154321
0.000771605
0.00154321
0.00154321
0
0.00308642
0.00231481
0
0
0.000771605
0.000771605
0.00231481
0.00154321
0.000771605
0.000771605
0
0
0.00231481
0.00231481
0.00462963
0.00231481
0.00385802
0.00462963
0.000771605
0.00462963
0.00540123
0.00540123
0.00154321
0.00771605
0.00617284
0.321759