0.00105581
0.00542986
0.00603318
0.020362
0.0684766
0.0294118
0.0104072
0.0092006
0.00799397
0.00452489
0.00648567
0.00633484
0.00467572
0.00542986
0.00467572
0.00377074
0.00271493
0.00226244
0.00377074
0.0040724
0.0025641
0.00467572
0.00422323
0.0040724
0.00316742
0.00377074
0.00648567
0.00512821
0.00618401
0.00497738
0.00588235
0.00588235
0.00618401
0.00678733
0.00844646
0.00648567
0.00527903
0.00452489
0.0066365
0.00739065
0.00603318
0.00542986
0.00331825
0.0609351
0.00497738
0.00512821
0.00452489
0.00527903
0.00422323
0.00467572
0.00588235
0.00437406
0.00573152
0.00573152
0.00392157
0.00392157
0.00437406
0.00437406
0.00437406
0.00331825
0.00361991
0.00377074
0.00346908
0.00211161
0.00316742
0.00196078
0.00196078
0.00271493
0.0015083
0.00211161
0.00211161
0.00241327
0.00165913
0.00211161
0.00105581
0.00180995
0.000904977
0.00226244
0.00105581
0.0015083
0.00135747
0.000754148
0
0.00120664
0.000452489
0.00377074
0.000603318
0.00135747
0.00120664
0.00120664
0.00105581
0.00135747
0.000904977
0.000603318
0.00165913
0.000452489
0.000754148
0.00135747
0.00120664
0.00120664
0.000452489
0.000452489
0.000754148
0.000452489
0.000452489
0.000452489
0.00211161
0.000301659
0.00135747
0.000301659
0.000603318
0.00105581
0.000754148
0.000603318
0.00015083
0.000452489
0.00015083
0.000603318
0.000452489
0.000452489
0.00015083
0.000452489
0.000452489
0.000754148
0.000452489
0.000301659
0.000603318
0.000301659
0.0244344
0.00196078
0.00165913
0.000754148
0.000452489
0.00105581
0.000452489
0.000754148
0.000904977
0.00120664
0.000452489
0.000904977
0.00105581
0.000904977
0.00165913
0.00120664
0.00015083
0.00120664
0.000452489
0.000904977
0.000904977
0.00120664
0.000452489
0.000603318
0.00180995
0.000904977
0.000603318
0.000754148
0.00135747
0.000904977
0.00165913
0.00120664
0.000754148
0.00120664
0.00196078
0.00196078
0.00165913
0.00105581
0.00105581
0.00135747
0.00377074
0.00165913
0.0025641
0.000603318
0.000452489
0.00165913
0.00120664
0.00105581
0.000754148
0.00135747
0.00120664
0.00105581
0.000452489
0.000452489
0.000452489
0.000904977
0.000904977
0.00015083
0.000603318
0.000452489
0.000754148
0.000452489
0
0.000603318
0.000603318
0.000452489
0.000754148
0.000452489
0.000452489
0.000301659
0.000301659
0
0.00015083
0.000452489
0.000603318
0
0
0.00015083
0.000301659
0
0.00015083
0.000301659
0.000452489
0.00015083
0
0.0092006
0.000301659
0.000301659
0.000452489
0.000452489
0.000452489
0.00015083
0.000452489
0.00015083
0.000452489
0.000603318
0.00015083
0.000301659
0.000301659
0.00015083
0.000603318
0.00015083
0.000754148
0.000904977
0.00120664
0.000452489
0.00105581
0.000754148
0.00135747
0.000603318
0.000754148
0.00120664
0.00135747
0.00135747
0.00135747
0.000603318
0.00165913
0.00226244
0.00241327
0.00135747
0.0015083
0.00241327
0.00241327
0.00135747
0.00271493
0.00241327
0.00331825
0.304374