0.00681026
0.0316756
0.0571745
0.0517897
0.0261324
0.018847
0.0145708
0.00918594
0.00665188
0.00696864
0.00522648
0.00490972
0.00475135
0.00459297
0.00554324
0.00332594
0.0036427
0.00411783
0.00411783
0.00459297
0.0050681
0.00649351
0.00380108
0.00395946
0.00332594
0.00237567
0.00395946
0.00380108
0.0050681
0.00316756
0.00348432
0.00174216
0.00316756
0.00205892
0.00253405
0.00205892
0.00332594
0.00285081
0.00269243
0.00411783
0.00316756
0.00285081
0.000791891
0.0216978
0.00253405
0.00221729
0.00300919
0.00190054
0.0014254
0.00174216
0.00221729
0.00300919
0.00110865
0.00205892
0.00174216
0.00174216
0.00205892
0.00205892
0.000791891
0.000950269
0.00158378
0.00126703
0.000633513
0.000950269
0.00253405
0.00158378
0.000950269
0.000158378
0.000475135
0.000316756
0.000633513
0.00126703
0.000475135
0.000633513
0.000950269
0.000475135
0.000633513
0.000475135
0.000950269
0
0.000791891
0.000475135
0
0.000158378
0.000158378
0.00158378
0
0.000475135
0
0.000633513
0.000316756
0.000158378
0.00110865
0
0.000316756
0.000316756
0.000158378
0.000316756
0.000316756
0.00110865
0.000316756
0.000475135
0
0.000475135
0.000158378
0.000316756
0.00110865
0.000158378
0.000158378
0.000316756
0.000475135
0.000950269
0.000316756
0.000316756
0.000158378
0.000791891
0.000316756
0.000316756
0.000316756
0.000316756
0.000475135
0.000633513
0.00126703
0.000158378
0.000475135
0.000316756
0.000316756
0
0.00997783
0.000475135
0.000475135
0.000950269
0.000475135
0.000950269
0.000950269
0.00174216
0.00158378
0.000950269
0.00205892
0.00237567
0.0014254
0.000791891
0.00332594
0.00332594
0.00300919
0.00554324
0.00538486
0.00744378
0.00601837
0.00981945
0.00886918
0.00791891
0.0109281
0.0118784
0.00966107
0.00823567
0.0121951
0.0087108
0.0139373
0.00902756
0.00570162
0.00601837
0.00886918
0.0128286
0.0131454
0.0112449
0.00411783
0.00427621
0.00269243
0.000475135
0.0414951
0.000158378
0.000950269
0.00158378
0.00237567
0.00205892
0.00190054
0.00316756
0.00174216
0.00221729
0.000633513
0.00205892
0.00205892
0.000316756
0.00205892
0.000475135
0.00110865
0.0014254
0.00126703
0.00174216
0.000475135
0.00269243
0.000475135
0.000633513
0.000633513
0.000316756
0.000791891
0.00126703
0.00158378
0
0.000791891
0.000950269
0.0014254
0.000316756
0.000791891
0.000475135
0.000791891
0.00110865
0.000475135
0.000633513
0.000316756
0
0
0.00823567
0
0.000633513
0.000950269
0.000158378
0.000950269
0.00110865
0.000950269
0.00110865
0.000158378
0.000791891
0.000475135
0.000791891
0.000475135
0.0014254
0.00221729
0.000950269
0.00253405
0.0014254
0.0014254
0.00205892
0.00316756
0.0014254
0.00237567
0.00190054
0.00443459
0.00205892
0.00300919
0.00316756
0.00427621
0.0050681
0.00427621
0.00459297
0.00332594
0.00776053
0.00776053
0.00633513
0.0072854
0.00966107
0.00823567
0.0102946
0.00807729
0.0956604