0.012685
0.0406977
0.02537
0.0248414
0.0190275
0.0142706
0.0100423
0.0153277
0.00739958
0.00845666
0.00528541
0.00475687
0.00581395
0.00264271
0.00687104
0.00422833
0.00369979
0.00211416
0.00581395
0.00264271
0.00158562
0.000528541
0.000528541
0.00158562
0.00105708
0.00158562
0.00158562
0.00158562
0.00158562
0.000528541
0.00158562
0.000528541
0.00211416
0.00158562
0.00264271
0.00369979
0.00264271
0.00317125
0.00528541
0.00264271
0
0
0
0.0332981
0
0
0.00422833
0.00528541
0.00264271
0.00211416
0.00422833
0.00739958
0.00211416
0.00369979
0.00158562
0.00528541
0.00105708
0.00739958
0.00317125
0
0.00211416
0.00581395
0.000528541
0
0.00792812
0.000528541
0.00105708
0.00158562
0.00422833
0.000528541
0.00105708
0.00422833
0.000528541
0.00158562
0.00211416
0
0
0
0.00105708
0.00105708
0.00105708
0.000528541
0
0
0
0.00475687
0
0
0
0.000528541
0
0.00158562
0.00158562
0.00105708
0.00105708
0
0.00105708
0.00158562
0
0.00211416
0.00105708
0.000528541
0.00158562
0.00158562
0.000528541
0.00158562
0.00211416
0
0.00105708
0.000528541
0
0.00105708
0.000528541
0.000528541
0.000528541
0.000528541
0.000528541
0.00369979
0
0.000528541
0.000528541
0.00105708
0.000528541
0.000528541
0.00105708
0.000528541
0.00105708
0.000528541
0.0280127
0.000528541
0.00105708
0
0.00158562
0.00211416
0.00211416
0.00317125
0.00317125
0.00211416
0.00317125
0.00211416
0.00528541
0.00317125
0.00422833
0.00369979
0.00369979
0.00317125
0.00475687
0.00369979
0.00317125
0.00581395
0.00634249
0.00317125
0.00264271
0.00475687
0.00422833
0.00528541
0.00581395
0.00317125
0.00317125
0.00211416
0.00422833
0.00211416
0.00634249
0.00158562
0.00422833
0.00422833
0.00105708
0.00369979
0.00317125
0.00105708
0.00634249
0.000528541
0.00158562
0.000528541
0.00105708
0.00105708
0.00158562
0.000528541
0.000528541
0.00264271
0.000528541
0.00158562
0.00211416
0.00369979
0.000528541
0.00105708
0.00105708
0.000528541
0.00105708
0.00158562
0.000528541
0.00158562
0
0.000528541
0.00105708
0.00105708
0.000528541
0.000528541
0.00158562
0.000528541
0.00158562
0.00211416
0.00105708
0.000528541
0.00105708
0.00211416
0.00158562
0.000528541
0.000528541
0.00105708
0
0
0
0.0206131
0
0.00158562
0.000528541
0.00105708
0.000528541
0.000528541
0.00105708
0.00105708
0.00158562
0.00105708
0
0
0.00317125
0.00211416
0.00158562
0.000528541
0.00369979
0.00369979
0.00264271
0.00317125
0.00264271
0.00211416
0.00105708
0.00422833
0.00422833
0.00264271
0.00528541
0.00158562
0.00634249
0.00422833
0.00634249
0.00687104
0.00475687
0.0137421
0.0137421
0.0100423
0.0105708
0.0158562
0.0121564
0.0243129
0.0280127
0.135835