0.0259773
0.059773
0.0322825
0.0171501
0.0105927
0.00706179
0.00529634
0.00882724
0.00479193
0.00554855
0.0037831
0.0037831
0.00226986
0.0037831
0.00277427
0.00252207
0.00201765
0.00302648
0.00100883
0.00201765
0.00075662
0.00529634
0.00176545
0.00126103
0.00201765
0.00100883
0.00252207
0.00176545
0.00428752
0.00126103
0.00226986
0.00201765
0.00403531
0.00403531
0.00479193
0.00580076
0.00327869
0.00504414
0.00529634
0.00580076
0.00479193
0.00201765
0
0.0272383
0.00100883
0.00327869
0.00302648
0.00302648
0.0037831
0.00580076
0.00453972
0.0037831
0.00151324
0.00680958
0.00151324
0.0035309
0.00126103
0.00327869
0.00302648
0.00126103
0.00302648
0.00302648
0.00100883
0.00151324
0.00453972
0.000504414
0.000504414
0.000252207
0.00151324
0.000252207
0.00075662
0.00176545
0.00100883
0.00075662
0.00075662
0.000252207
0.000252207
0.000252207
0
0.00075662
0.00100883
0.000504414
0
0
0
0.00302648
0
0
0
0.000504414
0.000504414
0.000252207
0.000252207
0.000252207
0
0
0.00075662
0.000504414
0.000252207
0.00100883
0.000504414
0.00100883
0.000252207
0
0
0.000504414
0.00126103
0
0
0.000504414
0.000252207
0.00100883
0.00075662
0.00075662
0.000252207
0.000252207
0.000504414
0.00075662
0.00151324
0.000252207
0.00075662
0.000504414
0
0.000504414
0.00075662
0.000252207
0.000504414
0
0.0277427
0.00075662
0.00100883
0.00201765
0.00226986
0.00302648
0.00479193
0.00554855
0.00403531
0.00428752
0.00428752
0.00302648
0.00580076
0.00327869
0.00857503
0.00605296
0.00277427
0.00529634
0.007314
0.00655738
0.00252207
0.0035309
0.00403531
0.00302648
0.00176545
0.00428752
0.00277427
0.00226986
0.00126103
0.00126103
0.00176545
0.00201765
0.00100883
0.00126103
0.00126103
0.00277427
0.00252207
0.00075662
0.00176545
0.000504414
0.00100883
0
0.00327869
0
0.000252207
0.00100883
0.00075662
0.000504414
0.00075662
0.00075662
0.00252207
0.00201765
0.000252207
0.00126103
0.00126103
0.00075662
0.00126103
0.00075662
0.00075662
0.00100883
0.000504414
0.00100883
0.00075662
0.00176545
0
0.000504414
0.00126103
0.000252207
0.00176545
0.00100883
0.00252207
0
0.00100883
0.000252207
0.00100883
0.00100883
0.00126103
0.000504414
0.00100883
0.00100883
0.00126103
0.00100883
0
0.000504414
0
0.014628
0.00075662
0.00100883
0.00151324
0.000504414
0.000504414
0.000504414
0.00100883
0.00126103
0.00126103
0.00176545
0.00075662
0.00151324
0.000252207
0.00226986
0.00176545
0.00151324
0.0037831
0.00100883
0.00126103
0.00151324
0.00403531
0.00302648
0.00277427
0.00201765
0.0035309
0.00176545
0.00277427
0.00479193
0.00504414
0.00403531
0.00479193
0.00605296
0.00781841
0.00832282
0.00781841
0.00807062
0.00958386
0.013367
0.0171501
0.0310214
0.0310214
0.190416