0
0.0230159
0.0285714
0.0349206
0.0349206
0.0150794
0.0230159
0.015873
0.0119048
0.0198413
0.00873016
0.0134921
0.00634921
0.00634921
0.0119048
0.0119048
0.0047619
0.00793651
0.015873
0.0047619
0.00714286
0.015873
0.00238095
0.00873016
0.0103175
0.0031746
0.00793651
0.00793651
0.018254
0.000793651
0.00793651
0.00238095
0.00555556
0.00396825
0.00396825
0.00555556
0.0047619
0.0015873
0.0031746
0.00238095
0.000793651
0
0
0.0134921
0.000793651
0
0.000793651
0
0
0.000793651
0.000793651
0.0015873
0.000793651
0.000793651
0.000793651
0
0.000793651
0.00396825
0.000793651
0
0
0.000793651
0.000793651
0
0.00238095
0
0
0
0.00238095
0
0
0.00238095
0.000793651
0
0
0
0
0.000793651
0
0
0
0.000793651
0
0
0
0.00238095
0
0
0
0.000793651
0.000793651
0.000793651
0.000793651
0
0.000793651
0
0
0
0.000793651
0.000793651
0
0
0
0.0015873
0
0
0
0
0.000793651
0.000793651
0.000793651
0.00238095
0
0.0031746
0
0.00238095
0
0.000793651
0
0.0015873
0
0.000793651
0
0.0015873
0.000793651
0
0
0
0.0142857
0.0015873
0.00238095
0.00238095
0.0015873
0.00634921
0.0031746
0
0.00396825
0.0047619
0.0047619
0.00555556
0.00634921
0.00238095
0.0103175
0.00714286
0.00396825
0.00793651
0.00555556
0.00793651
0.00793651
0.0198413
0.00634921
0.00634921
0.0103175
0.00952381
0.00714286
0.00952381
0.0047619
0.00714286
0.00396825
0.0047619
0.0031746
0.0047619
0.00555556
0.00238095
0.00396825
0.0015873
0.0047619
0.000793651
0.0015873
0.000793651
0.0111111
0
0.000793651
0.000793651
0
0.0015873
0.00238095
0.0015873
0
0.0015873
0.0031746
0
0.00238095
0.0031746
0.0015873
0.00238095
0.000793651
0.00238095
0.000793651
0.000793651
0.0015873
0.00634921
0.0015873
0.000793651
0.0015873
0
0.000793651
0
0.0031746
0
0.000793651
0.0015873
0
0.000793651
0.0015873
0.000793651
0.00238095
0.000793651
0
0.000793651
0
0
0
0.00238095
0.000793651
0.000793651
0
0.0031746
0.00238095
0.0015873
0.000793651
0.0015873
0.00238095
0.000793651
0.000793651
0
0.0015873
0.0047619
0
0.000793651
0.0031746
0.00396825
0.00396825
0
0.00873016
0.000793651
0
0.00555556
0.00555556
0.00555556
0.00238095
0.0047619
0.00555556
0.00396825
0.00634921
0.0047619
0.00555556
0.00634921
0.00793651
0.00634921
0.00634921
0.0103175
0.018254
0.0126984
0.0142857
0.0436508