0
0.000574548
0.00287274
0.00258546
0.00488365
0.00459638
0.00632002
0.0109164
0.017811
0.0626257
0.0881931
0.062913
0.0402183
0.0278656
0.024131
0.017811
0.0155128
0.01264
0.0106291
0.0100546
0.00689457
0.0112037
0.00459638
0.00890549
0.00430911
0.00430911
0.00833094
0.00402183
0.00718184
0.00287274
0.00344729
0.00718184
0.00603275
0.00517093
0.00488365
0.00861821
0.00287274
0.00373456
0.00488365
0.00430911
0.000574548
0.000574548
0
0.0680839
0.000287274
0.00287274
0.00344729
0.00517093
0.0054582
0.00517093
0.00746912
0.00287274
0.00344729
0.00574548
0.0011491
0.00402183
0.0011491
0.00373456
0.00258546
0.0011491
0.00316001
0.00172364
0.000287274
0
0.00258546
0.000861821
0.0011491
0.00172364
0.0011491
0.00143637
0.0011491
0.000574548
0.00172364
0.000574548
0.00172364
0.000287274
0.000574548
0.00201092
0.000574548
0
0.000287274
0.00143637
0.000287274
0
0
0.00287274
0
0
0
0.000574548
0.000861821
0
0.00143637
0.000861821
0.000861821
0
0.00143637
0.000574548
0.00143637
0
0.000287274
0.000574548
0.000574548
0.00172364
0.000574548
0.000287274
0.00373456
0.000287274
0.0011491
0.00172364
0.000287274
0.000287274
0.00201092
0.00229819
0.000861821
0.00172364
0.000287274
0.000287274
0.00143637
0.000861821
0.00143637
0.00229819
0.000574548
0.00287274
0.00172364
0.000287274
0.00172364
0
0.0244183
0.0011491
0.00229819
0.000861821
0.00258546
0.00373456
0.00229819
0.00402183
0.00316001
0.00316001
0.00344729
0.00143637
0.00229819
0.00344729
0.00172364
0.00488365
0.00172364
0.00172364
0.00258546
0.00143637
0.0011491
0.00143637
0.000861821
0.000861821
0.00229819
0.000861821
0.000574548
0.00201092
0.00143637
0.00172364
0.0011491
0.00143637
0.000574548
0.00143637
0.000574548
0.00172364
0.000861821
0.00143637
0.000861821
0
0.000861821
0.000574548
0.00517093
0
0.000287274
0.000287274
0.000861821
0
0.000287274
0.000861821
0.000574548
0.0011491
0.000287274
0.0011491
0.000287274
0.000574548
0.000287274
0.000574548
0
0.000287274
0.000287274
0.000287274
0.000287274
0.000574548
0
0
0.000287274
0.000287274
0.000287274
0.000861821
0.000287274
0.000287274
0.000287274
0.000287274
0.000287274
0.000287274
0.000287274
0
0.000287274
0
0.000574548
0.000287274
0.000287274
0
0
0.00143637
0
0
0
0.000287274
0
0.000287274
0.000287274
0.000574548
0.000574548
0
0
0.000287274
0
0.000287274
0.000574548
0.000287274
0.00143637
0.000574548
0.000287274
0.000574548
0.00143637
0.000574548
0.000861821
0.000574548
0.000861821
0.000861821
0.000574548
0.00143637
0.000861821
0.000574548
0.0011491
0.000574548
0.000287274
0.000861821
0.0011491
0.00143637
0.000287274
0.00143637
0.000574548
0.00201092
0.000861821
0.126113