0
0.00283447
0.00113379
0.00510204
0.00396825
0.00453515
0.00453515
0.0130385
0.00623583
0.0198413
0.0334467
0.0459184
0.0561224
0.0464853
0.0589569
0.0612245
0.0442177
0.0249433
0.0221088
0.0243764
0.0260771
0.0413832
0.0187075
0.0238095
0.0192744
0.0124717
0.0147392
0.010771
0.0164399
0.00283447
0.00736961
0.00510204
0.00283447
0.00340136
0.00340136
0.00396825
0.00226757
0.00226757
0.000566893
0.00170068
0
0
0
0.00680272
0
0.000566893
0.000566893
0.000566893
0.000566893
0.00113379
0.000566893
0.000566893
0.00113379
0.00170068
0
0.00113379
0
0.00226757
0.000566893
0.000566893
0
0.000566893
0.000566893
0
0.00113379
0
0
0.00113379
0.00113379
0
0
0.00113379
0
0.00113379
0.000566893
0
0
0
0
0
0.00113379
0
0
0
0
0.00170068
0
0
0
0.000566893
0.000566893
0.00283447
0
0
0.000566893
0
0.00170068
0.00113379
0.00113379
0
0.000566893
0.000566893
0.000566893
0
0
0
0.00226757
0
0.00113379
0.000566893
0
0.000566893
0.000566893
0.00170068
0.000566893
0
0
0.00170068
0.000566893
0.00113379
0.00113379
0.00113379
0
0.00113379
0
0.00113379
0.00113379
0
0.0102041
0.00226757
0.00396825
0.00396825
0.00453515
0.00566893
0.00340136
0.00623583
0.00453515
0.00680272
0.0085034
0.00396825
0.00793651
0.00283447
0.00963719
0.0119048
0.00453515
0.00736961
0.00907029
0.00680272
0.00113379
0.00623583
0.00566893
0.00226757
0.00340136
0.00283447
0.00283447
0.00170068
0.00680272
0.00283447
0.00226757
0.00283447
0
0
0.00170068
0.00283447
0
0.00226757
0.00170068
0.000566893
0.00113379
0
0.010771
0
0
0
0.00113379
0.000566893
0.000566893
0.000566893
0.000566893
0.000566893
0
0.00113379
0
0
0.000566893
0.00113379
0
0.000566893
0
0.000566893
0
0.00170068
0
0
0
0
0.000566893
0.000566893
0.00170068
0.000566893
0
0
0.00170068
0
0
0
0
0
0
0
0
0
0
0.00283447
0
0
0
0
0.00113379
0
0.00113379
0
0.000566893
0
0
0.00170068
0
0
0
0
0.00170068
0.00113379
0
0
0.00113379
0
0
0.000566893
0
0
0.000566893
0.00113379
0.00170068
0.00226757
0.00113379
0.000566893
0
0.00170068
0
0.000566893
0.00340136
0.00396825
0.00226757
0.00283447
0.00113379
0.0102041