0
0.00197628
0.00395257
0.00197628
0.00395257
0.00592885
0.0118577
0.00592885
0.0197628
0.0395257
0.0316206
0.0237154
0.0355731
0.0632411
0.0494071
0.0434783
0.0217391
0.027668
0.0158103
0.0177866
0.0335968
0.027668
0.027668
0.0256917
0.0316206
0.027668
0.0256917
0.00988142
0.00790514
0.00790514
0.0158103
0.0177866
0.0118577
0.00988142
0.00592885
0.00592885
0.0118577
0.00395257
0
0.00592885
0.00395257
0
0
0.00395257
0.00395257
0
0
0
0.00395257
0
0
0.00395257
0
0
0.00395257
0
0
0.00197628
0
0
0.00197628
0
0.00395257
0.00197628
0.00197628
0
0
0
0
0
0
0
0
0.00197628
0
0
0
0.00197628
0
0
0
0
0
0
0
0
0
0
0
0
0
0
0
0
0
0
0.00197628
0
0.00395257
0
0
0
0
0.00197628
0
0
0
0
0
0
0.00197628
0
0
0.00197628
0.00197628
0
0.00197628
0.00197628
0.00197628
0.00197628
0
0.00197628
0
0.00197628
0.00197628
0.00395257
0.00395257
0
0.00592885
0.00197628
0.00395257
0.00197628
0
0.00197628
0.00592885
0.00197628
0
0.00395257
0
0.00395257
0.00790514
0.00197628
0.00395257
0.00592885
0
0.00395257
0
0.00592885
0.00395257
0.00197628
0.00395257
0.00395257
0.00790514
0
0.00197628
0.00395257
0
0.00197628
0.00197628
0
0.00197628
0
0.00395257
0.00197628
0
0
0.00197628
0.00197628
0.00395257
0
0.00988142
0
0
0.00197628
0
0.00197628
0
0
0
0
0
0
0.00197628
0.00197628
0
0
0
0
0
0
0
0.00197628
0
0.00197628
0
0
0
0.00197628
0.00197628
0
0
0
0
0
0
0
0
0.00197628
0
0.00197628
0
0
0
0
0
0
0
0.00197628
0
0.00395257
0
0
0
0.00197628
0
0
0
0
0
0
0
0
0.00197628
0
0
0.00197628
0
0.00197628
0
0.00197628
0
0.00197628
0
0.00197628
0.00592885
0
0
0.00197628
0.00197628
0.00197628
0.00197628
0.00790514
0.00197628
0
0
0.00395257