0
0.00520291
0.0145682
0.0280957
0.0176899
0.024974
0.012487
0.0145682
0.0135276
0.0166493
0.0156087
0.0176899
0.00832466
0.00416233
0.0114464
0.0104058
0.00832466
0.00520291
0.00728408
0.00520291
0.0062435
0.0176899
0.0062435
0.00208117
0.0156087
0.00416233
0.0104058
0.00312175
0.00208117
0.00520291
0.00520291
0.00416233
0.00416233
0.00832466
0.00416233
0.00520291
0.00312175
0.00312175
0.00520291
0.00208117
0.00208117
0.00104058
0
0.0156087
0.00208117
0.00312175
0.00208117
0.00208117
0
0.00208117
0.00208117
0.00104058
0.00104058
0.00312175
0.00104058
0.00208117
0
0
0.00312175
0
0
0.00104058
0.00104058
0
0.00104058
0
0
0.00104058
0
0
0
0.00416233
0
0
0
0.00104058
0.00104058
0.00104058
0.00208117
0
0
0.00104058
0.00104058
0
0
0.00520291
0
0
0
0
0
0
0.00104058
0
0
0
0.00104058
0
0
0
0
0.00208117
0
0
0
0
0.00520291
0
0
0.00104058
0
0.00104058
0.00312175
0.00208117
0
0.00104058
0.00104058
0
0.00104058
0.00104058
0.00208117
0.00208117
0
0.00104058
0.00104058
0
0.00104058
0
0.00936524
0
0.00208117
0.00416233
0.00208117
0.00208117
0.00416233
0.00208117
0.00104058
0.00416233
0.00104058
0.0062435
0.00728408
0.00312175
0.00728408
0.00728408
0.00208117
0.00936524
0.0062435
0.00520291
0.00520291
0.0104058
0.00728408
0.00416233
0.0114464
0.00936524
0.00936524
0.00832466
0.00728408
0
0.00520291
0.00832466
0.00312175
0.00520291
0.00416233
0.00936524
0.00312175
0.00208117
0.0104058
0.00416233
0.00208117
0
0.0156087
0
0.00520291
0.00104058
0.00312175
0.00520291
0.00312175
0.00520291
0.00104058
0.00416233
0.00208117
0.00208117
0.00520291
0.00312175
0.00520291
0
0.00312175
0.00208117
0.00520291
0
0
0.00936524
0
0.00312175
0.00208117
0
0.00312175
0.00416233
0.00104058
0.00416233
0.00208117
0.00104058
0.00416233
0
0.00104058
0
0.00104058
0.00312175
0.00312175
0.00312175
0.00104058
0
0
0.00728408
0.00208117
0.00208117
0.00104058
0.00312175
0
0.00104058
0.00208117
0
0.00104058
0.00312175
0.00104058
0.00208117
0.00208117
0.00312175
0.00416233
0.00104058
0.00208117
0.00312175
0.00312175
0.00208117
0.00936524
0.00312175
0.00416233
0.00520291
0.00208117
0.00728408
0.00416233
0.00416233
0.00416233
0.00832466
0.00520291
0.012487
0.00520291
0.00728408
0.00520291
0.00416233
0.0135276
0.0062435
0.00832466
0.00416233
0.0145682
0.0280957