0
0.0283251
0.0197044
0.0160099
0.0258621
0.0147783
0.0123153
0.0160099
0.00985222
0.0123153
0.0110837
0.00862069
0.00738916
0.00862069
0.00246305
0.00492611
0.00615764
0.00123153
0.00369458
0.00369458
0.00123153
0.00369458
0
0.00123153
0
0
0.00246305
0.00123153
0.00123153
0.00123153
0.00123153
0
0.00369458
0.00123153
0.00123153
0.00369458
0
0.00123153
0.00123153
0
0
0
0
0.0147783
0
0
0.00369458
0
0
0
0
0.00369458
0
0
0
0
0
0.00369458
0.00123153
0
0.00123153
0
0
0
0.00369458
0
0
0
0
0
0
0
0
0.00123153
0
0
0
0
0.00123153
0
0
0
0
0
0
0.00492611
0
0
0
0
0
0
0
0
0
0
0.00123153
0
0
0.00123153
0
0
0
0
0
0
0.00369458
0
0.00123153
0.00123153
0.00123153
0
0
0.00246305
0.00123153
0.00369458
0
0
0.00123153
0.00246305
0.00492611
0
0
0.00615764
0.00123153
0
0
0
0.00862069
0.00246305
0.00246305
0.00123153
0.00123153
0.00492611
0.00492611
0.00615764
0.00369458
0.00615764
0.00738916
0.00492611
0.00738916
0.00738916
0.00738916
0.00369458
0.00369458
0.00492611
0.00369458
0.00369458
0.00246305
0.00492611
0.00738916
0.0110837
0.00369458
0.00369458
0.00369458
0.00862069
0.0123153
0.00615764
0.00492611
0.00615764
0.00615764
0.00369458
0.00615764
0.00985222
0.00369458
0.00369458
0.00492611
0.00615764
0.00369458
0
0.0418719
0.00123153
0.00369458
0.00123153
0
0.00123153
0.00246305
0.00246305
0
0.00369458
0
0.0110837
0
0.00246305
0.0147783
0.00123153
0.00246305
0.00369458
0.00123153
0.00123153
0.00123153
0.00985222
0
0
0.00123153
0
0.00369458
0.00246305
0.00615764
0.00246305
0.00123153
0.00123153
0.00246305
0
0.00123153
0.00246305
0.00123153
0.00123153
0.00123153
0.00123153
0
0.00246305
0
0.0197044
0
0
0.00492611
0
0.00369458
0
0
0.00246305
0.00123153
0.00369458
0.00615764
0.00123153
0
0.00615764
0.00123153
0
0.00492611
0.00123153
0.00615764
0.00369458
0.00369458
0.00369458
0.00615764
0.00369458
0.00369458
0.00369458
0.00492611
0.00985222
0.00369458
0.0110837
0.00369458
0.00615764
0.00862069
0.0123153
0.0184729
0.00738916
0.0123153
0.0123153
0.0147783
0.020936
0.0258621
0.0665025