0
0.0171371
0.0252016
0.0262097
0.0231855
0.016129
0.016129
0.016129
0.00907258
0.0120968
0.00604839
0.00604839
0.00806452
0.00302419
0.00504032
0.00403226
0.00201613
0.00604839
0
0.00302419
0.00201613
0.00604839
0.00100806
0.0120968
0.0110887
0.00705645
0.00907258
0.00907258
0.00806452
0.0120968
0.00504032
0.00302419
0.0100806
0.00907258
0.00302419
0.00504032
0.00604839
0.00403226
0.00302419
0.00907258
0.00302419
0.00201613
0
0.0191532
0
0
0.00201613
0.00100806
0.00201613
0
0.00100806
0.00201613
0.00201613
0.00100806
0.00201613
0
0.00100806
0
0
0
0.00100806
0.00201613
0
0
0.00100806
0.00100806
0
0
0
0.00201613
0
0.00100806
0
0
0.00100806
0
0
0
0.00100806
0
0
0
0
0
0
0.00100806
0
0
0
0
0
0
0
0
0
0
0.00100806
0.00100806
0
0.00201613
0
0
0
0
0
0
0
0
0.00100806
0
0
0.00100806
0
0.00100806
0
0.00100806
0.00100806
0
0
0
0
0.00201613
0.00100806
0.00100806
0.00100806
0.00100806
0
0
0.00100806
0
0.00100806
0.00302419
0.00100806
0
0.00100806
0
0.00100806
0
0
0.00504032
0.00201613
0.00302419
0.00403226
0.00504032
0.00201613
0.00201613
0.00604839
0.00302419
0.00100806
0.00604839
0.00504032
0.00100806
0.00604839
0.00403226
0.00705645
0.00806452
0.0100806
0.00201613
0.00504032
0.00806452
0.00604839
0.00504032
0.00705645
0.00806452
0.00403226
0.00504032
0.00907258
0.0100806
0.00403226
0
0.0262097
0
0.00504032
0.0100806
0.00100806
0.00201613
0.00302419
0.00100806
0.00201613
0.00302419
0.00201613
0.00403226
0.00100806
0.00100806
0.00403226
0.00302419
0.00201613
0.00302419
0.00100806
0.00302419
0.00100806
0.00504032
0.00100806
0.00201613
0.00201613
0.00403226
0.00100806
0.00302419
0.00504032
0.00100806
0.00504032
0.00403226
0
0.00201613
0.00100806
0.00302419
0.00403226
0.00302419
0.00604839
0.00302419
0.00100806
0
0
0.00504032
0
0.00100806
0.00100806
0.00100806
0
0
0.00504032
0.00100806
0.00201613
0
0.00403226
0.00201613
0.00100806
0.00504032
0.00302419
0.00201613
0.00907258
0.00201613
0.00100806
0.00403226
0.00504032
0.00100806
0.00403226
0.00302419
0.00201613
0.00504032
0.00201613
0.00806452
0.0110887
0.0100806
0.0100806
0.00403226
0.00604839
0.0120968
0.0181452
0.0181452
0.00907258
0.0141129
0.015121
0.0211694
0.0231855
0.046371