0
0.00689405
0.0101597
0.0130624
0.00761974
0.00399129
0.00435414
0.0065312
0.00471698
0.00689405
0.00362845
0.00108853
0.00362845
0.00181422
0.00253991
0.00290276
0.00145138
0.00217707
0.00253991
0.00145138
0.000362845
0.000362845
0
0
0.000362845
0
0
0.000362845
0.00108853
0
0
0
0
0.000362845
0.000362845
0
0.000725689
0
0
0
0
0
0
0.00145138
0
0
0.000362845
0
0.000362845
0
0.000362845
0.000362845
0
0
0
0
0
0
0
0
0
0
0
0
0.000362845
0
0
0
0
0
0
0
0
0
0
0
0
0.000362845
0
0
0
0
0
0
0
0.00145138
0
0
0
0
0
0
0
0
0
0
0
0
0
0.000362845
0
0
0.000725689
0
0
0
0.000362845
0
0
0.000362845
0
0
0.000362845
0
0
0
0
0.000362845
0
0
0
0
0
0
0
0
0
0
0.00108853
0
0
0
0.000362845
0
0.000362845
0.000725689
0.000362845
0.000362845
0.000362845
0
0
0
0.000725689
0.00145138
0.00253991
0.00471698
0.0032656
0.00870827
0.00798258
0.0217707
0.0370102
0.0627721
0.0758345
0.0787373
0.0667634
0.0402758
0.0301161
0.0192308
0.0203193
0.0130624
0.0105225
0.00798258
0.0112482
0.00943396
0.00290276
0.00761974
0.00616836
0.00362845
0.00253991
0.000725689
0.0195936
0
0.00145138
0.00253991
0.0032656
0.00217707
0.00362845
0.00145138
0.00145138
0.00362845
0.00181422
0.00507983
0.00145138
0.00217707
0.00253991
0.00181422
0.000725689
0.00217707
0.00108853
0.00253991
0.00145138
0.00145138
0.000362845
0.000725689
0.00217707
0.00108853
0.00253991
0.00253991
0.00362845
0.000725689
0.00290276
0.000725689
0.00290276
0.00217707
0.00181422
0.00399129
0.00108853
0.000362845
0.000725689
0.00108853
0.000362845
0
0
0.00725689
0
0.000362845
0.00108853
0.00108853
0.00108853
0.000725689
0.00108853
0.00108853
0.000725689
0.00290276
0
0.00217707
0.00108853
0.00253991
0.00217707
0.00181422
0.00399129
0.00253991
0.00181422
0.00145138
0.0032656
0.000725689
0.00435414
0.0032656
0.00362845
0.00290276
0.00435414
0.00689405
0.00290276
0.00435414
0.00761974
0.00217707
0.00544267
0.00471698
0.00689405
0.0065312
0.0101597
0.00725689
0.0322932
0.0239478
0.0137881
0.0493469