0
0.00326531
0.00816326
0.00734694
0.00979592
0.00734694
0.00897959
0.00897959
0.00571429
0.00326531
0.00489796
0.00326531
0.00571429
0.00489796
0.00326531
0.00244898
0.00326531
0.000816327
0.000816327
0.00326531
0.000816327
0.00244898
0.00163265
0.00163265
0.00163265
0
0
0.00163265
0.000816327
0.000816327
0
0
0
0.000816327
0
0
0
0
0
0
0
0
0
0.00163265
0
0
0
0
0
0
0
0
0.000816327
0.000816327
0
0
0
0.000816327
0.000816327
0
0.000816327
0
0
0
0.00163265
0
0.000816327
0
0
0
0
0
0
0
0.000816327
0
0
0.000816327
0.000816327
0.000816327
0
0
0
0
0
0
0
0
0
0
0
0
0
0
0
0
0.000816327
0
0
0
0
0
0
0
0
0
0
0
0
0.000816327
0
0.00163265
0
0.00244898
0
0
0
0
0
0
0
0
0
0
0
0
0
0
0.00326531
0
0
0
0.000816327
0.000816327
0.00163265
0
0
0.000816327
0.00163265
0
0.00163265
0
0.00326531
0.00163265
0.00408163
0.00979592
0.00897959
0.00653061
0.0114286
0.0155102
0.0293878
0.0612245
0.0612245
0.0702041
0.0473469
0.0416327
0.0261224
0.0212245
0.0195918
0.0179592
0.0171429
0.00897959
0.0114286
0.0106122
0.0138776
0.00489796
0.00653061
0.00816326
0.00244898
0
0.0253061
0
0.00244898
0.00734694
0.00489796
0.000816327
0.00163265
0.00326531
0.00326531
0.00408163
0.000816327
0.00489796
0.00326531
0.00244898
0.00571429
0
0.00326531
0.00163265
0.00163265
0.000816327
0.000816327
0.000816327
0.000816327
0.000816327
0.00163265
0.000816327
0.00244898
0.000816327
0.00408163
0
0.00163265
0
0.00244898
0.000816327
0.00408163
0.00244898
0.000816327
0.00163265
0.00163265
0.00244898
0
0
0
0.00816326
0
0.000816327
0.000816327
0.00326531
0.000816327
0.000816327
0.00408163
0.00163265
0.00244898
0.00244898
0.000816327
0.000816327
0.00163265
0.00489796
0.00326531
0.00326531
0.00489796
0.00163265
0
0.00163265
0.00816326
0.000816327
0.00408163
0.00326531
0.00244898
0.00408163
0.00326531
0.00653061
0.00326531
0.00244898
0.00571429
0.000816327
0.00489796
0.00979592
0.00734694
0.00653061
0.0155102
0.00816326
0.0130612
0.0171429
0.00653061
0.0326531