0
0.0251323
0.0343915
0.031746
0.0383598
0.0383598
0.026455
0.031746
0.0145503
0.0145503
0.0132275
0.015873
0.015873
0.015873
0.0185185
0.00925926
0.00396825
0.0171958
0.0171958
0.00793651
0.00925926
0.00925926
0.0026455
0.00661376
0.00661376
0.00396825
0.00793651
0.00396825
0.00793651
0.00132275
0.00529101
0.00396825
0.0026455
0.00132275
0.00396825
0
0.0026455
0
0
0
0.00132275
0
0
0.00925926
0
0
0
0
0
0
0.00132275
0
0.00132275
0.00132275
0
0.00396825
0
0.00396825
0
0
0.00132275
0.0026455
0
0
0.00529101
0
0.00132275
0.00396825
0.0026455
0
0
0.00132275
0
0.00132275
0.00132275
0
0
0.0026455
0.00132275
0
0.00132275
0
0
0
0
0.00529101
0
0
0
0
0
0.00132275
0
0.00132275
0.00132275
0
0
0.00132275
0.00132275
0.00132275
0
0.00132275
0.00132275
0
0
0
0.00661376
0.00132275
0
0
0
0
0.00396825
0.0026455
0.00132275
0
0.0026455
0.00132275
0.00132275
0.0026455
0.00132275
0.00396825
0.00529101
0.00132275
0.00396825
0.00132275
0.00396825
0
0.0171958
0.00529101
0.0026455
0.00396825
0.00529101
0.00396825
0.00925926
0.0026455
0.0026455
0.0026455
0.00793651
0.00925926
0.00661376
0.0026455
0.00661376
0.00529101
0.00529101
0.00396825
0.0026455
0.00396825
0
0.00396825
0.00132275
0.00396825
0
0.00396825
0.00396825
0.0026455
0.0026455
0.00132275
0.00132275
0.00132275
0
0.00132275
0.00132275
0.00529101
0.00529101
0
0
0
0.00132275
0
0.010582
0
0
0
0
0
0.00132275
0
0
0.00132275
0
0.00132275
0
0
0
0
0.00132275
0
0
0
0
0.0026455
0
0
0
0
0
0
0
0
0
0
0
0
0.00132275
0
0
0
0
0
0
0
0
0.00661376
0
0
0
0
0.00132275
0.0026455
0
0.0026455
0.00132275
0
0
0.00132275
0
0.00132275
0.00132275
0
0.00396825
0.0026455
0.00132275
0
0.00661376
0
0.0026455
0.00661376
0.010582
0.0026455
0.00529101
0.00529101
0.00661376
0.00925926
0.0119048
0.00396825
0.00529101
0.0132275
0.010582
0.00529101
0.010582
0.0132275
0.00925926
0.0119048
0.0145503
0.0582011