0
0
0.00205128
0.00307692
0.00205128
0.0025641
0.00307692
0.00282051
0.00025641
0.00333333
0.00051282
0.00384615
0.00333333
0.00051282
0.00461538
0.00025641
0.000769231
0.00128205
0.00102564
0.00051282
0
0.00384615
0
0.00025641
0.00025641
0
0.00025641
0
0.00128205
0
0
0
0.000769231
0.00025641
0
0
0.00025641
0
0.00025641
0
0
0
0
0.00230769
0
0
0.00025641
0
0
0
0
0
0
0
0
0
0
0
0
0
0
0
0
0
0.00025641
0
0
0
0
0
0
0
0
0
0.00025641
0
0
0
0
0
0
0
0
0
0
0.00102564
0
0
0
0
0
0
0.00025641
0
0.00025641
0
0
0
0
0
0
0
0
0
0
0
0
0
0
0
0
0
0
0.00025641
0
0
0
0
0
0.00025641
0
0
0
0
0
0
0
0
0.00666667
0
0
0
0
0
0
0
0
0
0.000769231
0.00025641
0.00025641
0
0.00230769
0.00179487
0.00153846
0.00589744
0.00333333
0.00538462
0.00564103
0.0171795
0.0130769
0.0179487
0.0189744
0.034359
0.0269231
0.0289744
0.0320513
0.0166667
0.0112821
0.0158974
0.00564103
0.00666667
0.00923077
0.00820513
0.00384615
0.0074359
0.00384615
0.00153846
0.00179487
0
0.10359
0
0.00102564
0.00102564
0.0025641
0.00128205
0.00153846
0.00205128
0.00051282
0.00358974
0.00102564
0.00435897
0.00051282
0.00179487
0.0117949
0
0.00025641
0.00179487
0.00102564
0.00153846
0.000769231
0.0297436
0
0.00025641
0.000769231
0.00025641
0.00307692
0.00128205
0.00615385
0.00051282
0.00205128
0.000769231
0.0025641
0.00128205
0.00205128
0.00179487
0.000769231
0.00205128
0.00153846
0.000769231
0
0
0
0.055641
0
0
0.00128205
0.00153846
0.0025641
0.00384615
0.00487179
0.00589744
0.00179487
0.00538462
0.00128205
0.0025641
0.00128205
0.00564103
0.00102564
0.000769231
0.00282051
0.00358974
0.00179487
0.00025641
0.0230769
0.00230769
0.00307692
0.00538462
0.00512821
0.00179487
0.00358974
0.0117949
0.00282051
0.00846154
0.0115385
0.00282051
0.0115385
0.0184615
0.0271795
0.0351282
0.0128205
0.0366667
0.00358974
0.0169231
0
0.0884615