0.00137363
0.021978
0.0398352
0.043956
0.0508242
0.0453297
0.0302198
0.0233516
0.0233516
0.0288462
0.0164835
0.0178571
0.0137363
0.0164835
0.0164835
0.00961538
0.0206044
0.0151099
0.00824176
0.00824176
0.0137363
0.0151099
0.0123626
0.010989
0.00961538
0.010989
0.010989
0.00412088
0.00961538
0.00137363
0.00686813
0.00274725
0.00274725
0.00274725
0.00412088
0.00274725
0.00137363
0.00274725
0.00137363
0.00137363
0.00137363
0
0
0.0164835
0
0.00274725
0
0.00274725
0.00137363
0.00137363
0
0
0
0.00274725
0
0.00137363
0
0.00412088
0.00137363
0
0.00137363
0
0.00274725
0
0.00412088
0.00137363
0
0
0
0
0
0
0
0
0.00137363
0
0
0
0
0.00137363
0.00137363
0.00137363
0
0
0
0.00412088
0
0
0
0.00137363
0
0
0.00137363
0
0.00137363
0
0
0
0
0.00412088
0
0.00137363
0
0.00274725
0
0
0.00274725
0.00137363
0.00274725
0
0.00137363
0
0.00137363
0.00274725
0.00137363
0.00137363
0
0
0.00274725
0.00137363
0.00274725
0.00137363
0.00137363
0.00549451
0
0.00137363
0
0.00137363
0.0164835
0
0.00274725
0.00137363
0
0.00412088
0.00274725
0.00137363
0.00137363
0.00274725
0.00274725
0.00549451
0
0.00274725
0.00137363
0.00137363
0
0
0.00137363
0.00274725
0
0.00137363
0.00137363
0.00549451
0.00274725
0.00137363
0.00137363
0.00137363
0.00412088
0
0.00137363
0.00137363
0.00137363
0
0.00137363
0.00137363
0
0.00274725
0
0
0
0
0.00549451
0
0.00274725
0.00137363
0
0.00137363
0.00412088
0.00412088
0.00137363
0.00274725
0.00137363
0
0
0
0.00137363
0
0
0.00274725
0.00274725
0.00137363
0.00137363
0.00274725
0
0
0
0
0.00274725
0
0.00137363
0.00274725
0
0.00137363
0
0
0.00274725
0.00137363
0
0
0
0
0.00137363
0
0
0.00274725
0
0.00274725
0
0
0.00137363
0.00137363
0
0.00274725
0
0.00137363
0
0.00274725
0.00137363
0.00412088
0.00412088
0
0.00274725
0.00137363
0.00137363
0.00137363
0.00137363
0
0.00137363
0.00137363
0.00274725
0.00137363
0
0.00686813
0.00274725
0.00274725
0.00686813
0
0.00549451
0.010989
0.00961538
0.010989
0.00686813
0.0164835
0.010989
0.00961538
0.0137363
0.0357143