0
0.002849
0.00569801
0.00356125
0.00356125
0.0014245
0.0014245
0.002849
0.0014245
0.0042735
0
0.002849
0
0.000712251
0.00356125
0
0
0.0014245
0
0
0.000712251
0.0014245
0
0
0
0
0
0
0.000712251
0
0.000712251
0
0
0
0
0
0
0
0.000712251
0
0
0
0
0.00783476
0
0
0
0
0
0
0
0
0
0.0014245
0
0
0
0
0
0
0
0
0
0
0.000712251
0
0
0
0
0
0
0.000712251
0
0
0
0
0
0
0
0
0
0
0
0
0
0.002849
0
0
0
0
0
0
0
0
0
0
0
0
0
0.000712251
0
0
0
0
0
0
0.000712251
0
0
0
0
0.000712251
0
0.000712251
0
0.000712251
0
0
0
0.000712251
0.000712251
0.0014245
0
0
0.000712251
0
0
0
0.00783476
0
0.000712251
0.000712251
0.000712251
0.00213675
0.000712251
0.00213675
0.002849
0.0014245
0.000712251
0.000712251
0.0014245
0.0014245
0.0042735
0.002849
0.00213675
0.00498575
0.00997151
0.00569801
0.00356125
0.025641
0.00641026
0.011396
0.0185185
0.0249288
0.022792
0.0206553
0.0277778
0.0270655
0.0213675
0.025641
0.00997151
0.00925926
0.0163818
0.0156695
0.0106838
0.00783476
0.011396
0.00569801
0.00569801
0.0014245
0.0826211
0
0.00213675
0.002849
0.00356125
0.00356125
0.00925926
0.00641026
0.002849
0.00925926
0.00213675
0.0135328
0.002849
0.00498575
0.0156695
0.00356125
0.00356125
0.0042735
0.00213675
0.00356125
0.0014245
0.0206553
0.000712251
0.00356125
0.00356125
0.0014245
0.002849
0.0042735
0.00997151
0.0014245
0.00213675
0.0014245
0.00498575
0.00569801
0.00356125
0.00356125
0.00213675
0.000712251
0.00569801
0.0042735
0.000712251
0
0
0.0206553
0
0.00213675
0.0042735
0.00498575
0.00213675
0.002849
0.0014245
0.002849
0.00213675
0.002849
0.0014245
0.00356125
0.0014245
0.00925926
0.00783476
0.002849
0.00498575
0.00356125
0.002849
0.0014245
0.00854701
0.002849
0.00641026
0.00498575
0.011396
0.0042735
0.00569801
0.011396
0.00925926
0.00854701
0.00641026
0.00641026
0.00712251
0.0156695
0.0149573
0.0135328
0.0192308
0.0121083
0.0135328
0.00498575
0.002849
0.017094