0
0.00308642
0.00771605
0.00771605
0.00462963
0.00154321
0.00462963
0.00925926
0
0.0123457
0.00308642
0.00925926
0.00462963
0.00462963
0.0138889
0.00154321
0.00154321
0.00308642
0.00308642
0.00308642
0.00308642
0.0138889
0
0
0.00308642
0
0.00308642
0.00154321
0.0108025
0
0
0
0.00462963
0.00154321
0.00154321
0
0
0
0
0
0
0
0
0.037037
0
0
0.00154321
0
0
0
0
0
0
0
0.00154321
0
0
0.00462963
0
0
0
0
0
0
0.00617284
0
0
0
0
0
0
0.00462963
0
0
0.00154321
0
0
0
0.00308642
0
0
0
0
0
0
0.00771605
0
0
0
0
0
0
0
0
0.00154321
0
0.00308642
0.00154321
0
0
0
0
0.00154321
0
0
0.00154321
0.00617284
0
0
0
0.00154321
0
0
0.00925926
0.00154321
0
0.00308642
0.00308642
0
0
0
0
0.00154321
0.00308642
0
0
0
0
0.0200617
0
0
0.00154321
0.00308642
0.00154321
0.00308642
0.00154321
0.00617284
0.00154321
0
0
0.00462963
0
0.00462963
0.00154321
0.00771605
0.00771605
0.00154321
0.00617284
0.00308642
0.00925926
0.00308642
0.00925926
0.00617284
0.0123457
0.0123457
0.00771605
0.0231481
0.00462963
0.00462963
0.00771605
0.00462963
0.00462963
0.00617284
0.00462963
0.00154321
0.00617284
0.00462963
0.00308642
0.00308642
0
0.0339506
0
0.00154321
0.00617284
0.00617284
0
0.00771605
0.00308642
0.00154321
0.00154321
0.00154321
0.00617284
0.00154321
0.00154321
0.00771605
0.00462963
0.00154321
0.00617284
0.00154321
0.00154321
0
0.0138889
0
0.00308642
0.00154321
0.00308642
0.00154321
0.00308642
0.00617284
0
0.00308642
0.00154321
0.00925926
0.00617284
0
0
0
0.00154321
0.00308642
0.00154321
0.00154321
0
0
0.0200617
0
0.00308642
0.00617284
0.00308642
0.00308642
0
0.00462963
0.00154321
0.00308642
0.00462963
0.00154321
0.00462963
0.00308642
0.0138889
0
0.00154321
0.00154321
0.00617284
0.00154321
0
0.0246914
0.00154321
0.00771605
0.00617284
0.00925926
0.00925926
0.0108025
0.0108025
0.00154321
0.0123457
0.0123457
0.00617284
0.00771605
0.0231481
0.0200617
0.0123457
0.0108025
0.00308642
0.00462963
0.00771605
0
0.095679