0
0
0.00480769
0.00480769
0.00360577
0.00360577
0.00600962
0.00200321
0.000801282
0.00440705
0.000400641
0.00320513
0.00360577
0.00360577
0.00280449
0.000400641
0.000400641
0.00160256
0.00360577
0.000801282
0.000400641
0.00520833
0
0
0.00120192
0.000801282
0.00120192
0.000801282
0.000801282
0
0.000400641
0
0.000801282
0.000400641
0
0.000400641
0.000400641
0
0
0.000400641
0
0
0
0.00360577
0
0
0
0
0
0
0
0
0
0
0
0
0
0.000400641
0
0
0
0
0
0
0
0
0
0
0.000400641
0
0
0
0
0
0
0
0
0.000400641
0.000400641
0
0
0
0
0
0
0.000400641
0
0
0
0
0
0
0.000400641
0
0
0
0
0
0
0
0
0
0
0
0
0
0.000400641
0
0
0
0
0
0
0
0
0
0
0
0
0
0
0
0
0
0
0
0
0
0.00360577
0
0
0
0
0
0
0
0.000801282
0
0.00120192
0.000801282
0.000801282
0.00120192
0.00320513
0.00200321
0.00240385
0.00600962
0.00721154
0.00560897
0.00440705
0.0196314
0.00520833
0.0140224
0.0196314
0.0284455
0.0232372
0.0276442
0.0320513
0.0148237
0.015625
0.0184295
0.00841346
0.0112179
0.0120192
0.00400641
0.00480769
0.00560897
0.00721154
0.00320513
0.00320513
0
0.109375
0
0.000801282
0.00240385
0.00160256
0.00240385
0.00200321
0.00280449
0.00160256
0.00240385
0.000801282
0.0088141
0.000801282
0.00120192
0.00841346
0.000400641
0.000801282
0.00200321
0.000400641
0.00120192
0.000400641
0.0204327
0
0.000801282
0.00320513
0.000801282
0.00360577
0.00120192
0.00641026
0.000801282
0.00120192
0
0.00320513
0
0.00160256
0.00240385
0.00280449
0.00160256
0.00200321
0.00120192
0
0
0
0.0372596
0
0
0.000801282
0.00160256
0.00240385
0.00360577
0.00320513
0.00120192
0.00160256
0.00240385
0.00320513
0.00560897
0
0.00721154
0.00440705
0.00120192
0.00520833
0.00600962
0.00280449
0.000400641
0.0280449
0.00240385
0.00600962
0.00520833
0.00761218
0.00280449
0.00641026
0.0108173
0.00600962
0.00961538
0.0128205
0.00360577
0.0104167
0.0176282
0.0164263
0.0328526
0.00841346
0.0336538
0.00320513
0.0224359
0
0.0717147