0
0.0465632
0.0443459
0.0349224
0.0144124
0.0116408
0.00886918
0.00332594
0.00332594
0.00720621
0.00277162
0.00665188
0.00277162
0.00498891
0.00443459
0.00166297
0.00221729
0.00498891
0.00332594
0.00221729
0.00110865
0.00997783
0.00110865
0.00277162
0.00221729
0.00166297
0.00221729
0.00110865
0.00166297
0.00110865
0.00166297
0.00110865
0.00277162
0
0
0.00110865
0.00166297
0
0
0
0
0
0
0.0121951
0
0
0.00166297
0
0
0
0
0.000554324
0.000554324
0.00277162
0
0.00110865
0.000554324
0.00221729
0.00110865
0
0.00277162
0.000554324
0
0
0.00332594
0
0
0
0.00110865
0.000554324
0.000554324
0.00166297
0.00110865
0
0.00110865
0
0
0
0.00110865
0.000554324
0.00110865
0.000554324
0
0
0
0.00110865
0
0
0
0
0.000554324
0
0
0
0.00110865
0
0.00110865
0
0.000554324
0.00110865
0
0.00110865
0.00332594
0
0.00110865
0.00166297
0.00221729
0
0.00166297
0.000554324
0
0
0.000554324
0.00110865
0.000554324
0.00166297
0.00221729
0.00110865
0.00110865
0.00221729
0.00221729
0.00221729
0.00110865
0.00388027
0.00110865
0.00110865
0
0
0.00997783
0.000554324
0.00221729
0.00221729
0.00443459
0.00665188
0.00443459
0.00665188
0.00498891
0.00554324
0.0116408
0.00997783
0.00831486
0.00831486
0.00831486
0.0094235
0.00498891
0.0127494
0.00997783
0.00997783
0.00498891
0.0133038
0.00997783
0.00997783
0.00776053
0.00886918
0.00388027
0.00886918
0.00776053
0.00332594
0.00665188
0.00554324
0.00332594
0.00443459
0.00443459
0.00332594
0.00166297
0.00166297
0.00388027
0
0
0
0.0133038
0
0
0.00166297
0.00332594
0.00110865
0.00221729
0.00166297
0.00221729
0.00221729
0.000554324
0.00166297
0.00388027
0.000554324
0.00277162
0.00166297
0.00166297
0.00221729
0.00110865
0.00166297
0.00110865
0.00609756
0.000554324
0.000554324
0.000554324
0
0.00388027
0.000554324
0.00166297
0.00110865
0.00388027
0.00166297
0.00277162
0.000554324
0.000554324
0.00277162
0.00110865
0.00110865
0
0.00110865
0.00166297
0
0
0.00776053
0
0
0.00221729
0.00110865
0.00166297
0.00166297
0.00110865
0.00110865
0.00166297
0.00388027
0.00110865
0.00221729
0.00166297
0.00277162
0.00443459
0.000554324
0.00443459
0.00388027
0.00443459
0.00166297
0.00554324
0.00166297
0.00498891
0.00609756
0.00388027
0.00443459
0.00110865
0.00831486
0.00277162
0.00665188
0.00609756
0.00277162
0.00609756
0.0144124
0.0127494
0.00997783
0.00831486
0.018847
0.0199557
0.0227273
0.037694
0.0898004