0
0.00255102
0.0153061
0.00637755
0.0114796
0.00510204
0.0102041
0.0102041
0.00127551
0.0102041
0.00382653
0.00510204
0.00765306
0.00255102
0.00637755
0.00637755
0.00127551
0.00127551
0.00255102
0.00382653
0.00382653
0.00382653
0.00255102
0.00127551
0.00127551
0
0.00127551
0
0
0
0
0
0
0
0
0
0
0
0
0
0
0
0
0.00127551
0
0
0
0
0
0
0
0
0
0
0.00127551
0
0
0
0.00127551
0
0.00255102
0
0
0
0.00255102
0
0
0
0
0
0
0
0
0
0.00127551
0
0
0
0
0
0
0
0
0
0
0
0
0
0
0
0
0
0
0
0
0
0
0
0
0.00127551
0
0
0
0
0
0
0
0
0
0
0
0.00127551
0
0.00127551
0
0
0
0.00127551
0.00127551
0
0
0
0
0.00127551
0.00127551
0
0
0
0.00765306
0
0
0
0
0.00255102
0
0.00127551
0.00127551
0.00127551
0.00255102
0.00255102
0.00510204
0.00765306
0.00765306
0.00382653
0.00382653
0.00510204
0.00255102
0.00127551
0.0114796
0.0229592
0.0178571
0.0178571
0.0344388
0.0484694
0.0357143
0.0255102
0.0216837
0.0255102
0.0140306
0.0153061
0.0140306
0.0153061
0.0165816
0.0140306
0.00765306
0.00127551
0.00765306
0.0114796
0.00510204
0.00127551
0.0293367
0
0.00892857
0.00127551
0.00382653
0.0102041
0.00765306
0.00255102
0.00127551
0.00382653
0.00127551
0.00510204
0.00510204
0
0.00510204
0.00255102
0.00637755
0.00255102
0.00765306
0.00382653
0.00255102
0.0102041
0
0.00382653
0.00127551
0.00255102
0.00127551
0.00127551
0.00382653
0.00127551
0.00127551
0.00255102
0.00127551
0.00127551
0
0.00127551
0.00127551
0
0.00510204
0.00255102
0.00255102
0
0
0.0114796
0
0.00127551
0
0.00127551
0.00255102
0.00255102
0.00382653
0.00127551
0.00127551
0.00382653
0.00255102
0.00127551
0.00255102
0.00127551
0.00382653
0.00127551
0.00637755
0.00510204
0.00127551
0
0.0102041
0.00510204
0.00510204
0.00765306
0.00510204
0.00765306
0.00637755
0.00382653
0.00637755
0.00255102
0.00765306
0.00382653
0.00892857
0.00765306
0.00637755
0.00765306
0.0140306
0.0153061
0.00510204
0.0191327
0.00127551
0.0446429