0
0.00689655
0.0124138
0.0124138
0.0165517
0.0124138
0.0165517
0.0248276
0.0165517
0.0289655
0.017931
0.0303448
0.0193103
0.0151724
0.0234483
0.0206897
0.0193103
0.0124138
0.0165517
0.0193103
0.00551724
0.00965517
0.00827586
0.0110345
0.00689655
0.00551724
0.00413793
0.0137931
0.00275862
0
0.00137931
0
0.00413793
0.00275862
0.00413793
0.00413793
0.00275862
0.00275862
0.00551724
0
0.00413793
0.00137931
0
0.0510345
0.00137931
0.00275862
0
0
0
0.00137931
0.00275862
0.00137931
0.00137931
0
0
0.00137931
0
0
0
0
0
0
0.00137931
0
0
0
0
0
0.00137931
0
0
0
0
0
0
0
0
0
0
0
0
0
0
0
0
0.00137931
0
0
0
0.00137931
0
0.00275862
0
0.00275862
0
0
0.00137931
0
0
0
0
0
0.00137931
0
0
0
0
0
0
0
0
0.00137931
0.00137931
0.00137931
0
0
0
0.00137931
0.00137931
0.00137931
0
0
0.00137931
0.00137931
0
0
0.00413793
0
0.0372414
0
0
0
0.00275862
0
0.00137931
0.00137931
0
0.00413793
0
0
0.00413793
0
0
0
0
0.00275862
0
0.00275862
0.00137931
0.00275862
0.00137931
0
0
0
0
0.00275862
0
0
0.00137931
0
0
0
0.00137931
0.00137931
0
0.00275862
0
0.00137931
0
0
0.00413793
0.00275862
0.00275862
0.00413793
0.00413793
0.00275862
0.00551724
0.00275862
0
0.00275862
0
0.00137931
0.00275862
0
0.00137931
0
0
0.00137931
0.00137931
0
0
0.00275862
0.00137931
0.00275862
0.00413793
0
0.00137931
0
0
0.00137931
0.00275862
0.00137931
0
0.00137931
0.00137931
0
0.00137931
0.00413793
0.00137931
0
0.00137931
0.00137931
0
0.0165517
0
0
0
0
0.00137931
0.00137931
0
0
0
0.00137931
0
0
0.00137931
0.00275862
0.00413793
0
0
0
0
0.00137931
0.00413793
0.00137931
0.00275862
0
0
0
0
0.00137931
0.00551724
0
0
0.00551724
0.00689655
0.00137931
0.00413793
0.00827586
0.00413793
0.00689655
0.00551724
0.00413793
0
0.228966