0
0.0705566
0.0732422
0.032959
0.0285645
0.0209961
0.0187988
0.0205078
0.0126953
0.0263672
0.0141602
0.0307617
0.0158691
0.0146484
0.0395508
0.00976563
0.0090332
0.0166016
0.0119629
0.0100098
0.0109863
0.0493164
0.00292969
0.0078125
0.00952148
0.00512695
0.0170898
0.00927734
0.0227051
0.00561523
0.00756836
0.00463867
0.0151367
0.00585938
0.00537109
0.00952148
0.00463867
0.00244141
0.00439453
0.00439453
0.000244141
0
0
0.0415039
0
0
0.0012207
0.0012207
0.00170898
0.000732422
0.00292969
0.00170898
0.0012207
0.00341797
0.000244141
0.00195313
0
0.00317383
0.000976563
0
0.00146484
0.00146484
0.000244141
0
0.00488281
0
0.000732422
0.000488281
0.000732422
0.00170898
0.000488281
0.00268555
0
0.0012207
0.00146484
0
0.000488281
0.000488281
0.000732422
0.000976563
0.0012207
0
0
0
0
0.00537109
0
0
0
0.000244141
0.00146484
0.000244141
0.000976563
0
0.000976563
0
0.00170898
0.00146484
0.000488281
0.000976563
0
0.000976563
0.000488281
0.000244141
0.0012207
0.000244141
0.00195313
0
0.0012207
0.000244141
0
0.000488281
0.000488281
0.00268555
0
0.00146484
0.000488281
0.00146484
0.00268555
0.00219727
0.00268555
0.0012207
0.000244141
0.00195313
0.000488281
0.00146484
0
0
0.010498
0.000244141
0.00219727
0.00170898
0.0012207
0.000976563
0.000244141
0.00146484
0.00268555
0.00195313
0.00244141
0.000976563
0.000732422
0.000488281
0.00170898
0.00146484
0.000244141
0.00146484
0.000488281
0.0012207
0
0.0012207
0.000976563
0.000732422
0.000732422
0.00146484
0.000244141
0.000244141
0.000732422
0.000244141
0.000244141
0.000732422
0
0
0.000976563
0.000488281
0.000244141
0
0.000732422
0
0
0
0.00488281
0
0
0.000244141
0.000732422
0
0
0.000488281
0
0.000488281
0
0.0012207
0
0
0.000732422
0
0.000488281
0.000244141
0
0
0.000244141
0.0012207
0
0
0.000244141
0
0.000488281
0.000244141
0.000244141
0
0.000244141
0
0
0
0
0
0
0
0
0
0
0
0
0.00219727
0
0
0
0
0
0.000244141
0
0
0
0.000976563
0.000488281
0
0
0.00146484
0.000244141
0.000244141
0.000976563
0.000244141
0
0.000244141
0.00219727
0.000244141
0.000976563
0.000488281
0.00195313
0.000976563
0.00170898
0.00292969
0.000488281
0.00170898
0.00415039
0.000488281
0.00268555
0.00341797
0.00244141
0.00219727
0.00488281
0.00537109
0.00463867
0.00537109
0.00537109
0.0754395