0
0.0223537
0.025641
0.0447074
0.0453649
0.0374753
0.0295858
0.0157791
0.0151216
0.0216963
0.0151216
0.0131492
0.0131492
0.0111769
0.0164366
0.00920447
0.0131492
0.0118343
0.0118343
0.0124918
0.00854701
0.0124918
0.00197239
0.00591716
0.00723208
0.00460224
0.0105194
0.00986193
0.0144642
0.00328731
0.0052597
0.0052597
0.00788955
0.0052597
0.00460224
0.0138067
0.00394477
0.000657462
0.00262985
0.00262985
0
0
0
0.0236686
0
0
0.000657462
0.00131492
0.00197239
0.000657462
0.00131492
0.00197239
0.000657462
0.00394477
0.000657462
0.000657462
0.000657462
0.00591716
0
0
0.00460224
0.00131492
0
0
0
0
0
0
0
0.000657462
0
0.00131492
0
0
0.00131492
0
0
0.000657462
0
0
0.000657462
0
0
0
0
0.00920447
0
0
0
0
0
0
0.000657462
0
0
0
0.00131492
0
0
0.000657462
0
0
0.00131492
0
0
0
0.00328731
0
0.000657462
0.00197239
0
0.00131492
0.00131492
0.00131492
0
0.000657462
0.000657462
0.00394477
0.00131492
0.00131492
0.00328731
0.00262985
0.000657462
0.00591716
0.00394477
0.00197239
0
0
0.0512821
0.00131492
0.00591716
0.00854701
0.00788955
0.00328731
0.00460224
0.0157791
0.00657462
0.0131492
0.0118343
0.00591716
0.00920447
0.0052597
0.0118343
0.00854701
0.0052597
0.0111769
0.00788955
0.00262985
0.00262985
0.0151216
0.00460224
0.00657462
0.00394477
0.00197239
0.00394477
0.00262985
0.0052597
0
0.00328731
0.00328731
0.00131492
0
0.00394477
0.00328731
0
0
0
0
0
0
0.00854701
0
0
0
0.000657462
0.000657462
0
0.000657462
0.000657462
0.000657462
0
0
0.00197239
0
0.00262985
0
0
0
0
0
0
0.00328731
0
0
0
0
0.00131492
0
0.000657462
0
0
0
0.000657462
0
0
0
0
0
0
0
0
0
0
0.00131492
0
0
0
0.000657462
0.000657462
0
0
0.00131492
0
0
0
0
0
0
0.000657462
0
0.000657462
0.00131492
0.000657462
0
0.0052597
0.00131492
0.00131492
0.00197239
0.00197239
0
0.00131492
0.00328731
0
0.00197239
0.00262985
0.000657462
0.00131492
0.00262985
0.00197239
0.00197239
0.00394477
0.00262985
0.00197239
0.00460224
0.0052597
0.042735