0.000408163
0.0122449
0.0155102
0.0265306
0.0457143
0.0481633
0.0677551
0.0595918
0.0391837
0.0310204
0.0244898
0.0281633
0.017551
0.0195918
0.02
0.017551
0.0171429
0.0208163
0.0159184
0.0134694
0.0106122
0.0212245
0.00326531
0.0110204
0.0146939
0.00530612
0.0134694
0.00938775
0.0102041
0.00244898
0.00734694
0.00489796
0.00938775
0.00693878
0.00897959
0.00897959
0.00612245
0.00244898
0.00408163
0.00122449
0.000408163
0
0
0.0371429
0.000408163
0
0.00204082
0.00244898
0.00204082
0.00122449
0.00367347
0.00326531
0.000816327
0.00408163
0
0.00204082
0
0.00244898
0.00122449
0.000408163
0.00204082
0.00163265
0.000408163
0
0.0044898
0
0.00122449
0.000816327
0.00285714
0.000408163
0.000408163
0.00408163
0.000408163
0
0.000816327
0
0
0.00163265
0.000408163
0.000816327
0.00122449
0
0
0
0
0.00816326
0
0
0.000408163
0
0.000408163
0.000408163
0
0.000408163
0.00122449
0
0.00122449
0.000408163
0
0.00204082
0.000816327
0
0.00163265
0.000816327
0.00122449
0.000408163
0.00326531
0
0.000816327
0.00163265
0
0.00122449
0.000408163
0.00122449
0.000408163
0.000816327
0.00122449
0.00163265
0.00163265
0.000816327
0.00204082
0.00163265
0.00122449
0.00163265
0.00163265
0.00163265
0.000816327
0
0.0122449
0.000408163
0.00204082
0.000816327
0.00326531
0.00122449
0.00244898
0.00285714
0.00367347
0.00285714
0.00408163
0.00204082
0.00244898
0.00122449
0.00408163
0.00285714
0.000816327
0.00367347
0.00122449
0.000816327
0.000408163
0.00285714
0.000816327
0.000816327
0.000816327
0.000816327
0.00122449
0.00163265
0.00285714
0.000816327
0.00163265
0.00285714
0.000408163
0
0.000816327
0.000816327
0.000408163
0
0
0.000408163
0.000408163
0
0.00326531
0
0.000408163
0.000816327
0.000408163
0
0
0
0
0.000816327
0
0.000408163
0.000408163
0.000408163
0.000408163
0
0
0.000408163
0
0
0
0.00163265
0
0
0.00122449
0
0.000408163
0.000408163
0.000408163
0
0
0.000408163
0.000408163
0
0
0
0
0.000408163
0.000408163
0
0
0
0
0.00244898
0
0
0
0.000408163
0.000816327
0
0
0.000408163
0
0.000408163
0
0
0
0.00163265
0
0
0.00122449
0.00163265
0
0
0.00163265
0.000408163
0.00122449
0
0
0.000816327
0.00163265
0.00204082
0.00122449
0.000408163
0.00367347
0.00163265
0.000816327
0.00326531
0.00326531
0.00326531
0.0044898
0.00612245
0.00326531
0.0044898
0.00489796
0.017551