0
0.0587808
0.070029
0.0413643
0.0319303
0.025762
0.0224964
0.0275762
0.0134253
0.027939
0.0141509
0.0315675
0.0177794
0.0130624
0.0370102
0.0134253
0.0134253
0.0235849
0.0119739
0.0134253
0.00761974
0.0449927
0.00253991
0.00943396
0.0101597
0.00435414
0.0123367
0.0105225
0.0206821
0.00253991
0.00761974
0.00435414
0.0105225
0.00507983
0.00689405
0.00798258
0.00362845
0.00435414
0.00471698
0.00362845
0.000362845
0
0
0.0402758
0
0.000725689
0.000725689
0.000362845
0.00253991
0.00217707
0.00253991
0.00145138
0.00217707
0.00399129
0
0.00217707
0
0.00435414
0.000725689
0
0.000362845
0.000725689
0.000362845
0
0.0032656
0
0
0.000725689
0.000725689
0.000362845
0.000362845
0.00108853
0
0
0.000725689
0
0
0.000362845
0.00108853
0.00108853
0.000362845
0
0
0
0
0.00544267
0
0
0
0
0
0
0.000725689
0
0.000362845
0
0.00217707
0.00145138
0.000362845
0.00145138
0.000362845
0.000362845
0.00108853
0.000362845
0
0.000362845
0.00399129
0
0.000725689
0.000725689
0.000362845
0.00108853
0.000362845
0.00290276
0.000725689
0.0032656
0.000725689
0.000725689
0.00217707
0.00108853
0.00108853
0.00253991
0
0.00108853
0.00108853
0.000362845
0
0
0.00689405
0.000362845
0.000725689
0.00290276
0.00108853
0.00217707
0.00290276
0.000725689
0.00145138
0.00145138
0.00108853
0.000725689
0.00108853
0.000362845
0.00108853
0.00145138
0.000362845
0.00108853
0.000362845
0.000362845
0
0.00217707
0.000362845
0.000362845
0.000725689
0.000725689
0.00145138
0.000725689
0.00145138
0.000725689
0
0
0.000362845
0.000362845
0.000362845
0.00108853
0.000362845
0.000362845
0.00108853
0
0.000362845
0
0.00362845
0
0.000725689
0
0
0.000362845
0.000362845
0.000362845
0
0
0
0.000725689
0
0.000362845
0.00145138
0
0.000725689
0.000362845
0.000362845
0.000362845
0
0.00108853
0
0.000362845
0
0
0.000725689
0.000362845
0.00108853
0
0
0
0
0
0
0
0
0.000362845
0.000362845
0
0
0
0
0.00362845
0
0
0
0
0.000362845
0
0
0.000362845
0
0.000362845
0
0
0
0.000725689
0.000725689
0
0.000725689
0.00108853
0.000362845
0
0.0032656
0
0.000362845
0.000725689
0.00181422
0.000362845
0.000725689
0.00435414
0.00217707
0.00145138
0.00181422
0.000725689
0.000725689
0.00253991
0.00362845
0.00217707
0.00435414
0.00507983
0.00580552
0.00616836
0.00616836
0.0729318