0
0.0125
0.0375
0.0325
0.025
0.0375
0.0275
0.0425
0.0375
0.0275
0.025
0.025
0.015
0.03
0.03
0.0125
0.015
0.02
0.01
0.015
0.01
0.0225
0.0025
0
0.0125
0.0075
0.0075
0.005
0.01
0.0075
0.0075
0.0125
0.0025
0.0025
0.005
0.0075
0.005
0.0025
0.0075
0
0
0
0
0.0275
0
0
0.005
0
0
0
0
0
0
0
0
0.0025
0.0025
0
0.0025
0
0.0075
0.0025
0.0025
0
0.01
0
0.0025
0
0.0075
0
0
0.005
0
0
0.0025
0
0
0
0
0
0
0
0
0
0
0.005
0
0
0
0
0
0
0
0
0
0
0.0025
0
0
0
0
0
0
0
0
0
0
0
0
0
0.0025
0.0025
0
0
0
0
0.0025
0.0025
0
0.0025
0.0025
0.0025
0
0.005
0.0025
0
0
0
0.0125
0
0
0
0
0
0.005
0.005
0
0
0
0
0
0
0
0.0025
0.0025
0.0025
0.005
0.005
0
0.01
0
0
0
0
0.0025
0
0.0025
0.0025
0.0025
0
0
0
0.005
0
0
0
0
0
0
0
0.0075
0
0
0
0
0
0
0
0
0
0
0
0
0
0
0
0
0
0
0
0
0
0
0
0
0
0
0
0.0025
0
0
0.0025
0
0
0
0
0
0
0
0
0
0
0
0.0075
0
0
0
0
0
0
0
0
0
0
0
0.005
0
0.005
0
0
0.0025
0
0
0.0025
0.005
0
0
0.0075
0.0025
0
0.005
0.0075
0.0025
0.0025
0.005
0
0.0025
0.01
0.0075
0.005
0
0.0075
0.01
0.01
0.0075
0.075