0
0.0113298
0.0286225
0.0632081
0.0644007
0.0554562
0.039356
0.0375671
0.0244484
0.0298151
0.013715
0.0107335
0.013715
0.0143113
0.0107335
0.00775194
0.00834824
0.00596303
0.00655933
0.00715563
0.00655933
0.0101372
0.00298151
0.00536673
0.00655933
0.00238521
0.00536673
0.00477042
0.00715563
0.00238521
0.00238521
0
0.00238521
0.00298151
0.00417412
0.00238521
0.00119261
0.00119261
0.00178891
0.00298151
0
0.000596303
0
0.0310078
0.00119261
0.000596303
0
0.000596303
0.000596303
0.000596303
0.00178891
0.00238521
0.000596303
0.00477042
0.000596303
0
0
0.00775194
0.000596303
0
0.00298151
0.00238521
0
0
0.00238521
0
0
0.000596303
0.00298151
0.00119261
0
0.00596303
0.000596303
0.00178891
0.00357782
0
0
0.000596303
0.000596303
0.000596303
0
0
0
0
0
0.0131187
0
0
0
0.000596303
0
0.000596303
0.000596303
0.000596303
0.00417412
0.000596303
0.00238521
0.00178891
0.000596303
0.00119261
0.000596303
0.00238521
0.000596303
0.000596303
0.00119261
0.00119261
0.00834824
0
0.000596303
0.00119261
0.00119261
0.00536673
0.00238521
0.00357782
0
0.00178891
0.00119261
0.00178891
0.00178891
0.00298151
0.00357782
0.00536673
0.00238521
0.00119261
0.00298151
0.00178891
0
0
0.0345856
0
0.00119261
0.00596303
0.00178891
0.00238521
0.00178891
0.00238521
0.00357782
0.00178891
0.00298151
0
0.00238521
0.000596303
0.00238521
0.00357782
0.00119261
0.00298151
0.00178891
0.000596303
0
0.00178891
0.00119261
0.00238521
0.00178891
0.00119261
0.00178891
0.000596303
0.00298151
0
0.00178891
0
0
0
0.000596303
0.00178891
0.00119261
0.00119261
0
0.000596303
0
0
0.00536673
0
0
0
0.000596303
0.00119261
0.000596303
0
0
0.00178891
0.000596303
0.00178891
0
0
0.000596303
0
0.000596303
0.000596303
0.00119261
0
0
0.00298151
0
0.000596303
0
0
0
0
0
0
0
0
0
0.000596303
0
0.000596303
0
0.000596303
0
0
0
0
0
0.00596303
0
0
0.000596303
0
0.000596303
0
0.00119261
0.000596303
0
0.000596303
0.000596303
0
0.000596303
0.000596303
0.000596303
0
0
0
0
0
0.00178891
0
0.000596303
0
0.00119261
0.00178891
0.000596303
0.00238521
0.00119261
0.000596303
0.00298151
0.00238521
0.00119261
0.00119261
0.00119261
0
0.00238521
0.00357782
0.00178891
0.00357782
0.00298151
0.149076