0
0.0108225
0.00649351
0.017316
0.04329
0.0454545
0.0519481
0.047619
0.0454545
0.0584416
0.04329
0.0454545
0.025974
0.017316
0.030303
0.0108225
0.017316
0.0194805
0.00649351
0.00865801
0.0021645
0.034632
0
0.0151515
0.00865801
0.0021645
0.0151515
0.00865801
0.025974
0.0021645
0.012987
0.004329
0.0194805
0.0021645
0.0108225
0.00649351
0.0021645
0.0021645
0
0
0
0
0
0.047619
0
0
0.0021645
0
0
0
0
0
0.0021645
0
0
0
0.0021645
0.00865801
0
0
0
0
0
0
0
0
0
0
0
0
0
0.004329
0
0.0021645
0.0021645
0
0
0
0
0
0
0
0
0
0
0
0
0
0
0
0
0
0
0
0
0
0
0
0
0
0
0
0.004329
0.0021645
0
0
0.0021645
0
0
0
0
0.00649351
0.0021645
0
0
0
0.0021645
0.0021645
0
0
0
0
0.0021645
0.0021645
0
0
0
0
0.00649351
0
0
0.0021645
0.0021645
0.004329
0
0
0
0
0
0
0.0021645
0
0.004329
0.004329
0
0.00649351
0
0
0.004329
0.00865801
0
0.0021645
0.0021645
0.0021645
0
0
0.0021645
0
0.0021645
0
0.0021645
0
0.0021645
0.0021645
0
0
0
0.0021645
0.0021645
0
0.004329
0
0.0021645
0
0
0
0.0021645
0
0
0
0
0
0
0
0.0021645
0
0
0
0.0021645
0.004329
0
0
0
0.0021645
0
0
0
0.0021645
0
0
0
0
0.0021645
0
0
0
0
0
0
0.0021645
0
0
0
0.0021645
0
0
0
0
0
0
0
0
0
0
0
0
0
0.0021645
0.0021645
0
0
0.004329
0
0.0021645
0
0
0.0021645
0
0
0
0.004329
0.0021645
0
0
0.004329
0
0
0.004329
0
0
0.004329
0.0021645
0
0.0108225
0.0108225
0.0238095