0
0
0.0385488
0.031746
0.0634921
0.0498866
0.0362812
0.0385488
0.0340136
0.0566893
0.0294785
0.0453515
0.0249433
0.0272109
0.0294785
0.00907029
0.00907029
0.0136054
0.015873
0.0113379
0.00453515
0.031746
0.00226757
0.0113379
0.00680272
0.00907029
0.015873
0.00907029
0.00453515
0.00453515
0.00453515
0.00226757
0.00680272
0.00453515
0.00453515
0.0136054
0.00453515
0.00226757
0.00226757
0
0
0
0
0.0294785
0
0
0
0
0.00226757
0.00453515
0.00226757
0.00453515
0
0.00226757
0
0.00226757
0
0.00680272
0
0
0
0.00226757
0
0
0.00226757
0
0
0
0.00226757
0
0
0.00680272
0
0
0
0
0.00226757
0
0
0
0
0
0
0
0
0.00907029
0
0
0
0
0
0
0
0
0
0
0.00226757
0
0
0.00453515
0
0
0.00453515
0.00226757
0
0
0
0
0
0
0
0
0
0
0
0
0
0.00226757
0
0
0
0
0
0
0
0
0
0
0.00907029
0
0
0
0
0
0
0
0.00226757
0
0
0
0.00226757
0
0
0.00226757
0
0
0.00226757
0.00226757
0
0.00453515
0
0
0.00226757
0.00680272
0
0
0
0
0.00226757
0.00226757
0.00226757
0
0
0.00226757
0
0
0
0
0
0
0.00453515
0
0.00226757
0
0
0
0
0.00226757
0
0
0
0
0.00226757
0
0
0
0
0
0
0
0
0
0
0.00226757
0
0
0
0
0
0
0
0
0
0
0.00226757
0
0
0
0
0
0
0
0
0.00680272
0
0
0
0
0
0.00226757
0
0.00453515
0
0
0
0
0
0
0
0
0.00226757
0
0.00226757
0
0.00453515
0
0
0
0
0
0
0
0.00226757
0.00226757
0
0.00226757
0
0.00226757
0
0.00226757
0.00453515
0.00453515
0.00453515
0.00680272
0
0.0816327