0
0.0229568
0.0192837
0.0211203
0.0211203
0.0257117
0.0165289
0.0174472
0.0183655
0.0137741
0.0119376
0.0165289
0.0110193
0.00275482
0.0119376
0.00826446
0.00550964
0.010101
0.00826446
0
0.00459137
0.0146924
0.00275482
0.00550964
0.000918274
0.000918274
0.00275482
0.00459137
0.00734619
0.000918274
0.000918274
0.000918274
0.00367309
0.000918274
0
0.000918274
0.000918274
0
0.000918274
0
0
0
0
0.030303
0
0
0.000918274
0.000918274
0
0.00183655
0.00183655
0.00275482
0
0
0
0.00183655
0
0.00459137
0
0
0.000918274
0
0
0
0.00642792
0
0
0
0
0.000918274
0
0.000918274
0
0
0.000918274
0.000918274
0
0
0
0.000918274
0
0
0
0
0
0.00734619
0
0
0.000918274
0
0
0
0
0
0
0
0
0
0
0
0
0
0.000918274
0
0
0
0.00550964
0
0
0
0.000918274
0
0
0.00367309
0
0
0
0.00183655
0.000918274
0.00183655
0.000918274
0.000918274
0
0.00183655
0.000918274
0
0
0
0.0486685
0
0.000918274
0.000918274
0.00275482
0.000918274
0.000918274
0.00367309
0.00183655
0.00459137
0.00734619
0.000918274
0.000918274
0.00275482
0.00734619
0.00367309
0.000918274
0.00550964
0.00275482
0.000918274
0
0.00918274
0
0.000918274
0.00459137
0.00275482
0.00275482
0
0.00642792
0.00367309
0.00275482
0.00275482
0
0.000918274
0.00642792
0.00183655
0.000918274
0.00183655
0.00367309
0
0.000918274
0
0.0220386
0
0
0
0
0.00183655
0
0
0.000918274
0.000918274
0.000918274
0.00183655
0.000918274
0.000918274
0.00550964
0
0.000918274
0
0.000918274
0
0
0.00459137
0
0
0.000918274
0
0
0
0.00275482
0
0
0
0
0
0.000918274
0.000918274
0.00183655
0
0
0
0.000918274
0
0
0.00734619
0
0
0
0.00183655
0.000918274
0
0.00183655
0.000918274
0.000918274
0.00183655
0
0.000918274
0.000918274
0.00734619
0
0
0.00183655
0.000918274
0
0
0.0119376
0.00183655
0.000918274
0.00183655
0.00550964
0.00275482
0.00367309
0.00826446
0.00550964
0.00367309
0.00642792
0.00550964
0.00642792
0.00550964
0.00550964
0.0146924
0.0146924
0.0137741
0.0119376
0.00734619
0.0165289
0.214876