0.0943732
0.0826211
0.025641
0.0263533
0.0174501
0.0121083
0.011396
0.0160256
0.0138889
0.00925926
0.00676638
0.00569801
0.002849
0.00712251
0.00676638
0.002849
0.00320513
0.0042735
0.00462963
0.00462963
0.00320513
0.00534188
0.00213675
0.00462963
0.002849
0
0.0014245
0.0014245
0.000712251
0.000712251
0.002849
0.000712251
0.000712251
0.000712251
0.000712251
0.00178063
0.00106838
0.0014245
0.00249288
0.00106838
0.000356125
0
0
0.00534188
0.000356125
0.000356125
0.00178063
0.00106838
0.000356125
0.0014245
0.00106838
0.0014245
0.000356125
0.000712251
0.000712251
0
0.000356125
0.00106838
0.000712251
0.000356125
0.0014245
0.00178063
0.000356125
0.00106838
0.002849
0.000712251
0
0.000712251
0
0.000712251
0
0.00178063
0.000356125
0.000712251
0.0014245
0.000356125
0.000356125
0.00106838
0
0
0.000712251
0.000712251
0
0
0
0.00320513
0
0
0.000356125
0.000356125
0.000356125
0
0
0
0.000712251
0.000356125
0.0014245
0.00106838
0
0.0014245
0.000356125
0.000712251
0.000356125
0.00106838
0.00106838
0.00106838
0.00178063
0
0
0.000712251
0.000356125
0.00213675
0.00213675
0.0014245
0.000356125
0.000712251
0.00106838
0
0.00213675
0
0.000712251
0.0014245
0.000356125
0
0.000712251
0.000356125
0.00178063
0
0.00712251
0.00106838
0.0014245
0.00106838
0.00249288
0.0014245
0.00178063
0.00320513
0.00213675
0.00320513
0.00249288
0.00249288
0.00249288
0.00178063
0.00320513
0.00391738
0.00320513
0.00391738
0.002849
0.00356125
0.00320513
0.00534188
0.00213675
0.002849
0.00213675
0.002849
0.00213675
0.00249288
0.002849
0.002849
0.00213675
0.00391738
0.0014245
0.00106838
0.00498575
0.0042735
0.00320513
0.00213675
0.00356125
0.00320513
0.00178063
0.00106838
0.00961538
0.000712251
0.00213675
0.00178063
0.00249288
0.000712251
0.00391738
0.00249288
0.00178063
0.002849
0.0014245
0.00249288
0.00249288
0.0014245
0.00178063
0.00356125
0.00178063
0.00249288
0.0014245
0.00213675
0.00106838
0.00356125
0.0014245
0.00320513
0.002849
0.00249288
0.0042735
0.000712251
0.00249288
0.00178063
0.00178063
0.00178063
0.00213675
0.00320513
0.0014245
0.00320513
0.00249288
0.000712251
0.000356125
0.002849
0.0014245
0.00249288
0.000356125
0.00641026
0.00213675
0.00391738
0.00320513
0.00462963
0.00249288
0.00178063
0.00391738
0.00391738
0.002849
0.00391738
0.00249288
0.00178063
0.00320513
0.00391738
0.00213675
0.00106838
0.00320513
0.00462963
0.002849
0.00356125
0.00462963
0.002849
0.00391738
0.00249288
0.00249288
0.00534188
0.002849
0.00320513
0.00391738
0.00747863
0.00783476
0.00605413
0.0124644
0.00676638
0.00676638
0.00819088
0.0103276
0.00854701
0.00854701
0.00890313
0.0156695
0.117877