0.0666667
0.0521739
0.031401
0.0241546
0.0173913
0.0135266
0.015942
0.0101449
0.00821256
0.0130435
0.00483092
0.00724638
0.00869565
0.00869565
0.00724638
0.00483092
0.0057971
0.00483092
0.00676329
0.00289855
0.0057971
0.00531401
0.00289855
0.00338164
0.00193237
0.00241546
0.00289855
0.00144928
0.00531401
0.00241546
0.00193237
0
0.00241546
0.00144928
0.00144928
0.00241546
0.00144928
0.000966184
0.000483092
0.000483092
0
0.000483092
0
0.00917874
0
0.000966184
0.00144928
0.00144928
0
0.000483092
0.000966184
0.000483092
0
0.00193237
0
0.000966184
0
0.00144928
0.000966184
0.000483092
0.000483092
0.00144928
0
0.000483092
0.000966184
0
0.000483092
0
0.000483092
0
0
0.00241546
0.000966184
0
0
0
0
0.000966184
0.000483092
0.000483092
0
0
0
0
0
0.00144928
0
0
0
0.000483092
0
0.000483092
0.000483092
0
0.000483092
0
0.000483092
0
0.000483092
0.000966184
0
0.000483092
0.000483092
0
0.000483092
0
0.000483092
0
0
0
0
0
0.000966184
0
0
0
0.000483092
0.00144928
0.000483092
0
0.00144928
0.000966184
0.000966184
0.000483092
0.000483092
0
0.000483092
0
0.00338164
0
0.000483092
0.00144928
0.00193237
0.00338164
0.00193237
0
0.00241546
0.000966184
0.00144928
0.00193237
0.000966184
0.00193237
0.00144928
0.00241546
0.00193237
0.00193237
0.00193237
0
0.00193237
0.00193237
0.000483092
0.00289855
0.00193237
0.00193237
0.00241546
0.000966184
0.00193237
0.00193237
0.00241546
0.00193237
0.000966184
0.00193237
0.00289855
0.00193237
0.000966184
0.000966184
0.000966184
0.00144928
0.00241546
0
0.00628019
0.000483092
0.000966184
0.00144928
0.000483092
0.000966184
0.00144928
0.000966184
0.000483092
0.00193237
0.00144928
0.000966184
0.000966184
0.00144928
0.000966184
0.00241546
0.00241546
0.000966184
0.00144928
0.00144928
0.00144928
0.00241546
0.00193237
0.00289855
0.000966184
0.000483092
0.00193237
0.00386473
0.00289855
0.000483092
0.00241546
0.00144928
0.00144928
0.00241546
0.00289855
0.00144928
0.00144928
0.00241546
0.00338164
0.00193237
0.000966184
0.00193237
0.000483092
0.00483092
0.000966184
0.00289855
0.00144928
0.00193237
0.00338164
0.00241546
0.00434783
0.00483092
0.00434783
0.00628019
0.0057971
0.00531401
0.00241546
0.0057971
0.00483092
0.00338164
0.00483092
0.00434783
0.00386473
0.00434783
0.00869565
0.00531401
0.00289855
0.00531401
0.0057971
0.00338164
0.00338164
0.00821256
0.00531401
0.00821256
0.0101449
0.00676329
0.0111111
0.0173913
0.00966184
0.0154589
0.0135266
0.010628
0.0130435
0.0144928
0.0328502
0.155072