0.0307377
0.0430625
0.00469233
0.00121763
0.00121763
0.00121763
0.00068306
0.000920646
0.000623664
0.00145522
0.00112853
0.00148491
0.000920646
0.00145522
0.00184129
0.00190069
0.00196009
0.00181159
0.00311832
0.00332621
0.00258375
0.00484082
0.00383108
0.00406866
0.00549418
0.0051972
0.00706819
0.00629603
0.00816702
0.00671181
0.00899857
0.00899857
0.00885008
0.00923616
0.00988952
0.0106617
0.0101271
0.00974103
0.00935495
0.00977073
0.00885008
0.00837491
0.00252435
0.0484973
0.00659302
0.00727607
0.00635543
0.00599905
0.00561297
0.00543478
0.00492991
0.00430625
0.0033559
0.00383108
0.0033559
0.00276194
0.00216797
0.00204918
0.00207888
0.0016334
0.00225707
0.00154431
0.00130672
0.000801853
0.00124733
0.00121763
0.000653362
0.000772155
0.000772155
0.000564267
0.000534569
0.000890948
0.000475172
0.000356379
0.000623664
0.000296983
0.000475172
0.000475172
0.000207888
0.000326681
0.000237586
0.000356379
0.000207888
5.93965e-005
2.96983e-005
0.00106914
0
5.93965e-005
8.90948e-005
0.000326681
0.00017819
0.00017819
0.000148491
0.000207888
0.000386077
8.90948e-005
0.000267284
0.000296983
8.90948e-005
0.000356379
0.00017819
0.000148491
0.000237586
8.90948e-005
0.000237586
5.93965e-005
0.000415776
0.00017819
0.000207888
0.000267284
0.000296983
0.000326681
0.00017819
0.000356379
5.93965e-005
0.000237586
0.00017819
0.000237586
0.00017819
0.000207888
0.000296983
0.000148491
0.00017819
0.000326681
0.000237586
0.000207888
0.00017819
0
0.00926586
0.000118793
0.000207888
0.000267284
0.000296983
0.000237586
0.000534569
0.00050487
0.000445474
0.000267284
0.00050487
0.00050487
0.000564267
0.000475172
0.000475172
0.000653362
0.000326681
0.00050487
0.000653362
0.000534569
0.000356379
0.000772155
0.000890948
0.000593965
0.000712758
0.000712758
0.000623664
0.000653362
0.000623664
0.000623664
0.000534569
0.000653362
0.000653362
0.000593965
0.000890948
0.000890948
0.00068306
0.00086125
0.00086125
0.00050487
0.000653362
0.000386077
0.00273224
0.000475172
0.000593965
0.000534569
0.00068306
0.00050487
0.000772155
0.000623664
0.000623664
0.00127703
0.000445474
0.00109884
0.000445474
0.000772155
0.000920646
0.000653362
0.00068306
0.000772155
0.00100974
0.000772155
0.000653362
0.00118793
0.000386077
0.00106914
0.00103944
0.000801853
0.000623664
0.000653362
0.00106914
0.000593965
0.000772155
0.000742457
0.000564267
0.000890948
0.000801853
0.000772155
0.000831551
0.000623664
0.000653362
0.00086125
0.000564267
0.000534569
8.90948e-005
0.0207294
0.000386077
0.00100974
0.000980043
0.000950344
0.000772155
0.000980043
0.00139582
0.000772155
0.000712758
0.00109884
0.00148491
0.000801853
0.00112853
0.0016334
0.00115823
0.000742457
0.00133642
0.00142552
0.00118793
0.00118793
0.00196009
0.00157401
0.00154431
0.00234616
0.00225707
0.00276194
0.00282134
0.00362319
0.00430625
0.00451414
0.00442504
0.00593965
0.00540508
0.00736517
0.00902827
0.00923616
0.0112853
0.0153243
0.0264018
0.044785
0.0679793
0.241061