0.017313
0.067867
0.0277008
0.0200831
0.0207756
0.00900277
0.0103878
0.00761773
0.0034626
0.00277008
0.0034626
0.00484765
0.00692521
0.00138504
0.00277008
0.00207756
0.000692521
0
0.00484765
0.00138504
0.00277008
0.00207756
0.000692521
0.00138504
0.00277008
0.00207756
0.00277008
0.0034626
0.00207756
0
0.00277008
0.00138504
0.0034626
0.00207756
0.00277008
0.00415512
0.00415512
0.0034626
0.00415512
0.00415512
0.00277008
0.00277008
0.00138504
0.0124654
0.00484765
0.00207756
0.00277008
0.00623269
0.00692521
0.00623269
0.00415512
0.00692521
0.00692521
0.00900277
0.00761773
0.00484765
0.00554017
0.00415512
0.00692521
0.00277008
0.00207756
0.00415512
0.00207756
0.00207756
0.00277008
0.00207756
0.00138504
0
0.00415512
0
0
0.00138504
0.00207756
0.00207756
0.0034626
0
0.00207756
0.00138504
0
0.000692521
0
0.00138504
0
0.000692521
0
0.00138504
0
0
0.00138504
0.000692521
0
0.000692521
0.00138504
0.00138504
0
0
0.00138504
0
0.000692521
0.00207756
0
0.00207756
0.00138504
0
0.000692521
0
0.00207756
0
0
0.000692521
0.000692521
0
0
0
0
0
0.000692521
0
0.00138504
0.000692521
0
0.00138504
0.000692521
0
0.000692521
0.00138504
0
0
0.00207756
0.000692521
0.000692521
0
0
0
0.000692521
0.00138504
0
0.00277008
0
0.000692521
0.000692521
0.000692521
0.00207756
0.00138504
0.000692521
0.00207756
0.000692521
0.000692521
0.00138504
0.00138504
0.00207756
0.000692521
0.000692521
0.00207756
0.000692521
0.00138504
0.000692521
0
0.00138504
0.000692521
0.00138504
0.000692521
0.000692521
0
0
0
0
0
0
0
0.00138504
0
0
0.00207756
0
0.00138504
0.000692521
0.00207756
0.000692521
0.00138504
0.00277008
0.00207756
0
0
0
0.00138504
0.00138504
0
0.00415512
0.000692521
0.00207756
0.00207756
0.00138504
0
0.00277008
0.00207756
0.00207756
0.00138504
0.00277008
0.00415512
0.00207756
0.00277008
0.00138504
0.00138504
0.00138504
0.00415512
0.00207756
0.00277008
0.0034626
0.00207756
0.00138504
0.000692521
0
0.0103878
0.00277008
0.00415512
0.00277008
0.00277008
0.000692521
0.00484765
0.0034626
0.00415512
0.00207756
0.00277008
0.0034626
0.00554017
0.00554017
0.00484765
0.00761773
0.00415512
0.00900277
0.00277008
0.00415512
0.00277008
0.00554017
0.0034626
0.00484765
0.0103878
0.00969529
0.00623269
0.00415512
0.00900277
0.00554017
0.0124654
0.00692521
0.0117729
0.0117729
0.0138504
0.017313
0.017313
0.0131579
0.0117729
0.0124654
0.0180055
0.0554017
0.108726