0.00345679
0.00888889
0.00790123
0.014321
0.0192593
0.0938272
0.103704
0.0893827
0.0390123
0.0301235
0.017284
0.0182716
0.0128395
0.00888889
0.0108642
0.00691358
0.00790123
0.00641975
0.00296296
0.00592593
0.00493827
0.00740741
0.00197531
0.00296296
0.00395062
0.00148148
0.00296296
0.000987654
0.00444444
0.00197531
0.00246914
0.00246914
0.00345679
0.00148148
0.00592593
0.00345679
0.00296296
0.000987654
0.00395062
0.00246914
0.000987654
0.00296296
0
0.0479012
0.000493827
0.000493827
0.000987654
0
0.000493827
0.00148148
0.000493827
0.000493827
0.000987654
0.00493827
0
0
0
0.00197531
0
0
0.000493827
0.000493827
0
0
0.000493827
0
0.000493827
0
0.000493827
0.000987654
0
0.000987654
0
0.000493827
0
0
0
0
0.000493827
0
0
0.000987654
0
0.000987654
0
0.00592593
0
0
0
0
0
0
0.000493827
0
0
0.000493827
0.000987654
0
0.000987654
0.000987654
0.000987654
0
0.000987654
0
0
0
0.000987654
0
0
0
0
0.000987654
0.000987654
0.00246914
0
0.000987654
0
0.000493827
0.000493827
0.000493827
0.000987654
0.000493827
0
0
0
0
0
0.000493827
0.025679
0
0.000987654
0.000493827
0.000987654
0.000987654
0.000493827
0.000493827
0.000493827
0.00148148
0.00197531
0.000493827
0.000987654
0
0.00148148
0.000493827
0.000493827
0.000493827
0.000493827
0
0
0.00987654
0.000493827
0.00148148
0.000493827
0.00197531
0.00296296
0.000987654
0.00493827
0.00246914
0.000493827
0.00246914
0
0.000493827
0.00197531
0.000493827
0.000493827
0.00395062
0.00197531
0.00345679
0.00296296
0.00148148
0.022716
0.000493827
0
0
0.000987654
0.000493827
0.000493827
0.000493827
0
0
0
0.000493827
0
0
0.00197531
0.000493827
0
0.000493827
0.000493827
0.000493827
0.000493827
0.00197531
0
0
0.000493827
0
0
0
0.000493827
0
0.000493827
0.000987654
0
0.000493827
0
0.000493827
0
0.000493827
0
0
0.000493827
0.000493827
0
0.0237037
0
0.000493827
0.000987654
0.000987654
0.000493827
0.000987654
0.000493827
0.000493827
0
0.000987654
0.00148148
0.000987654
0.000493827
0.00395062
0.00444444
0.00246914
0.00395062
0.00246914
0.000987654
0.000987654
0.00691358
0.000493827
0.000987654
0.00148148
0.00296296
0.000493827
0.00148148
0.00296296
0.00197531
0.00197531
0.00246914
0.00444444
0.00395062
0.00345679
0.00345679
0.00444444
0.00296296
0.00740741
0.00740741
0.00641975
0.00641975
0.0864198