0.0701675
0.14124
0.0529651
0.0371209
0.0230874
0.0172024
0.0126754
0.010412
0.00995926
0.0108646
0.00950656
0.00814848
0.00588502
0.00452694
0.00497963
0.00497963
0.00814848
0.00543232
0.00588502
0.000905387
0.00226347
0.00226347
0.00135808
0.00181077
0.00181077
0.000905387
0.00135808
0.00135808
0.00226347
0.00181077
0.000452694
0
0.00407424
0.000905387
0.000452694
0
0.00135808
0.000452694
0.00135808
0.00226347
0.00135808
0.000905387
0
0.0108646
0.000452694
0.000905387
0.000452694
0
0
0.000452694
0
0.000452694
0.000452694
0
0.000452694
0
0
0.000905387
0
0
0.000905387
0
0
0
0
0
0
0
0.000905387
0.000452694
0
0.000452694
0
0.000452694
0
0
0
0
0
0.000452694
0
0
0
0
0
0.00135808
0
0
0
0
0
0
0
0
0.000452694
0.000452694
0
0.000452694
0
0
0
0
0
0
0
0.000452694
0.00226347
0
0
0
0.000452694
0
0
0.00135808
0
0.00135808
0
0.000905387
0
0.00135808
0.00135808
0.000905387
0
0.000905387
0.000452694
0
0.000905387
0
0.00769579
0.000452694
0.00135808
0.000452694
0.00316885
0.000452694
0.00452694
0.00135808
0.00362155
0.00226347
0.00226347
0.000905387
0.00226347
0.00181077
0.00497963
0.00316885
0.00316885
0.00452694
0.00362155
0.00316885
0.00362155
0.00633771
0.00316885
0.00316885
0.00362155
0.00226347
0.00497963
0.00226347
0.00316885
0.00316885
0.00316885
0.00362155
0.00226347
0.00181077
0.00316885
0.000905387
0.00181077
0.00407424
0.00135808
0.00271616
0.00135808
0.000452694
0.0067904
0
0
0
0.000905387
0
0.000452694
0.00181077
0
0.000905387
0.00135808
0.00135808
0
0.000905387
0.00181077
0.000452694
0.00135808
0
0.000452694
0.000452694
0.000905387
0
0
0.000452694
0.00135808
0.000452694
0
0.000905387
0.000905387
0
0
0.000905387
0.000452694
0
0.00135808
0.000452694
0.000905387
0.000452694
0.00181077
0.000905387
0.000452694
0
0
0.00633771
0.000452694
0.000452694
0.000905387
0.00181077
0
0.00226347
0.000452694
0.000905387
0.000452694
0.00271616
0.00135808
0.00271616
0.00135808
0.00497963
0.00271616
0.00135808
0.00633771
0.00452694
0.00271616
0.00135808
0.00543232
0.00226347
0.00497963
0.00452694
0.00362155
0.00316885
0.00407424
0.00407424
0.00588502
0.00769579
0.00497963
0.00814848
0.0067904
0.00995926
0.0140335
0.016297
0.017655
0.0172024
0.0131281
0.0181077
0.0285197
0.0946129