0
0.114447
0.0484542
0.0228894
0.0148633
0.0104043
0.00653983
0.010107
0.00386445
0.00475624
0.00445898
0.00356718
0.00356718
0.00564804
0.00445898
0.00148633
0.00118906
0.00208086
0.00059453
0.000891795
0.000891795
0.00713436
0
0.000891795
0.000891795
0
0.00267539
0.00178359
0.00297265
0
0.000891795
0.00059453
0.00208086
0
0.00059453
0.000891795
0.00148633
0.000891795
0.00059453
0
0
0
0
0.0184304
0
0
0
0.00059453
0.00148633
0.00267539
0.00326992
0.00326992
0.00059453
0.00297265
0.000297265
0.00059453
0
0.00505351
0.00148633
0
0.00267539
0.00118906
0.00059453
0
0.00267539
0
0.00059453
0.00148633
0.00208086
0.00118906
0
0.00118906
0.000297265
0.00059453
0.000891795
0
0
0.00148633
0.00118906
0
0.00059453
0
0
0
0
0.00535077
0
0
0
0
0.000297265
0.000297265
0
0
0.000297265
0
0.000297265
0
0
0.00059453
0
0
0.00059453
0.00059453
0
0
0.00208086
0
0.00059453
0
0.000297265
0
0.000297265
0.000891795
0
0.000297265
0
0.00059453
0
0.000891795
0.00178359
0.000297265
0.000297265
0
0.00178359
0.00118906
0
0
0.00713436
0
0
0.00059453
0.000297265
0.000297265
0.00178359
0.00237812
0.00416171
0.00326992
0.00416171
0.00237812
0.00386445
0.00059453
0.00326992
0.00237812
0.00208086
0.00356718
0.00326992
0.00237812
0.00178359
0.0151605
0.00267539
0.00921522
0.00535077
0.00505351
0.00445898
0.00297265
0.0112961
0.00416171
0.00356718
0.0068371
0.00118906
0.00208086
0.00535077
0.00178359
0.00326992
0.00356718
0.00267539
0.00356718
0.00148633
0
0.0136742
0
0.00059453
0.00148633
0.00178359
0.00267539
0.00178359
0.00178359
0.00148633
0.00445898
0.000297265
0.00326992
0.00178359
0.00118906
0.00237812
0.00208086
0.00059453
0.00356718
0.00297265
0.00178359
0.00267539
0.0068371
0.00148633
0.00118906
0.00356718
0.00059453
0.00356718
0.00356718
0.00208086
0.000891795
0.00118906
0.00237812
0.00178359
0.00118906
0.00267539
0.00178359
0.00267539
0.000891795
0.00386445
0.00178359
0.000297265
0
0
0.00891795
0.000297265
0.000297265
0.00237812
0.00118906
0.00059453
0.00267539
0.00148633
0.00237812
0.00208086
0.00148633
0.00237812
0.00326992
0.00178359
0.00356718
0.00356718
0.00148633
0.00267539
0.00356718
0.00178359
0.00148633
0.00802616
0.00326992
0.00356718
0.00386445
0.00416171
0.00208086
0.00267539
0.00564804
0.00326992
0.00535077
0.00475624
0.00416171
0.00802616
0.00713436
0.0118906
0.00802616
0.0172414
0.0157551
0.0178359
0.0181332
0.0276457
0.157551