0.031348
0.0992685
0.0417973
0.0323929
0.0177638
0.0167189
0.0104493
0.0104493
0.00626959
0.00731452
0.00731452
0.00626959
0.00417973
0.00208986
0.00731452
0.00208986
0.00417973
0.00522466
0.00626959
0.0031348
0.00104493
0.00208986
0.00522466
0.0031348
0.00208986
0
0.00522466
0.0031348
0
0.00208986
0.00417973
0.00208986
0.00104493
0
0
0.00208986
0
0.00104493
0
0.0031348
0.00104493
0
0
0.0031348
0
0
0
0
0
0
0.00104493
0
0
0.00104493
0.00104493
0
0
0
0
0
0.00104493
0
0
0
0.00208986
0
0
0
0
0
0
0.00104493
0.00104493
0.00208986
0.00104493
0
0
0
0.00208986
0
0
0.00104493
0
0
0
0
0
0
0
0
0
0
0
0
0
0.00208986
0.0031348
0
0
0
0.00104493
0.00104493
0
0.00104493
0
0.00104493
0.00208986
0.00104493
0
0
0
0.00208986
0
0
0
0.00104493
0
0
0.00104493
0.00104493
0
0
0
0.00208986
0
0.0031348
0
0
0.0114943
0.00208986
0
0.0031348
0.00104493
0.00104493
0.00104493
0
0
0.00104493
0.00208986
0.0031348
0.00208986
0.00208986
0
0
0.0031348
0.00104493
0.0031348
0.00104493
0.0031348
0.00208986
0.00626959
0.00208986
0.0031348
0.00417973
0
0.0031348
0.00104493
0.0031348
0.00208986
0.00104493
0
0.00417973
0.00208986
0.00417973
0.00104493
0.00104493
0.0031348
0.00104493
0.00208986
0
0.0031348
0
0.00104493
0
0.00208986
0.00208986
0.00208986
0.00208986
0
0.00208986
0.00104493
0.0031348
0.0031348
0.00104493
0.00208986
0.00104493
0.00104493
0.0031348
0.00104493
0.00104493
0.00208986
0.00104493
0.00104493
0.00104493
0
0.00104493
0.00104493
0.00417973
0.00417973
0.00104493
0.00626959
0.00104493
0.0031348
0.00208986
0.00417973
0.0031348
0.00104493
0.00104493
0.00104493
0.00104493
0.00208986
0.0031348
0
0.0125392
0.00104493
0.0031348
0.00104493
0.00104493
0.00104493
0.00208986
0.00731452
0.00104493
0.00208986
0.00208986
0.00208986
0.00522466
0.00417973
0.00208986
0.00522466
0.00208986
0.00731452
0.00522466
0.00731452
0.00417973
0.0114943
0.00208986
0.00522466
0.0031348
0.00835946
0.00626959
0.00731452
0.00940439
0.00940439
0.0135841
0.00626959
0.0125392
0.014629
0.0198537
0.0219436
0.014629
0.0208986
0.0208986
0.015674
0.014629
0.0219436
0.091954