0.000739919
0.0081391
0.00887902
0.0110988
0.0218276
0.0758417
0.102479
0.0961894
0.0336663
0.0233074
0.0144284
0.0140585
0.00739919
0.0110988
0.0107288
0.00480947
0.00665927
0.00406955
0.00517943
0.00443951
0.00332963
0.00517943
0.00295967
0.00369959
0.00221976
0.00110988
0.00369959
0.00258972
0.00369959
0.00332963
0.00406955
0.00221976
0.00258972
0.00332963
0.00332963
0.00221976
0.00110988
0.00332963
0.00110988
0.000739919
0.00147984
0.00110988
0
0.0580836
0.000369959
0.00110988
0.00110988
0.000369959
0.000739919
0.00110988
0.00147984
0
0.000369959
0
0.000739919
0.00110988
0.000369959
0.00147984
0.000369959
0.000369959
0
0.000369959
0
0.000369959
0.00443951
0
0.000369959
0
0.00147984
0
0
0.00110988
0
0
0.000369959
0
0
0.000369959
0.000369959
0.000739919
0
0
0.000369959
0
0
0.00924898
0
0.000369959
0
0
0.000369959
0.000369959
0.000369959
0
0
0
0.000369959
0.000739919
0
0.000369959
0
0.000369959
0.000739919
0
0
0.000369959
0.00406955
0
0.000739919
0.000369959
0
0.00110988
0.000369959
0.0018498
0
0.000739919
0.000739919
0.00147984
0
0.000369959
0.000369959
0.000369959
0
0
0.000369959
0
0.000369959
0
0.0336663
0.000369959
0.0018498
0.000739919
0.00110988
0.00221976
0.000369959
0.00110988
0.00295967
0.000739919
0.00369959
0.000739919
0.00258972
0.00221976
0.0081391
0.0018498
0.00110988
0.00369959
0.00221976
0.00147984
0.00110988
0.0151683
0.00147984
0.000739919
0.00110988
0.00258972
0.00147984
0.000369959
0.00887902
0
0.00110988
0.00332963
0.00147984
0.000369959
0.0018498
0.00110988
0
0.000739919
0.0018498
0.00147984
0.000369959
0.000369959
0.0351461
0
0
0.000739919
0.000739919
0.000739919
0.000739919
0.000369959
0
0.000739919
0.000369959
0.00110988
0.000369959
0
0.000369959
0.000369959
0.000369959
0
0
0.000369959
0.000369959
0.00147984
0.000369959
0
0.000739919
0.000369959
0
0
0.000739919
0.000369959
0
0
0
0.000369959
0.000739919
0.00110988
0
0.000739919
0
0
0.000369959
0.000369959
0
0.0159083
0
0.000369959
0.000739919
0
0.000369959
0.00110988
0.000369959
0
0.000739919
0.000369959
0.00147984
0.00147984
0.000739919
0.00295967
0.00258972
0.0018498
0.00258972
0.000369959
0.00110988
0.00147984
0.00295967
0.00147984
0.00110988
0.000739919
0.0018498
0.00147984
0.000739919
0.00221976
0.0018498
0.00332963
0.00221976
0.000739919
0.00221976
0.00221976
0.00591935
0.00332963
0.00369959
0.00702923
0.00591935
0.00739919
0.00591935
0.0984092