0
0.11312
0.0418388
0.0113636
0.0154959
0.0123967
0.00929752
0.0139463
0.00671488
0.00619835
0.00516529
0.00516529
0.00464876
0.00464876
0.00413223
0.00309917
0.00464876
0.00413223
0.00413223
0.00154959
0.0036157
0.00619835
0.00413223
0.00619835
0.00774793
0.00516529
0.00413223
0.00619835
0.00878099
0.00309917
0.00258264
0.00206612
0.00413223
0.00154959
0.00464876
0.0036157
0.00568182
0.00103306
0.00206612
0.00103306
0.000516529
0
0
0.0418388
0
0.000516529
0
0.00103306
0
0.00309917
0.00258264
0.00774793
0.00103306
0.00723141
0
0.00103306
0
0.00929752
0.000516529
0
0.00464876
0.0036157
0
0
0.00671488
0
0.00154959
0.00103306
0.00103306
0
0
0.00464876
0.00103306
0
0.00154959
0
0.000516529
0.00103306
0.000516529
0.000516529
0.00103306
0
0
0
0
0.00878099
0
0
0
0.00103306
0
0
0
0
0
0
0.00154959
0
0
0.00103306
0
0
0.00103306
0
0
0.000516529
0.0036157
0
0
0.000516529
0
0.00103306
0
0.0036157
0
0
0
0
0
0.000516529
0
0
0
0.000516529
0
0
0
0
0.00723141
0.000516529
0.00154959
0.00413223
0.000516529
0.00154959
0.00206612
0.00154959
0.00103306
0.000516529
0.000516529
0.00309917
0.0036157
0.0036157
0.00258264
0.0036157
0.00206612
0.00568182
0.00309917
0.00206612
0
0.00206612
0.00154959
0.00154959
0.00258264
0
0.00154959
0.00206612
0.00154959
0.00103306
0.00206612
0
0.00103306
0.00103306
0.00154959
0.00206612
0.00206612
0.00103306
0.00154959
0.00103306
0.00154959
0
0.00413223
0
0.000516529
0.00154959
0.00103306
0
0
0.00206612
0.000516529
0.00154959
0
0.00103306
0
0.00154959
0.000516529
0.000516529
0.00103306
0.00103306
0.00154959
0.00258264
0.0036157
0.00464876
0.00103306
0.0036157
0.00258264
0.0036157
0.0036157
0.00103306
0.00464876
0.00103306
0.00206612
0.00154959
0.00206612
0.00103306
0.000516529
0.00154959
0.00154959
0.000516529
0
0.000516529
0.000516529
0.000516529
0
0.00671488
0.000516529
0.00103306
0.00103306
0.00206612
0.00103306
0.0036157
0.00154959
0.00413223
0.00206612
0.00309917
0.00258264
0.00516529
0.00309917
0.00309917
0.00206612
0.000516529
0.0036157
0.00413223
0.00619835
0.00154959
0.00671488
0.0036157
0.0036157
0.00258264
0.00826446
0.00671488
0.00723141
0.00929752
0.00826446
0.0036157
0.00723141
0.00619835
0.00826446
0.00723141
0.00929752
0.00878099
0.0108471
0.00619835
0.0139463
0.0191116
0.0222107
0.134298