0.0320267
0.184237
0.0754796
0.0136781
0.0114262
0.0112594
0.00984153
0.0086739
0.00792327
0.00775646
0.00767306
0.00825688
0.00658882
0.0058382
0.00642202
0.00492077
0.00325271
0.00425354
0.00375313
0.00375313
0.00375313
0.00842369
0.00400334
0.00984153
0.0122602
0.0145121
0.0206005
0.0222686
0.0207673
0.0118432
0.0105922
0.00625521
0.00483736
0.00391993
0.00316931
0.00250209
0.00400334
0.00150125
0.00241868
0.00200167
0.00233528
0.00258549
8.34028e-005
0.145288
0.000834028
0.00108424
0.00116764
0.00116764
0.00058382
0.000500417
0.00108424
0.00058382
0.00125104
0.00116764
0.00058382
0.000834028
0.000333611
0.00100083
0.000834028
0.000250209
0.000417014
0.00058382
0.000250209
0.000166806
0.00233528
0.000333611
0.000333611
0.000417014
0.00058382
0.000417014
0.000333611
0.000750626
0
0.000667223
0.000500417
0.000250209
0.000166806
0.000166806
0.000166806
8.34028e-005
8.34028e-005
0.000166806
0.000166806
8.34028e-005
0
0.00233528
0
8.34028e-005
0
0.000166806
0
8.34028e-005
0
0
0.000333611
8.34028e-005
0.000500417
0.000250209
8.34028e-005
0.000333611
0
8.34028e-005
8.34028e-005
0.000500417
0.000166806
8.34028e-005
0.00116764
8.34028e-005
8.34028e-005
0.000500417
0
0.000333611
0.000417014
0.00125104
0
0.000250209
0.000166806
0.000500417
0.000333611
0.000750626
0.000834028
0.000417014
0
0.000333611
0.000166806
8.34028e-005
0
0
0.0108424
8.34028e-005
8.34028e-005
0.000750626
0.000917431
0.000500417
0.000834028
0.000834028
0.000500417
0.000500417
0.00166806
0.000667223
0.000667223
0.000333611
0.00208507
0.00158465
0.000417014
0.00225188
0.00133445
0.000750626
0.000250209
0.00375313
0.000917431
0.00158465
0.00183486
0.00266889
0.00108424
0.000917431
0.00266889
0.00183486
0.00258549
0.00325271
0.000667223
0.00158465
0.00266889
0.00208507
0.00108424
0.00166806
0.000917431
0.00058382
0.000417014
8.34028e-005
0.00717264
0
0.000250209
0.000417014
0.000333611
0.000917431
0.00125104
0.00108424
0.000417014
0.00141785
0.000333611
0.00141785
0.00100083
0.000166806
0.00133445
0.000166806
0.00058382
0.00116764
0.000667223
0.00058382
0.000667223
0.00233528
0.000250209
0.000333611
0.000750626
0.000750626
0.00133445
0.000834028
0.00158465
0.000250209
0.000750626
0.000667223
0.00133445
0.000333611
0.00116764
0.000417014
0.00108424
0.000834028
0.000667223
0.00108424
0.00125104
0.00058382
0
0.00350292
0.00058382
0.000500417
0.00133445
0.00100083
0.00100083
0.00166806
0.00158465
0.00116764
0.00100083
0.00108424
0.00108424
0.00191827
0.000750626
0.00216847
0.00141785
0.000750626
0.00166806
0.00158465
0.00116764
0.000917431
0.0028357
0.00125104
0.00216847
0.00125104
0.00200167
0.00133445
0.00166806
0.00191827
0.00266889
0.00216847
0.00333611
0.00341952
0.00225188
0.00341952
0.00442035
0.00391993
0.00425354
0.00567139
0.0058382
0.0059216
0.00475396
0.0306922