0.00250069
0.0155599
0.0263962
0.213393
0.118922
0.0308419
0.021117
0.0194498
0.0202834
0.0180606
0.0108363
0.0086135
0.00889136
0.00833565
0.0102806
0.00444568
0.00388997
0.00805779
0.00750208
0.00666852
0.00416782
0.00805779
0.00416782
0.00472353
0.00333426
0.000833565
0.0030564
0.0030564
0.00277855
0.000277855
0.00222284
0.00111142
0.00250069
0.000833565
0.00222284
0.000277855
0.000833565
0.00055571
0.00111142
0.00166713
0.000277855
0.000277855
0
0.00694637
0
0.000833565
0.000833565
0.00055571
0.00055571
0.00138927
0
0.00111142
0.000277855
0.000277855
0
0.000277855
0
0
0.000277855
0
0.000277855
0.000833565
0
0
0.00138927
0
0.000277855
0
0.000277855
0
0.000277855
0.000277855
0
0
0.000277855
0
0
0.000277855
0
0
0
0
0
0
0
0.000833565
0
0
0
0
0.00055571
0.00055571
0.000277855
0
0.000833565
0
0.00055571
0.000277855
0
0.000277855
0.000277855
0
0.00055571
0.000277855
0
0
0.00250069
0
0.000277855
0.00138927
0
0.000277855
0.000277855
0.00138927
0
0.000277855
0.000277855
0.000277855
0.00055571
0
0.000833565
0.00138927
0.00111142
0.000277855
0.000277855
0.00055571
0.000277855
0
0.00694637
0.000277855
0.000833565
0.00194498
0.000277855
0.000277855
0.00166713
0.00166713
0.00194498
0.00333426
0.0030564
0.00277855
0.00138927
0.000277855
0.00194498
0.00194498
0.00111142
0.00388997
0.0030564
0.00416782
0.0030564
0.00805779
0.00388997
0.00639066
0.00583495
0.00472353
0.00611281
0.00500139
0.00444568
0.00361211
0.00166713
0.00333426
0.00138927
0.00194498
0.00138927
0.00111142
0.000833565
0.000833565
0.000833565
0.000833565
0
0
0.00222284
0
0.000277855
0.00055571
0.00055571
0.00111142
0.000277855
0.00166713
0
0.00055571
0.000277855
0.00055571
0.000277855
0.00055571
0.000833565
0.000277855
0.000833565
0.00111142
0.00111142
0.00111142
0.00222284
0.00055571
0.00222284
0.00222284
0.00111142
0.000277855
0.000833565
0.00138927
0.00222284
0.00111142
0.00111142
0.00166713
0.00250069
0.000833565
0.00222284
0.00250069
0.00194498
0.00138927
0.00361211
0.00166713
0.00361211
0.00250069
0.000277855
0.0100028
0.00166713
0.00333426
0.00277855
0.00138927
0.00250069
0.0030564
0.000833565
0.00111142
0
0.00250069
0.000833565
0.00055571
0.000277855
0.00277855
0.00166713
0.000833565
0.00222284
0.00194498
0.00250069
0.000833565
0.00527924
0.00166713
0.00250069
0.00250069
0.00416782
0.00222284
0.00444568
0.00361211
0.00277855
0.00500139
0.00472353
0.00361211
0.00694637
0.0136149
0.00833565
0.0055571
0.00583495
0.00694637
0.00750208
0.00750208
0.00750208
0.034454