0.00862069
0.14272
0.0603448
0.0229885
0.0201149
0.0229885
0.01341
0.00670498
0.00957854
0.00766284
0.0105364
0.00957854
0.0124521
0.00766284
0.00670498
0.00287356
0.00574713
0.00670498
0.00191571
0.00574713
0.000957854
0.00478927
0.00287356
0.000957854
0.00287356
0.00191571
0.00383142
0.000957854
0.00574713
0.000957854
0.000957854
0.00383142
0.000957854
0.000957854
0.00287356
0.000957854
0.000957854
0
0.000957854
0
0.000957854
0
0
0.00670498
0.000957854
0
0.000957854
0
0
0.00191571
0
0
0
0
0
0.000957854
0
0.000957854
0.00287356
0
0.00191571
0.000957854
0.000957854
0.000957854
0.00191571
0.000957854
0.000957854
0
0.000957854
0.000957854
0.000957854
0.000957854
0
0.000957854
0.000957854
0
0
0.000957854
0
0.000957854
0.00191571
0
0
0
0
0.00670498
0
0
0
0.000957854
0
0
0
0
0.00191571
0
0.00191571
0
0
0
0
0
0
0
0
0.000957854
0.000957854
0.000957854
0.00191571
0.00191571
0
0
0.00191571
0.00191571
0
0.000957854
0.00191571
0.00287356
0
0.00383142
0.00191571
0.00287356
0
0
0.000957854
0.00191571
0.00191571
0
0.0201149
0.000957854
0.000957854
0.00287356
0.000957854
0
0.00191571
0.00670498
0.000957854
0.00287356
0.00383142
0.000957854
0.00191571
0.000957854
0.00478927
0.00191571
0.00287356
0.00383142
0.00287356
0
0.00287356
0.00383142
0.000957854
0.00191571
0.00287356
0.00478927
0.00478927
0
0.00191571
0.00287356
0.00478927
0.00287356
0.00191571
0.000957854
0.00191571
0.00862069
0.00287356
0.00383142
0.000957854
0
0.000957854
0.000957854
0.00766284
0
0
0.00191571
0.00287356
0.00287356
0.000957854
0.00191571
0.00191571
0.000957854
0.000957854
0
0.00383142
0.00191571
0.00191571
0.000957854
0.00191571
0.00191571
0.000957854
0.00478927
0
0.000957854
0
0.000957854
0
0
0.00191571
0.000957854
0.00191571
0.000957854
0
0
0.00191571
0.000957854
0.000957854
0
0.000957854
0.00191571
0
0.00287356
0.00191571
0
0
0.00478927
0.000957854
0.00191571
0
0.00191571
0
0.000957854
0.000957854
0.00191571
0.00191571
0.00191571
0
0.000957854
0.00383142
0.00478927
0.00287356
0.00191571
0.00287356
0.00383142
0.00766284
0.00383142
0.00478927
0.00478927
0.0105364
0.00957854
0.00574713
0.00478927
0.00670498
0.00957854
0.00957854
0.00862069
0.00478927
0.00191571
0.00957854
0.0114943
0.0105364
0.0114943
0.0210728
0.0162835
0.0181992
0.0172414
0.0172414
0.0574713