0
0.00522466
0.00457158
0.00626959
0.00626959
0.00875131
0.039185
0.143939
0.106844
0.0402299
0.0154127
0.012931
0.00901254
0.0100575
0.00953501
0.00574713
0.00626959
0.00600836
0.00496343
0.00404911
0.00326541
0.00496343
0.00287356
0.0031348
0.00208986
0.0023511
0.0023511
0.00130617
0.0015674
0.000653083
0.000261233
0
0.00039185
0.000522466
0.000783699
0.000783699
0.000783699
0.00039185
0.000783699
0.000522466
0.00039185
0.000130617
0
0.0118861
0.000130617
0.00039185
0.00039185
0.000522466
0.000522466
0.000783699
0.000783699
0.000522466
0.000914316
0.00104493
0.000653083
0.000653083
0.00039185
0.000783699
0.000783699
0.000130617
0.000522466
0.000783699
0.000261233
0
0.00261233
0
0.000261233
0.000522466
0.000130617
0.000653083
0.000261233
0.000522466
0.000261233
0.000653083
0.000261233
0
0.00039185
0.000653083
0.00039185
0.000130617
0.000522466
0.000130617
0
0
0
0.00274295
0
0
0
0
0.00039185
0.00039185
0.000261233
0
0.000914316
0
0.000653083
0.00039185
0.00039185
0.000653083
0.000261233
0.00039185
0.00039185
0.000914316
0.000522466
0.000261233
0.00117555
0.000130617
0.000261233
0.00130617
0.00039185
0.00104493
0.000261233
0.000653083
0.000130617
0.000522466
0.000653083
0.00104493
0.000522466
0.000653083
0.00169801
0.00039185
0.000653083
0.00117555
0.00143678
0.00104493
0.000653083
0.000130617
0.0254702
0.0023511
0.00195925
0.00143678
0.00182863
0.00208986
0.0023511
0.00169801
0.00274295
0.00130617
0.00182863
0.00117555
0.00117555
0.0015674
0.00287356
0.0015674
0.000522466
0.00182863
0.00208986
0.00130617
0.000522466
0.00365726
0.00104493
0.00117555
0.000914316
0.00143678
0.0015674
0.00104493
0.00182863
0.00039185
0.000783699
0.00117555
0.000522466
0.000261233
0.00182863
0.000653083
0.000653083
0.000261233
0.000261233
0.000130617
0
0
0.00509404
0
0.000130617
0.000130617
0.00039185
0.000130617
0.000130617
0.000130617
0.000261233
0.00039185
0
0.000522466
0.00039185
0.000261233
0.000914316
0.000130617
0.00039185
0.000783699
0.000261233
0
0.000130617
0.00195925
0
0.000261233
0.000130617
0.000130617
0.000522466
0.000522466
0.000914316
0
0.000130617
0.000130617
0.000783699
0.000261233
0.00039185
0.00039185
0.000261233
0
0.000261233
0
0.000261233
0
0
0.00326541
0
0.00039185
0.000130617
0
0.000261233
0.00039185
0.000522466
0.000783699
0.000522466
0.000783699
0.000783699
0.00104493
0.000522466
0.00104493
0.000783699
0.000261233
0.0015674
0.00117555
0.000914316
0.000261233
0.00261233
0.000653083
0.00143678
0.0015674
0.00143678
0.00104493
0.00169801
0.0023511
0.00130617
0.00130617
0.0031348
0.000914316
0.00104493
0.0015674
0.0023511
0.00222048
0.0023511
0.00182863
0.00182863
0.00365726
0.00222048
0.316614