0
0.00632262
0.00717703
0.00854409
0.00615174
0.0102529
0.0420369
0.140977
0.112782
0.0449419
0.0160629
0.0157211
0.0123035
0.0104238
0.00974026
0.00734792
0.00666439
0.00580998
0.0037594
0.00341764
0.00427204
0.00512645
0.00358852
0.0018797
0.00273411
0.00153794
0.00153794
0.00239234
0.00136705
0.00119617
0.00153794
0.000170882
0.000512645
0.000512645
0.000512645
0.000341763
0.000854409
0.000341763
0.000341763
0.000512645
0.000341763
0.000512645
0
0.00991114
0
0.000512645
0.00102529
0.000683527
0.000512645
0.00119617
0.000170882
0.000854409
0.000170882
0.000512645
0.000512645
0.000341763
0.000341763
0.000512645
0.000170882
0
0.000512645
0.000341763
0.000341763
0
0.0018797
0.000170882
0.00119617
0.00119617
0.00119617
0.000341763
0.000170882
0.00136705
0.000170882
0.000512645
0.000341763
0.000341763
0.000170882
0
0.000341763
0.000341763
0.000683527
0
0
0
0
0.00307587
0
0.000170882
0
0.000341763
0
0.000512645
0
0
0.000512645
0
0.000170882
0.000854409
0.000170882
0.000854409
0.000170882
0.000341763
0.000683527
0.000683527
0.000170882
0.000341763
0.000854409
0
0.000512645
0.000512645
0.000341763
0.00136705
0.000683527
0.00102529
0.000341763
0.000854409
0.000854409
0.000683527
0.000512645
0.000683527
0.00136705
0.00119617
0.000854409
0.000512645
0.00119617
0.000512645
0.000683527
0.000341763
0.0276828
0.000512645
0.000854409
0.00170882
0.00102529
0.00136705
0.000683527
0.00136705
0.000854409
0.000683527
0.0018797
0.0018797
0.00170882
0.000683527
0.00205058
0.00119617
0.000512645
0.0018797
0.00222146
0.00205058
0.000683527
0.00307587
0.00119617
0.00136705
0.00170882
0.00102529
0.00170882
0.00136705
0.0018797
0.000341763
0.000683527
0.00205058
0.000854409
0.000854409
0.00153794
0.00136705
0.00136705
0.00136705
0.000170882
0.00102529
0
0.000170882
0.00495557
0
0
0.000170882
0.000512645
0.00136705
0.000512645
0.000512645
0.000341763
0.000683527
0.000170882
0.00102529
0
0
0.000170882
0.000170882
0.000683527
0.000512645
0.000341763
0.000512645
0
0.00170882
0
0
0.000170882
0
0.000170882
0.000170882
0.000854409
0.000170882
0.000683527
0.000170882
0.000683527
0.000683527
0.000683527
0.000341763
0.000341763
0.000341763
0.000170882
0.000683527
0
0
0
0.00307587
0.000170882
0.000170882
0.000170882
0.000341763
0.000341763
0.000854409
0.000854409
0.000170882
0.00136705
0.000341763
0.000170882
0.000854409
0.000854409
0.00170882
0.00119617
0.000683527
0.00153794
0.0018797
0.000512645
0.000683527
0.00307587
0.00119617
0.00102529
0.00205058
0.00119617
0.0018797
0.00102529
0.00393028
0.00119617
0.00119617
0.00205058
0.00136705
0.00222146
0.00239234
0.00222146
0.00153794
0.00290499
0.00239234
0.00324675
0.00410116
0.00341764
0.280588