0
0.00410798
0.00625978
0.0086072
0.00938967
0.00997653
0.0217136
0.128912
0.124022
0.0469484
0.0193662
0.0156495
0.0113459
0.0103678
0.0103678
0.00743349
0.00449922
0.00586854
0.0064554
0.00586854
0.00352113
0.00665102
0.00371674
0.00273865
0.0043036
0.00234742
0.00293427
0.000978091
0.000978091
0.00156495
0.00117371
0.000782473
0.000391236
0.000782473
0.000782473
0.000586854
0.000195618
0.000195618
0.000195618
0.000586854
0.000391236
0.000195618
0
0.0142801
0.000391236
0
0.000391236
0.000586854
0.000195618
0.000195618
0.000978091
0.000391236
0.00156495
0.00117371
0.000782473
0.000586854
0.000391236
0.000782473
0.00117371
0
0.00136933
0.000782473
0.000391236
0
0.00332551
0.000586854
0.000586854
0.000782473
0.000978091
0
0.000195618
0.000586854
0.000391236
0
0.00156495
0.000586854
0
0.000586854
0.000586854
0
0.000782473
0
0.000195618
0.000195618
0
0.00352113
0
0.000195618
0.000195618
0.000195618
0.000391236
0.000195618
0.000782473
0.000195618
0.000978091
0
0.000391236
0.000195618
0.000586854
0.000978091
0.000195618
0
0.000782473
0.000978091
0.000391236
0.000195618
0.00136933
0.000195618
0.000586854
0.00136933
0
0.00156495
0.000391236
0.00117371
0.000782473
0.000978091
0.000782473
0.00136933
0.00136933
0.000978091
0.000978091
0.000978091
0.00195618
0.00176056
0.0021518
0.000782473
0.00156495
0.000195618
0.0420579
0.0021518
0.000782473
0.00117371
0.00156495
0.0021518
0.00117371
0.00156495
0.00156495
0.000782473
0.00176056
0.000782473
0.0021518
0.00195618
0.00254304
0.0021518
0.000978091
0.00156495
0.00117371
0.000782473
0.000978091
0.00371674
0.000391236
0.00117371
0.00156495
0.00195618
0.0021518
0.00176056
0.00156495
0.000782473
0.000586854
0.00293427
0.00156495
0.000978091
0.000586854
0.00136933
0.00117371
0.00117371
0.000782473
0.000586854
0.000391236
0.000586854
0.00410798
0.000195618
0.000195618
0
0.000586854
0
0.000586854
0
0.000195618
0.000586854
0.000391236
0.000782473
0.000978091
0.000195618
0.000978091
0.000782473
0.000195618
0.000586854
0.00117371
0.000391236
0.000782473
0.00117371
0.000195618
0
0.000391236
0
0.000586854
0.000782473
0.000978091
0.000195618
0.000586854
0.000978091
0.00117371
0.000391236
0.000391236
0.000586854
0.000978091
0.000978091
0.000586854
0.000195618
0
0.000195618
0
0.00528169
0.000586854
0.000391236
0.000586854
0.000782473
0.000586854
0.000782473
0.000586854
0.000978091
0.000586854
0.00156495
0.000586854
0.00136933
0.000195618
0.00254304
0.00136933
0.000391236
0.00136933
0.00117371
0.000586854
0.000586854
0.00410798
0.00176056
0.00273865
0.00117371
0.000782473
0.0021518
0.00136933
0.00312989
0.00176056
0.00195618
0.0021518
0.00136933
0.00176056
0.00293427
0.00234742
0.00117371
0.00176056
0.00352113
0.00234742
0.00489045
0.00449922
0.236698