0
0.00757576
0.010101
0.0156566
0.010101
0.0141414
0.0166667
0.0888889
0.150505
0.0626263
0.0489899
0.0272727
0.0232323
0.0171717
0.0126263
0.0131313
0.0121212
0.00757576
0.00707071
0.00858586
0.00707071
0.00757576
0.00454545
0.0040404
0.0020202
0.0040404
0.0020202
0.0020202
0.0030303
0.0020202
0.0010101
0.000505051
0.0020202
0.0020202
0.000505051
0.0030303
0.000505051
0
0.000505051
0.000505051
0.000505051
0.000505051
0
0.0136364
0
0
0.0010101
0.000505051
0.000505051
0
0
0.0010101
0.0010101
0.000505051
0
0.000505051
0.000505051
0
0
0.000505051
0.000505051
0.000505051
0
0
0.0010101
0.000505051
0
0
0
0
0
0.0010101
0
0
0
0
0
0.0010101
0.0010101
0.000505051
0
0
0
0
0
0.00252525
0
0.000505051
0.000505051
0
0.000505051
0
0.000505051
0.000505051
0.00151515
0
0
0
0.0010101
0.000505051
0.000505051
0.000505051
0
0.000505051
0.000505051
0.000505051
0.0010101
0
0
0
0
0
0
0.0020202
0
0.0020202
0.000505051
0.00151515
0
0.000505051
0.0010101
0.000505051
0.0010101
0
0.000505051
0.0020202
0.0020202
0.000505051
0.0282828
0.0010101
0.00252525
0.0010101
0.0020202
0
0.00353535
0.00151515
0.000505051
0.00252525
0.0010101
0.000505051
0.00151515
0.00151515
0.0020202
0.00151515
0.00252525
0.0010101
0
0.0020202
0.00252525
0.000505051
0.00151515
0.00151515
0.0010101
0.000505051
0.0020202
0.0010101
0.00151515
0.00252525
0.00252525
0.0020202
0.0010101
0.000505051
0.00151515
0.00151515
0.000505051
0.0030303
0.0010101
0.000505051
0.000505051
0
0.00252525
0.000505051
0.0020202
0
0.000505051
0.0010101
0.0010101
0.000505051
0
0
0
0.000505051
0.0010101
0.000505051
0.00151515
0
0.000505051
0.0010101
0
0
0.000505051
0.00252525
0
0
0.0010101
0
0
0
0.00151515
0
0
0
0.000505051
0.000505051
0
0.000505051
0
0
0.0020202
0.000505051
0
0
0
0.00252525
0
0
0.0010101
0.000505051
0.0010101
0.000505051
0.0010101
0.0010101
0.000505051
0.00151515
0
0.00252525
0.0010101
0.0010101
0.00252525
0.000505051
0.00454545
0.0030303
0.00151515
0.000505051
0.00555556
0.00252525
0.0010101
0.0020202
0.00151515
0.00151515
0.0010101
0.0040404
0.00151515
0.0010101
0.00252525
0.0030303
0.00505051
0.0020202
0.00252525
0.0030303
0.00454545
0.00252525
0.00454545
0.00454545
0.010101
0.142929