0.00105708
0.00921172
0.0172153
0.186802
0.112957
0.0235578
0.0155542
0.012685
0.00996678
0.012232
0.00724857
0.00679553
0.00407732
0.00498339
0.00634249
0.00422833
0.00271821
0.00392631
0.00347327
0.0025672
0.00407732
0.00724857
0.00226518
0.00286922
0.00422833
0.00332226
0.00362428
0.00241619
0.00377529
0.0025672
0.00302024
0.00271821
0.00286922
0.00166113
0.00226518
0.00302024
0.00166113
0.00181214
0.00317125
0.00166113
0.0025672
0.000453035
0.000302024
0.0211416
0.000755059
0.00196315
0.00120809
0.00166113
0.00181214
0.00166113
0.00196315
0.00135911
0.00120809
0.00120809
0.000604047
0.000755059
0.000604047
0.00271821
0.00105708
0.000755059
0.00105708
0.000604047
0.000453035
0.000151012
0.00362428
0.000906071
0.000453035
0.000755059
0.000604047
0.000604047
0
0.00166113
0.000151012
0.000755059
0.0025672
0
0.000302024
0.00196315
0.000755059
0.000302024
0.000151012
0.000302024
0.000302024
0
0
0.00785261
0
0.000302024
0.000151012
0.000302024
0.000151012
0
0.00120809
0
0.00166113
0.000151012
0.00181214
0.000453035
0.000151012
0.00211416
0.000151012
0.000453035
0.000604047
0.000302024
0.000151012
0.000302024
0.00588946
0.000151012
0.000453035
0.000755059
0
0.00135911
0.000151012
0.00362428
0
0.000604047
0.000906071
0.00135911
0.00105708
0.00120809
0.000906071
0.000151012
0.000604047
0.000755059
0.000755059
0.000151012
0.000151012
0
0.0410752
0.000906071
0.00317125
0.00362428
0.00271821
0.00196315
0.00286922
0.00271821
0.00392631
0.00362428
0.00528541
0.00468137
0.00483238
0.00286922
0.00634249
0.00573845
0.00588946
0.0105708
0.00845666
0.00921172
0.00860767
0.0166113
0.00966475
0.00755059
0.00604047
0.00558744
0.00422833
0.00377529
0.00649351
0.00151012
0.00347327
0.00392631
0.000755059
0.00105708
0.00166113
0.00211416
0.000755059
0.00105708
0.000906071
0.000906071
0.000302024
0.000151012
0.00966475
0
0.000604047
0.000151012
0.000302024
0.000604047
0.000604047
0.00151012
0.000906071
0.00120809
0.000453035
0.00151012
0.00120809
0.000604047
0.00120809
0.00120809
0.00120809
0.00151012
0.00286922
0.00196315
0.00166113
0.00211416
0.000755059
0.00105708
0.000604047
0.000906071
0.00105708
0.00120809
0.00211416
0.000604047
0.000906071
0.000604047
0.000151012
0.000604047
0.000755059
0.00181214
0.000906071
0.000604047
0.000453035
0.000604047
0.000151012
0.000453035
0
0.00845666
0.000151012
0.000604047
0.000151012
0.000453035
0
0
0.000302024
0.000604047
0.000604047
0.00120809
0.000604047
0.000755059
0.000302024
0.00105708
0.000906071
0.000151012
0.00105708
0.000604047
0.000604047
0.00120809
0.00196315
0.00135911
0.000906071
0.00181214
0.00135911
0.00211416
0.00181214
0.00437934
0.00347327
0.00468137
0.00347327
0.00226518
0.00181214
0.00181214
0.00302024
0.00347327
0.00241619
0.00302024
0.00347327
0.00407732
0.00573845
0.0434914