0.0457265
0.181929
0.0302198
0.0175824
0.00958486
0.00958486
0.00726496
0.00525031
0.0025641
0.00421245
0.00177045
0.00360195
0.0025641
0.0019536
0.00433455
0.00115995
0.0018315
0.00152625
0.00177045
0.001221
0.000854701
0.0045177
0.0003663
0.000915751
0.001221
0.000732601
0.000610501
0.000549451
0.00152625
0.0002442
0.000671551
0.0002442
0.000793651
0.000610501
0.00042735
0.000732601
0.0003663
0.0002442
0.0003663
0.00030525
6.10501e-005
0.0001221
0.0001221
0.0046398
6.10501e-005
0.0001221
0.0002442
0.0001221
6.10501e-005
6.10501e-005
6.10501e-005
0.00018315
0.00030525
0.000549451
6.10501e-005
0.00018315
0.0001221
0.00042735
0.0001221
6.10501e-005
0.0003663
6.10501e-005
6.10501e-005
0
0.000610501
6.10501e-005
6.10501e-005
0.00018315
6.10501e-005
6.10501e-005
6.10501e-005
0.000610501
0.0001221
0.0001221
0.00030525
0
0.00018315
0.0002442
6.10501e-005
0.00018315
0.0001221
0.0001221
0
0
0
0.001221
0
0
6.10501e-005
0.00018315
0.0001221
0
0
0.0001221
0.00030525
0
0.0001221
6.10501e-005
0.0002442
0.0002442
0
0
0.00018315
0.0002442
0
6.10501e-005
0.000915751
0
6.10501e-005
6.10501e-005
6.10501e-005
0.0001221
6.10501e-005
0.000488401
0.0001221
0.0001221
0.0001221
0.000488401
0.000610501
0.0002442
0.00042735
0.0001221
0.0003663
0.00030525
0.00018315
0.0003663
0.00030525
0
0.0409646
0.0013431
0.0015873
0.0020757
0.00177045
0.00177045
0.00262515
0.0025641
0.0019536
0.00238095
0.00372405
0.0034188
0.003663
0.0029304
0.00531136
0.00494506
0.00372405
0.00610501
0.00592186
0.00396825
0.00531136
0.00995116
0.00848596
0.00903541
0.00879121
0.0115385
0.00921856
0.0103785
0.0115995
0.00903541
0.00946276
0.0105006
0.00860806
0.00683761
0.00970696
0.00848596
0.00586081
0.00555556
0.00543346
0.0042735
0.0035409
0.00250305
0.0228327
0.00164835
0.0015873
0.00286935
0.00421245
0.00433455
0.00347985
0.0042735
0.0018315
0.00409035
0.00201465
0.00628816
0.00286935
0.0015873
0.00598291
0.00177045
0.00152625
0.00396825
0.00299145
0.0018315
0.000976801
0.00769231
0.0010989
0.00177045
0.00213675
0.00140415
0.0040293
0.0018315
0.00543346
0.00115995
0.0019536
0.00128205
0.00396825
0.0014652
0.0020757
0.00164835
0.0014652
0.000976801
0.0010989
0.000915751
0.000854701
0.000793651
0.00018315
0.0144078
0.0003663
0.000488401
0.000610501
0.0003663
0.000976801
0.00140415
0.0017094
0.0025641
0.0010989
0.00421245
0.0014652
0.0017094
0.00177045
0.00677656
0.00164835
0.0010989
0.00445665
0.0029304
0.0018315
0.00128205
0.0101343
0.0021978
0.00238095
0.0035409
0.00445665
0.0034188
0.00286935
0.00830281
0.0029304
0.00537241
0.00695971
0.003663
0.0037851
0.00781441
0.00659341
0.00702076
0.00531136
0.00573871
0.00555556
0.00659341
0.00769231
0.0573871