0
0.0103806
0.0155709
0.0190311
0.0285467
0.0406574
0.107266
0.0908305
0.0579585
0.0432526
0.0268166
0.0285467
0.0198962
0.0216263
0.0242215
0.016436
0.0121107
0.0147059
0.0198962
0.00951557
0.0103806
0.0129758
0.00951557
0.00778547
0.0103806
0.0121107
0.00865052
0.00605536
0.00865052
0.00605536
0.00346021
0.00519031
0.00259516
0.00259516
0.00778547
0.00346021
0.00432526
0.00692042
0.00259516
0.000865052
0.000865052
0.0017301
0
0.016436
0
0
0.000865052
0.000865052
0.0017301
0
0.0017301
0.000865052
0.0017301
0.00346021
0.000865052
0.000865052
0
0.00346021
0.00259516
0
0.000865052
0
0.00259516
0
0.00432526
0
0.000865052
0.0017301
0.0017301
0.000865052
0
0.00346021
0.000865052
0.000865052
0.0017301
0.0017301
0.000865052
0.00346021
0
0
0.000865052
0
0
0
0
0.00605536
0
0
0
0.00259516
0.00259516
0
0.0017301
0
0.0017301
0
0.0017301
0
0
0.00259516
0.0017301
0
0.00346021
0
0.0017301
0.00346021
0.00692042
0.000865052
0.00346021
0.00259516
0
0.00346021
0.000865052
0.00519031
0.000865052
0
0.00259516
0.0017301
0.0017301
0.000865052
0.0017301
0.000865052
0.00346021
0
0.000865052
0
0
0
0.0155709
0
0
0
0
0.000865052
0.0017301
0.000865052
0.000865052
0
0
0.000865052
0
0
0.0017301
0.000865052
0
0
0
0
0
0.000865052
0
0
0
0
0
0
0.000865052
0
0.000865052
0
0
0
0
0
0
0
0
0
0
0
0.00259516
0
0
0
0
0
0
0
0
0
0
0.000865052
0
0
0.000865052
0
0
0.000865052
0
0
0
0
0
0
0
0
0
0
0.000865052
0
0
0
0.000865052
0
0
0
0
0
0
0
0
0
0
0.0017301
0
0
0
0
0
0
0.000865052
0.000865052
0
0
0
0
0.000865052
0.000865052
0.00259516
0
0.00259516
0.00259516
0.00346021
0.0017301
0.00432526
0.000865052
0.0017301
0.000865052
0.000865052
0.000865052
0.00259516
0.000865052
0.000865052
0.0017301
0.00432526
0.000865052
0.00605536
0.00346021
0.000865052
0.00346021
0.00259516
0.00346021
0.00346021
0.00605536
0.00346021
0.0233564