9.64506e-005
0.00395448
0.0239198
0.18287
0.110822
0.0163966
0.00993441
0.0106096
0.0070409
0.0080054
0.00916281
0.00646219
0.00443673
0.00356867
0.00337577
0.00231481
0.00154321
0.00202546
0.00231481
0.00279707
0.00356867
0.00511188
0.00231481
0.00385802
0.00308642
0.00212191
0.00279707
0.00337577
0.00559414
0.00125386
0.00308642
0.00183256
0.00202546
0.00270062
0.00221836
0.00231481
0.00192901
0.00289352
0.00356867
0.00298997
0.00347222
0.00183256
0
0.0219907
0.00212191
0.00192901
0.00298997
0.00289352
0.00192901
0.00270062
0.00347222
0.00250772
0.00154321
0.00192901
0.00154321
0.00135031
0.00106096
0.00395448
0.00221836
0.000675154
0.00202546
0.00231481
0.00163966
0.000578704
0.00424383
0.00144676
0.00135031
0.00212191
0.00163966
0.000964506
0.00106096
0.00202546
0.000385802
0.00154321
0.00260417
9.64506e-005
0.00106096
0.00192901
0.00115741
0.000964506
0.000964506
0.000482253
0.000385802
0.000192901
0
0.00675154
0
0
0.000482253
0.000289352
0.00125386
0.00115741
0.000675154
9.64506e-005
0.00154321
0
0.00173611
0.000868056
0.000482253
0.00231481
0.000192901
0.00125386
0.00144676
0.00173611
0.00135031
0.000482253
0.00424383
0.000192901
0.000482253
0.000868056
0.000868056
0.00308642
0.00173611
0.00270062
0.000482253
0.00231481
0.000964506
0.00212191
0.000964506
0.00212191
0.00231481
0.00135031
0.000964506
0.00173611
0.00154321
0.00106096
0.000289352
0
0.0525656
0.00173611
0.00202546
0.00308642
0.00347222
0.00318287
0.00414738
0.00655864
0.00646219
0.00549769
0.00752315
0.00482253
0.00752315
0.00453318
0.0100309
0.0080054
0.0070409
0.0132137
0.0129244
0.0100309
0.0105131
0.016686
0.00848765
0.00636574
0.00520833
0.00453318
0.00318287
0.00279707
0.00414738
0.00212191
0.00279707
0.00366512
0.00192901
0.00125386
0.00173611
0.000964506
0.000385802
0.00115741
0.000675154
0.000771605
0.000482253
0.000289352
0.00617284
0.000289352
0.000385802
0.000771605
0.000868056
0.000482253
0.00115741
0.000771605
0.000578704
0.00115741
0.000675154
0.000675154
0.000771605
0.00144676
0.00260417
0.00144676
0.00154321
0.00163966
0.000675154
0.000868056
0.000868056
0.00173611
0.000868056
0.00125386
0.000964506
0.000675154
0.00125386
0.000578704
0.00125386
0.000964506
0.000289352
0.000482253
0.000482253
0.000192901
0.000385802
0.000482253
9.64506e-005
0.000578704
0.000578704
0.000192901
0.000289352
0.000385802
0
0.00405093
0.000385802
0.000482253
0.000289352
0.000482253
0.000482253
0.000482253
0.000482253
0.000289352
0.000385802
0.000289352
0.000482253
0.000289352
0.000289352
0.000578704
0.000578704
0.000289352
0.000482253
0.000868056
0.000675154
0.000482253
0.00202546
0.000771605
0.000482253
0.000771605
0.00163966
0.00241127
0.00289352
0.00405093
0.00221836
0.00212191
0.00163966
0.00106096
0.00135031
0.00192901
0.00183256
0.00212191
0.00212191
0.00202546
0.00212191
0.00376157
0.00376157
0.0272955