0.0035693
0.0113028
0.0594884
0.178465
0.0404521
0.0232005
0.0208209
0.0202261
0.0142772
0.0136823
0.00951814
0.0107079
0.00773349
0.0107079
0.00713861
0.00713861
0.00713861
0.00475907
0.00773349
0.00654372
0.00535396
0.00773349
0.00118977
0.00535396
0.00475907
0.00237954
0.00416419
0.00535396
0.00178465
0.0035693
0.00178465
0.00297442
0.00475907
0.00416419
0.00297442
0.00475907
0.00118977
0.000594884
0.00416419
0.00237954
0.00237954
0.000594884
0
0.0737656
0.000594884
0
0
0.000594884
0.000594884
0.000594884
0.000594884
0
0.000594884
0.000594884
0
0.000594884
0.000594884
0
0.000594884
0
0
0.000594884
0
0
0.00118977
0
0
0
0
0.000594884
0
0.000594884
0
0
0
0
0
0
0
0
0
0
0.000594884
0
0
0.000594884
0
0
0
0
0
0.00118977
0
0
0
0
0.000594884
0
0
0
0
0
0.000594884
0
0
0
0.000594884
0
0
0.00118977
0
0
0.00118977
0
0
0
0
0.000594884
0.000594884
0
0.000594884
0
0.000594884
0.000594884
0
0
0
0
0.0113028
0.000594884
0.00118977
0
0.00118977
0.000594884
0.000594884
0
0.00118977
0
0.00118977
0.00237954
0.00178465
0.000594884
0.00118977
0
0
0.0035693
0.000594884
0
0
0.00178465
0
0.00118977
0.00118977
0.000594884
0.000594884
0.000594884
0.000594884
0.000594884
0
0.00237954
0
0.000594884
0.00118977
0.00237954
0
0.00118977
0.000594884
0.000594884
0.00118977
0.000594884
0.00416419
0
0
0.00178465
0
0.00118977
0
0
0.000594884
0.00118977
0.000594884
0.00118977
0.00118977
0
0.00118977
0
0.000594884
0.00178465
0
0
0.000594884
0.00118977
0
0.00118977
0.00118977
0.000594884
0.000594884
0
0
0
0
0
0.000594884
0.000594884
0.00237954
0.000594884
0.000594884
0
0.00118977
0.00118977
0.00118977
0
0
0.0220107
0
0
0.000594884
0.000594884
0.000594884
0
0
0.000594884
0.000594884
0.00237954
0.000594884
0.00118977
0
0.000594884
0.00178465
0
0.00118977
0.00178465
0.00118977
0
0.00237954
0.00118977
0.00237954
0
0.00237954
0.00297442
0.00237954
0.00475907
0.00178465
0.00475907
0.00475907
0.00297442
0.00237954
0.00713861
0.00297442
0.0035693
0.00475907
0.00654372
0.00475907
0.010113
0.010113
0.173111