0.00277008
0.00984918
0.0510926
0.222222
0.0464758
0.0304709
0.0212373
0.0113881
0.0135426
0.0113881
0.0123115
0.00769468
0.010157
0.00769468
0.00677131
0.00769468
0.00338566
0.00430902
0.00400123
0.00430902
0.00554017
0.00461681
0.00430902
0.00369344
0.00646353
0.00338566
0.00461681
0.00523238
0.00277008
0.000923361
0.00492459
0.00307787
0.00277008
0.00338566
0.00277008
0.00184672
0.00307787
0.00215451
0.00184672
0.00123115
0.00277008
0.00215451
0
0.0584795
0.00123115
0.000307787
0.000307787
0.000615574
0.000307787
0.000307787
0.000615574
0.000307787
0
0.000615574
0.000307787
0.000307787
0
0.00123115
0.000307787
0
0.000615574
0.000307787
0
0.000307787
0.000923361
0.000307787
0
0.000307787
0
0
0.000923361
0
0
0
0
0
0
0
0.000307787
0.000307787
0
0
0
0.000307787
0.000307787
0.00123115
0
0
0.000307787
0
0
0.000307787
0.000307787
0.000307787
0
0
0.000307787
0
0
0.000615574
0
0
0
0.000307787
0
0
0
0
0
0.000307787
0
0
0
0
0
0.000307787
0
0.000307787
0
0.000923361
0
0.000307787
0
0
0.000307787
0
0
0
0.00369344
0
0
0
0.000615574
0
0
0.000615574
0
0
0.000615574
0.000307787
0.000307787
0
0
0.000615574
0
0.000307787
0.000307787
0.000307787
0
0.000923361
0.000307787
0.000307787
0.000307787
0.000307787
0.000307787
0.000615574
0.000615574
0.000615574
0.000615574
0.00153894
0.000307787
0.000615574
0.000923361
0.000615574
0.000307787
0
0.000923361
0.000307787
0.000307787
0.000307787
0.00277008
0.000615574
0.000615574
0
0
0.000615574
0
0.000307787
0.000307787
0.00153894
0.000307787
0.000923361
0
0.000615574
0.000615574
0
0.000615574
0.000307787
0.000923361
0
0.000307787
0.00215451
0
0.000923361
0.00123115
0
0.000615574
0.000615574
0.000615574
0
0.000307787
0
0.000307787
0.000307787
0.000307787
0.000307787
0.000307787
0
0
0.000923361
0
0.000615574
0
0.0190828
0
0.000923361
0
0.000615574
0
0.00123115
0.000923361
0.000307787
0.000615574
0.00153894
0.000615574
0.000923361
0.00123115
0.00153894
0.00184672
0.000615574
0.00123115
0.000615574
0.000307787
0.000307787
0.00277008
0.00153894
0.00123115
0.00153894
0.000923361
0.00123115
0.00123115
0.00215451
0.00215451
0.00123115
0.00215451
0.00215451
0.00153894
0.00277008
0.00430902
0.00184672
0.00307787
0.00492459
0.00831025
0.00430902
0.00800246
0.227762