0
0.0216963
0.121137
0.16453
0.0437212
0.0277778
0.0221893
0.0192308
0.0138067
0.0228468
0.0100263
0.0180802
0.0161078
0.0136423
0.0249836
0.01167
0.0129849
0.0151216
0.015286
0.0151216
0.00756082
0.030572
0.000328731
0.00871137
0.0129849
0.00460224
0.0131492
0.00805391
0.0177515
0.000986193
0.00542406
0.00147929
0.00690335
0.00246548
0.00558843
0.00394477
0.00246548
0.000986193
0.00147929
0.000821828
0
0
0
0.020217
0
0
0.000164366
0.000821828
0.000493097
0.00131492
0.00115056
0.00213675
0.000328731
0.00147929
0
0.000657462
0
0.00378041
0.000657462
0
0.00131492
0.000821828
0.000164366
0
0.00410914
0
0.000493097
0.000493097
0.000493097
0
0
0.00115056
0
0.000493097
0.00131492
0
0
0.00115056
0
0.000164366
0.000493097
0
0
0
0
0.0047666
0
0
0
0.000164366
0.000164366
0
0.000328731
0
0.000164366
0
0
0.000328731
0
0.00115056
0
0.000164366
0.000986193
0.000493097
0
0
0.00295858
0
0.000164366
0.000164366
0
0.000164366
0.000164366
0.00131492
0
0.000493097
0.000164366
0.00180802
0.000164366
0.000493097
0.000328731
0.000821828
0.000493097
0.000493097
0.000328731
0
0
0
0.0101907
0
0.000493097
0.00147929
0.00213675
0
0.00147929
0.00131492
0.00246548
0.00115056
0.00115056
0.00213675
0.00115056
0.000657462
0.00230112
0.00147929
0.000657462
0.00213675
0.000164366
0.00213675
0.000493097
0.00197239
0.000657462
0.000493097
0.000986193
0.000821828
0.000164366
0.000328731
0.000328731
0
0.000164366
0.000657462
0.000164366
0
0.000164366
0.000328731
0.000164366
0
0
0
0
0
0.00361604
0
0
0
0
0
0
0
0
0.000164366
0
0
0
0
0.000164366
0
0.000164366
0.000493097
0
0
0
0.000657462
0
0
0.000328731
0
0.000328731
0
0.000821828
0
0.000164366
0
0.000164366
0
0.000164366
0.000328731
0
0.000164366
0
0
0
0
0
0.00295858
0
0.000164366
0
0.000493097
0.000164366
0
0.000328731
0.00147929
0
0.00147929
0
0.000493097
0.000493097
0.00164366
0.000328731
0.000164366
0.00197239
0.000328731
0
0.000164366
0.0052597
0.000493097
0.00164366
0.000986193
0.00115056
0.00147929
0.00115056
0.00410914
0.00213675
0.00328731
0.00410914
0.00131492
0.00230112
0.0047666
0.00460224
0.00361604
0.00394477
0.00443787
0.00345168
0.00805391
0.00378041
0.0596647