0.000621118
0.00554865
0.0234369
0.191304
0.125507
0.0126294
0.00720497
0.006294
0.0047205
0.00534162
0.0026087
0.00322981
0.00207039
0.00173913
0.00186335
0.00124224
0.00186335
0.00182195
0.00120083
0.00111801
0.00057971
0.00194617
0.000165631
0.000372671
0.000910973
0.000621118
0.000828157
0.00057971
0.00115942
0.000331263
0.0010352
0.000745342
0.000538302
0.000414079
0.000248447
0.000621118
0.000538302
0.000621118
0.000414079
0.000455487
0.000496894
0.000331263
0
0.01147
0.000124224
0.000248447
0.000124224
0.000538302
0.000331263
0.000248447
0.000455487
0.000289855
0.000289855
0.000496894
0.000331263
0.000248447
4.14079e-005
0.00111801
8.28157e-005
0.000124224
0.000455487
0.000331263
8.28157e-005
4.14079e-005
0.00124224
4.14079e-005
0.000207039
8.28157e-005
0.000207039
0.000165631
0.000124224
0.0010352
8.28157e-005
0.000248447
0.000455487
0
0.000207039
0.000372671
0.000165631
0.000207039
4.14079e-005
0.000207039
4.14079e-005
0
0
0.00401656
0
8.28157e-005
8.28157e-005
8.28157e-005
8.28157e-005
0.000207039
0.000248447
0.000124224
0.000455487
4.14079e-005
0.000828157
0.000289855
0.000124224
0.00173913
0.000248447
0.000372671
0.000414079
0.000621118
0.000248447
0.000248447
0.00331263
4.14079e-005
0.000207039
0.000828157
0.000289855
0.00124224
0.000538302
0.00293996
4.14079e-005
0.0010766
0.000538302
0.00227743
0.00120083
0.00198758
0.00219462
0.00173913
0.000993789
0.00153209
0.00140787
0.0010766
0.000372671
4.14079e-005
0.0919669
0.00360248
0.00393375
0.00463768
0.00385093
0.00438923
0.00583851
0.00861284
0.00745342
0.00654244
0.00869565
0.00596273
0.00944099
0.00641822
0.0149482
0.012795
0.00993789
0.0199172
0.0166874
0.015528
0.00956522
0.0207453
0.00927536
0.00712215
0.00563147
0.00662526
0.00360248
0.00327122
0.00463768
0.00252588
0.00244306
0.00306418
0.000621118
0.000869565
0.00161491
0.00124224
0.000993789
0.000828157
0.000703934
0.000248447
0.000455487
0
0.0103106
0.000124224
0.000331263
0.000372671
0.000952381
0.000538302
0.000496894
0.000621118
0.000331263
0.00153209
0.000455487
0.00144928
0.000372671
0.000496894
0.00202899
0.000703934
0.000703934
0.00111801
0.000745342
0.00120083
0.000745342
0.00298137
0.000538302
0.000745342
0.0010352
0.000248447
0.0010352
0.000414079
0.0015735
0.000414079
0.000538302
0.000289855
0.000828157
0.000496894
0.000786749
0.000662526
0.000455487
0.000538302
0.000455487
0.000455487
0.000455487
0.000165631
0
0.00604555
0.000124224
8.28157e-005
0.000331263
0.000414079
0.000372671
0.00057971
0.000455487
0.000745342
0.000331263
0.00111801
0.000662526
0.000745342
0.000331263
0.00132505
0.0010352
0.000496894
0.00132505
0.000869565
0.000331263
0.000621118
0.00327122
0.000662526
0.00115942
0.0010352
0.00153209
0.00153209
0.00161491
0.00244306
0.00149068
0.00140787
0.00236025
0.00149068
0.00149068
0.00310559
0.00277433
0.00322981
0.00302277
0.00351967
0.00227743
0.00343685
0.003147
0.0732919