0
0.00255102
0.00637755
0.0178571
0.0255102
0.0395408
0.0357143
0.0357143
0.0280612
0.0318878
0.0280612
0.0204082
0.0153061
0.0165816
0.0165816
0.0204082
0.0114796
0.0140306
0.0102041
0.00765306
0.0114796
0.0127551
0.00765306
0.00892857
0.0114796
0.00637755
0.00892857
0.00765306
0.00765306
0.00637755
0.00382653
0.00510204
0.00127551
0.0102041
0.00765306
0.00637755
0.00382653
0
0.00510204
0.00127551
0.00510204
0.00637755
0
0.202806
0
0
0.00127551
0
0
0
0
0
0
0
0
0
0
0
0
0
0
0
0
0
0
0.00127551
0.00127551
0
0
0
0
0
0
0
0
0
0
0
0
0
0
0
0
0
0
0.00127551
0
0
0
0
0
0
0
0
0
0
0
0
0
0
0
0
0
0
0
0
0
0
0
0
0
0
0
0
0
0
0
0
0
0
0
0
0
0
0
0
0
0
0
0
0
0
0
0
0
0
0
0
0
0
0
0
0
0
0
0
0
0
0
0
0
0
0
0
0
0
0
0
0
0
0
0
0
0
0
0
0
0
0
0
0
0
0
0
0
0
0
0
0
0
0
0
0
0
0
0
0
0
0
0
0
0
0
0
0
0
0
0
0
0
0
0
0
0
0
0
0
0.00127551
0.00127551
0
0
0
0
0.00382653
0
0
0
0
0
0
0
0
0
0
0
0
0
0.00127551
0.00255102
0
0.00127551
0
0.00127551
0
0
0
0
0
0.00255102
0
0
0.00255102
0
0
0.00255102
0.00127551
0.00255102
0.00127551
0.00127551
0.00255102
0.00255102
0.00255102
0.00255102
0
0.00127551
0.22449