0.00121951
0.00487805
0.0213415
0.0585366
0.0560976
0.0463415
0.0365854
0.0286585
0.0268293
0.0310976
0.0231707
0.0176829
0.0170732
0.0152439
0.0121951
0.00914634
0.0152439
0.00670732
0.0109756
0.0134146
0.0103659
0.0115854
0.0134146
0.0097561
0.00792683
0.0109756
0.0189024
0.00731707
0.0103659
0.00670732
0.00670732
0.00914634
0.0115854
0.00914634
0.0054878
0.0054878
0.00670732
0.0097561
0.00731707
0.0097561
0.0054878
0.00914634
0
0.185976
0
0.000609756
0.000609756
0
0.000609756
0.000609756
0
0.000609756
0.000609756
0.000609756
0.000609756
0
0
0
0
0
0.000609756
0.000609756
0.000609756
0
0.000609756
0
0
0
0
0
0
0
0.000609756
0
0.000609756
0
0.000609756
0.000609756
0.000609756
0
0
0
0
0
0
0
0
0
0
0
0.000609756
0
0
0
0
0
0
0
0
0.000609756
0
0
0
0
0
0
0
0.000609756
0
0
0
0
0
0
0
0
0
0
0
0.000609756
0
0
0
0
0
0
0
0
0
0
0
0.000609756
0
0
0
0
0
0
0
0
0
0
0
0.000609756
0
0
0
0
0
0
0
0
0
0
0
0
0
0
0
0
0
0
0
0.000609756
0
0
0
0
0
0
0.000609756
0
0
0
0
0
0
0
0
0
0
0
0
0
0
0
0
0
0
0
0
0
0
0
0
0
0
0
0.000609756
0
0
0
0
0
0
0
0
0
0
0
0.000609756
0
0
0.00426829
0
0
0
0
0
0
0
0.000609756
0
0
0.000609756
0
0
0.00121951
0.000609756
0.000609756
0.000609756
0
0
0.00121951
0.00121951
0
0.000609756
0
0
0
0
0.000609756
0
0.00121951
0
0.00121951
0.000609756
0.00243902
0.00182927
0.000609756
0.00182927
0.00243902
0.00182927
0.00243902
0.00304878
0.110366