0
0.0605159
0.0505952
0.0233135
0.0116567
0.00868056
0.00992064
0.00644841
0.00843254
0.0094246
0.00868056
0.00644841
0.00595238
0.00570437
0.00520833
0.00421627
0.0062004
0.00372024
0.00768849
0.00595238
0.00347222
0.00644841
0.00421627
0.00446429
0.00347222
0.00446429
0.00570437
0.00644841
0.00496032
0.00644841
0.00421627
0.00322421
0.00322421
0.0047123
0.00372024
0.00347222
0.00496032
0.00173611
0.00297619
0.00347222
0.00223214
0.00223214
0.000744048
0.0272817
0.00248016
0.000496032
0.000992064
0.00124008
0.00297619
0.00124008
0.00198413
0.000992064
0.000992064
0.000992064
0.000248016
0.00124008
0.000496032
0.000992064
0.000248016
0.000744048
0.00124008
0.000248016
0.000496032
0
0.00124008
0.000248016
0.000744048
0.000744048
0.000496032
0.000496032
0.000744048
0.000248016
0.000496032
0
0
0.000496032
0
0.000992064
0.000248016
0.000496032
0
0
0
0
0
0.000744048
0
0.000248016
0
0.000248016
0.000248016
0.000496032
0.000248016
0.000248016
0.000496032
0
0.000248016
0
0
0.000744048
0.000248016
0
0.000248016
0.000248016
0.000744048
0
0.000992064
0
0.000992064
0.000496032
0.000744048
0.000496032
0.000744048
0.000744048
0.000496032
0.000496032
0.000248016
0
0.000248016
0.000992064
0.000744048
0.000496032
0.000496032
0.000248016
0.000248016
0
0.000248016
0.000248016
0.015625
0
0.000744048
0.0014881
0.00223214
0.000744048
0.000992064
0.00198413
0.000992064
0.000744048
0.0014881
0.00124008
0.00322421
0.00198413
0.00124008
0.00396825
0.00396825
0.0101687
0.0198413
0.016121
0.0203373
0.0290179
0.0250496
0.0171131
0.0190972
0.0128968
0.00868056
0.00520833
0.00570437
0.00248016
0.00322421
0.00248016
0.000744048
0.00173611
0.00198413
0.00223214
0.000992064
0.00198413
0.00347222
0.000992064
0.0014881
0.000744048
0.0141369
0.000496032
0.00124008
0.000992064
0.00347222
0.00198413
0.000744048
0.00173611
0.00124008
0.00272817
0.00198413
0.00223214
0.000992064
0.00248016
0.00223214
0.00248016
0.000744048
0.00173611
0.000992064
0.00173611
0.00198413
0.00347222
0.000496032
0.00124008
0.000992064
0.000992064
0.000744048
0.000248016
0.00198413
0
0.00173611
0.0014881
0.00223214
0.000248016
0.00124008
0.00124008
0.00223214
0.000496032
0.000992064
0.000248016
0.000744048
0
0
0.00446429
0
0.0014881
0.000496032
0.000744048
0.000248016
0.000744048
0.0014881
0.000496032
0.000496032
0.00124008
0.000744048
0.000992064
0.000992064
0.00272817
0.000992064
0.000496032
0.00248016
0.00124008
0.0014881
0.000496032
0.00223214
0.00272817
0.000744048
0.00223214
0.00272817
0.00124008
0.00173611
0.00297619
0.0014881
0.00248016
0.00396825
0.00198413
0.00173611
0.00496032
0.00223214
0.00347222
0.00173611
0.00297619
0.0047123
0.00421627
0.00595238
0.178075