0
0.0273418
0.0214346
0.0163713
0.00827004
0.00320675
0.00236287
0.000675105
0.00118143
0.00101266
0.000337553
0.000843882
0.000168776
0.000168776
0.000843882
0.000168776
0.000337553
0.000506329
0.000168776
0.000506329
0.000506329
0.00101266
0.000168776
0
0.000506329
0.000168776
0
0.000168776
0.00101266
0.000506329
0.000506329
0.000168776
0.000337553
0.000168776
0.000337553
0
0.000337553
0.000168776
0.000675105
0.000337553
0.000168776
0
0
0.00658228
0.00101266
0.000675105
0
0.000506329
0.00101266
0.000506329
0.000675105
0.00118143
0.00151899
0.00219409
0.00135021
0.000506329
0.000675105
0.00219409
0.000843882
0.000506329
0.00118143
0.00135021
0.00118143
0.00101266
0.00590717
0.00101266
0.000675105
0.00118143
0.00101266
0.000675105
0.000506329
0.00320675
0.000675105
0.000843882
0.00236287
0.000506329
0.000337553
0.00185654
0.000168776
0.00118143
0.00118143
0.00118143
0.000506329
0.000506329
0
0.012827
0
0.000506329
0.000337553
0.000675105
0.000337553
0.000843882
0.000843882
0.000168776
0.00202532
0.000337553
0.00455696
0.000843882
0.000168776
0.00658228
0
0.00168776
0.00337553
0.00101266
0.00101266
0.000506329
0.0104641
0
0.00118143
0.00135021
0.000337553
0.00236287
0.00135021
0.00624473
0.00101266
0.00236287
0.000675105
0.0064135
0.00118143
0.00236287
0.00236287
0.00118143
0.00118143
0.00118143
0.000675105
0.000506329
0.00101266
0
0.0432068
0.000506329
0.00202532
0.00253165
0.0028692
0.00118143
0.00253165
0.00506329
0.00523207
0.00253165
0.00590717
0.00523207
0.00388186
0.0028692
0.00978903
0.00793249
0.00337553
0.00725738
0.00708861
0.0057384
0.0064135
0.0129958
0.00911392
0.0187342
0.0349367
0.0484388
0.0435443
0.0275105
0.0219409
0.0114768
0.0129958
0.011308
0.00810127
0.00675105
0.0104641
0.00540084
0.00725738
0.00556962
0.00556962
0.00270042
0.00303797
0.000843882
0.0146835
0.000168776
0.00219409
0.00303797
0.00270042
0.00371308
0.00219409
0.00337553
0.00219409
0.0035443
0.00101266
0.00270042
0.00151899
0.00185654
0.00388186
0.00219409
0.00118143
0.00101266
0.00151899
0.000843882
0.00168776
0.00320675
0.000675105
0.00118143
0.00185654
0.000843882
0.00270042
0.000843882
0.0028692
0.00101266
0.00135021
0.00151899
0.00202532
0.00118143
0.000675105
0.00151899
0.00168776
0.000675105
0.000675105
0.00168776
0.00101266
0.000843882
0
0.00590717
0.000337553
0.000506329
0.00202532
0.00101266
0.000843882
0.000675105
0.00151899
0.00168776
0.00185654
0.00168776
0.00185654
0.00151899
0.000675105
0.0028692
0.00219409
0.000843882
0.00236287
0.00151899
0.00151899
0.00202532
0.00472574
0.00202532
0.0035443
0.00219409
0.00253165
0.00185654
0.00472574
0.00455696
0.00303797
0.00185654
0.00337553
0.0035443
0.00421941
0.00489451
0.00540084
0.0057384
0.00658228
0.00725738
0.00995781
0.0162025
0.0351055
0.0727426