0
0.0430288
0.0245192
0.0110577
0.0100962
0.0100962
0.00841346
0.0103365
0.00625
0.0134615
0.00673077
0.00721154
0.00817308
0.00552885
0.00793269
0.00408654
0.00216346
0.00793269
0.00576923
0.00336538
0.00408654
0.0120192
0.000721154
0.00216346
0.00336538
0.00120192
0.00384615
0.00192308
0.00721154
0.000961538
0.00192308
0.000480769
0.00576923
0.00240385
0.00336538
0.000480769
0.000721154
0.000961538
0.000240385
0.000480769
0.000240385
0.000480769
0
0.0283654
0.000240385
0.000240385
0
0.000721154
0
0.000961538
0.000961538
0.000961538
0.000240385
0.00192308
0
0.000240385
0
0.00480769
0.000721154
0
0.00192308
0.000961538
0.000240385
0
0.00841346
0
0
0
0.00120192
0
0
0.00408654
0
0
0.00120192
0
0
0.000240385
0.000240385
0
0.000961538
0
0
0
0
0.0177885
0
0
0
0
0.000240385
0
0.000240385
0
0.000240385
0
0.00144231
0
0
0.00408654
0
0.000240385
0.000961538
0
0.000721154
0
0.00817308
0
0.000240385
0.000480769
0
0.000480769
0
0.00240385
0
0.000480769
0
0.00240385
0.000480769
0.00168269
0.00144231
0.000961538
0.000721154
0.000480769
0.000480769
0.000240385
0.000480769
0
0.025
0.000721154
0.00120192
0.00144231
0.00120192
0.00168269
0.00192308
0.00264423
0.00144231
0.00168269
0.00456731
0.00120192
0.00360577
0.00192308
0.0105769
0.00528846
0.00264423
0.00721154
0.00745192
0.00865385
0.00697115
0.01875
0.0149038
0.01875
0.0158654
0.0137019
0.0134615
0.0146635
0.0158654
0.0110577
0.0112981
0.00889423
0.003125
0.00625
0.00649038
0.00504808
0.00360577
0.00456731
0.00408654
0.00240385
0.000721154
0.000240385
0.0242788
0
0.000480769
0.00120192
0.00192308
0.000721154
0.00192308
0.00192308
0.00168269
0.00144231
0.000240385
0.00360577
0.00168269
0.00240385
0.003125
0.00144231
0.00120192
0.000721154
0.00144231
0.000961538
0.00168269
0.00576923
0.000480769
0.00240385
0.00192308
0.00168269
0.00120192
0.00168269
0.00192308
0.000721154
0.00144231
0.000240385
0.00264423
0.000721154
0.00120192
0.00120192
0.000721154
0
0.000240385
0.000240385
0.000480769
0.000240385
0
0.00841346
0
0.000721154
0.000480769
0.000961538
0.000480769
0.00144231
0.00144231
0.00192308
0.00144231
0.00120192
0.000961538
0.00120192
0.00192308
0.00360577
0.00216346
0.000961538
0.00336538
0.00240385
0.00240385
0.00120192
0.009375
0.00264423
0.00216346
0.003125
0.00360577
0.00168269
0.00168269
0.00576923
0.00240385
0.00264423
0.00408654
0.00216346
0.00528846
0.00769231
0.00697115
0.00408654
0.00625
0.00576923
0.00625
0.0127404
0.0180288
0.114183