0
0.0016
0.0064
0.0128
0.0112
0.0112
0.0112
0.0096
0.0048
0.0096
0.0048
0.0064
0.0064
0.0064
0.0096
0.0032
0.0048
0.0032
0.0048
0.0032
0.0048
0.0112
0
0
0.0064
0.0048
0.0032
0.0032
0.0048
0.0016
0.0032
0
0.0016
0.0016
0.0016
0.0032
0
0.0016
0
0
0
0
0
0.0336
0
0
0
0.0016
0
0
0.0016
0
0
0.0016
0
0.0016
0
0.0048
0.0048
0
0
0
0
0
0.0064
0
0
0.0016
0.0016
0
0
0.0032
0
0
0.0016
0
0
0
0
0
0
0
0
0
0
0.0048
0
0
0
0
0
0
0
0
0
0
0
0
0
0
0
0
0
0
0
0
0.0032
0
0
0
0
0
0
0
0
0
0
0
0
0
0
0
0
0
0
0
0
0
0.0128
0
0.0016
0.0032
0.0016
0.0016
0.0016
0
0.0048
0.0016
0
0
0
0
0.0032
0.0016
0
0.0032
0
0.0016
0.0016
0.0128
0
0.0016
0.0016
0.0064
0
0.0032
0.0096
0.0016
0.0032
0.0048
0
0
0.0096
0.0112
0.0064
0.0016
0
0.0016
0
0
0.0528
0
0
0.0016
0.0048
0.0064
0.0016
0.0064
0
0.0064
0.0032
0.0064
0.008
0.0048
0.0112
0.0048
0.0032
0.0064
0.0032
0.0032
0.0032
0.0128
0
0.0016
0.008
0.0016
0.0032
0.0048
0.0048
0.0016
0.0048
0.0032
0.0064
0
0.0064
0.0032
0
0.0032
0.0032
0.0032
0.0016
0
0
0.0272
0
0
0.0016
0.0032
0
0.0064
0.008
0
0.0016
0.0048
0.0032
0.0048
0.0032
0.0112
0.0016
0.0016
0.0048
0.0096
0.008
0.0016
0.0176
0.0032
0.0048
0.0064
0.0128
0.0048
0.0032
0.016
0.0096
0.0128
0.0128
0.0144
0.0096
0.0144
0.024
0.0144
0.016
0.0176
0.0096
0.0176
0
0.0736