0.000750751
0.00375375
0.0045045
0.021021
0.0465465
0.0405405
0.0465465
0.0315315
0.0262763
0.0382883
0.0262763
0.0172673
0.018018
0.015015
0.0157658
0.0135135
0.0112613
0.00975976
0.00975976
0.0112613
0.0112613
0.00825826
0.000750751
0.0105105
0.00675676
0.00750751
0.00825826
0.00975976
0.0105105
0.00675676
0.00900901
0.00825826
0.00525526
0.012012
0.00750751
0.00900901
0.00525526
0.00675676
0.00750751
0.00525526
0.0105105
0.00975976
0.003003
0.201201
0.000750751
0.000750751
0.000750751
0
0
0.00225225
0.000750751
0.000750751
0
0
0
0.000750751
0
0.000750751
0
0
0.000750751
0
0
0
0
0
0
0.000750751
0
0
0
0
0
0
0.000750751
0
0
0
0
0
0
0
0
0
0
0.000750751
0
0
0
0.000750751
0
0
0
0
0.000750751
0.000750751
0
0
0
0
0
0
0
0
0
0
0
0
0
0
0.000750751
0
0.000750751
0
0.000750751
0
0
0
0
0.000750751
0.000750751
0
0
0.000750751
0
0
0
0
0.003003
0
0
0
0
0.000750751
0
0
0
0
0
0
0
0
0
0
0
0
0
0
0
0.000750751
0
0
0
0
0
0
0.000750751
0
0
0
0
0
0
0
0
0
0
0
0
0
0.000750751
0
0
0
0
0
0
0
0
0
0
0
0
0
0.000750751
0
0
0
0
0
0
0.000750751
0
0
0
0
0
0
0.000750751
0
0
0
0
0
0
0
0
0.0015015
0
0.000750751
0
0
0
0.00525526
0
0
0.000750751
0.000750751
0
0
0.000750751
0.000750751
0
0
0.000750751
0.000750751
0.000750751
0.000750751
0
0
0
0
0.000750751
0
0
0.000750751
0
0.000750751
0.000750751
0
0
0.000750751
0
0
0.003003
0.000750751
0.000750751
0.000750751
0.00225225
0
0.000750751
0.003003
0.0015015
0.00225225
0.0045045
0.149399