0
0.0666667
0.0245791
0.0259259
0.0164983
0.0161616
0.0124579
0.0107744
0.0107744
0.0144781
0.00538721
0.0104377
0.00808081
0.00774411
0.00841751
0.00740741
0.00572391
0.00774411
0.0121212
0.00909091
0.00673401
0.013468
0.0043771
0.0131313
0.0107744
0.0047138
0.0121212
0.0114478
0.0121212
0.00505051
0.00808081
0.0107744
0.0107744
0.0107744
0.00740741
0.0047138
0.00707071
0.00606061
0.003367
0.00572391
0.00505051
0.0016835
0.0003367
0.0181818
0.0047138
0.0023569
0.0030303
0.0020202
0.0013468
0.0040404
0.0023569
0.000673401
0.0013468
0.0016835
0.000673401
0.0010101
0.0003367
0.0023569
0.0013468
0
0.0003367
0.0003367
0.000673401
0.000673401
0.0013468
0.000673401
0.0003367
0
0.000673401
0.000673401
0
0.0003367
0
0
0
0
0
0.000673401
0
0
0
0
0
0
0
0
0
0
0
0
0
0.0003367
0
0
0
0
0
0
0
0.000673401
0
0
0.0003367
0.000673401
0.0010101
0.0003367
0
0
0
0
0
0
0
0.0003367
0
0
0
0
0
0
0
0
0
0
0
0.0003367
0
0
0.0037037
0
0
0
0.0003367
0.000673401
0.000673401
0
0.0013468
0
0.000673401
0
0.000673401
0.0003367
0.0016835
0.000673401
0.0010101
0.0013468
0.0003367
0.000673401
0.0003367
0.0010101
0.000673401
0
0.000673401
0.0010101
0.0010101
0.000673401
0.0037037
0.000673401
0.0013468
0.0010101
0
0
0.0023569
0.000673401
0.000673401
0.000673401
0
0.0003367
0
0
0.0289562
0
0
0
0.0010101
0.000673401
0.0020202
0.0016835
0.0003367
0.0043771
0.0003367
0.0138047
0.0026936
0
0.0124579
0
0.0013468
0.00841751
0.000673401
0.0013468
0
0.026936
0.0003367
0.000673401
0.0026936
0.0003367
0.0040404
0.0010101
0.0124579
0
0.0020202
0.0003367
0.0114478
0.0010101
0.00808081
0.0023569
0.0013468
0.0003367
0.0020202
0.0010101
0.000673401
0
0
0.0323232
0
0.0010101
0.0010101
0.003367
0.0010101
0.0023569
0.003367
0.0037037
0.0003367
0.00538721
0.0013468
0.0026936
0.0003367
0.00808081
0.0030303
0.000673401
0.00538721
0.0026936
0.0020202
0.000673401
0.0131313
0.0030303
0.0020202
0.0020202
0.0047138
0.0013468
0.0030303
0.00639731
0.0037037
0.00707071
0.00875421
0.0026936
0.00707071
0.00740741
0.00976431
0.00673401
0.0043771
0.00909091
0.00942761
0.00942761
0.00841751
0.0848485