0.00223285
0.00733652
0.0172249
0.0408293
0.128868
0.0644338
0.0395534
0.0229665
0.0216906
0.0210526
0.01563
0.0165869
0.0143541
0.0127592
0.0143541
0.00956938
0.014992
0.0105263
0.0137161
0.0114833
0.0143541
0.0242424
0.0200957
0.0204147
0.0226475
0.00797448
0.014673
0.00893142
0.00829346
0.00606061
0.00287081
0.00446571
0.00318979
0.00414673
0.00255183
0.00255183
0.00350877
0.00255183
0.000956938
0.00287081
0.00127592
0.00255183
0
0.076874
0
0.000318979
0
0
0
0
0.000318979
0.000318979
0
0.000637959
0
0
0
0.0015949
0
0
0.000318979
0
0
0
0.000637959
0
0.000318979
0.000318979
0.000318979
0.000318979
0.000318979
0.000956938
0
0
0.000637959
0
0
0.000318979
0.000318979
0.000318979
0
0.000318979
0
0
0
0.00127592
0
0
0
0
0
0.000318979
0.000318979
0.000318979
0
0
0
0.000318979
0.000318979
0.000637959
0.000318979
0
0
0.000318979
0.000318979
0.000318979
0.000318979
0.000318979
0.000318979
0.000318979
0.000956938
0.000637959
0
0.000956938
0.000318979
0.000637959
0
0
0
0
0.000318979
0
0
0
0.000318979
0
0
0
0.00127592
0.000637959
0.000318979
0.000318979
0.000318979
0
0
0
0.000318979
0
0
0.000318979
0.000318979
0.000318979
0
0.000318979
0
0
0.000318979
0
0
0.000318979
0.000637959
0
0
0
0
0
0.000318979
0.000318979
0.000637959
0.000318979
0.000637959
0
0
0.000318979
0
0
0
0
0
0
0.00127592
0
0
0
0
0
0
0.000318979
0.000318979
0
0
0
0
0
0
0
0
0.000956938
0
0
0
0
0
0
0.000318979
0
0.000318979
0
0
0
0
0
0
0
0
0.000318979
0
0
0
0
0
0
0
0.00223285
0
0
0
0
0
0
0
0
0
0
0
0.000318979
0
0
0
0
0
0
0.000318979
0
0.0015949
0.000318979
0.000637959
0
0.000637959
0.000318979
0.000956938
0.00255183
0.000637959
0.000318979
0.0015949
0.000637959
0.0015949
0.00287081
0.00223285
0.00127592
0.0015949
0.000956938
0.00255183
0.00318979
0.00287081
0.178628