0
0.00127854
0.00255708
0.00310502
0.00365297
0.00237443
0.00146119
0.00127854
0.00200913
0.00255708
0.00127854
0.00164384
0.00146119
0.00200913
0.00200913
0.00182648
0.00292237
0.00200913
0.00273973
0.00109589
0.00164384
0.00292237
0.00182648
0.00109589
0.00310502
0.00127854
0.00401826
0.00146119
0.00273973
0.00182648
0.00310502
0.00219178
0.00292237
0.00328767
0.00401826
0.00401826
0.00328767
0.00200913
0.00438356
0.00401826
0.00310502
0.00401826
0.000730594
0.0144292
0.00273973
0.00255708
0.00292237
0.00255708
0.00273973
0.00255708
0.00310502
0.00310502
0.00237443
0.00237443
0.00456621
0.00273973
0.00164384
0.00310502
0.00328767
0.00200913
0.00310502
0.00273973
0.00127854
0.00109589
0.00438356
0.00164384
0.00164384
0.00200913
0.00109589
0.00146119
0.00109589
0.00237443
0.00146119
0.00146119
0.00182648
0.00109589
0.000913242
0.00200913
0.000547945
0
0.000913242
0.00109589
0.000365297
0.000365297
0
0.00328767
0
0
0.000730594
0.000182648
0.00109589
0.000182648
0.000730594
0.000730594
0.00200913
0.000182648
0.00146119
0.00109589
0.000365297
0.00146119
0.000730594
0.000730594
0.00109589
0.000547945
0.00127854
0.000182648
0.00347032
0
0.000365297
0.00164384
0.000365297
0.00219178
0.000913242
0.00164384
0.000182648
0.000182648
0.000182648
0.00127854
0.00109589
0.00109589
0.00200913
0.000913242
0.000365297
0.000913242
0.000913242
0
0.000365297
0
0.00840183
0
0.000365297
0.000547945
0.000365297
0.000730594
0.00109589
0.00127854
0.000730594
0.000730594
0.00146119
0.00164384
0.00127854
0.000547945
0.00164384
0.000730594
0.000547945
0.00237443
0.00127854
0.000182648
0.000547945
0.00474886
0.00200913
0.00310502
0.00493151
0.00675799
0.0120548
0.0283105
0.0348858
0.0469406
0.0381735
0.0341552
0.013516
0.013516
0.0111416
0.00803653
0.00894977
0.0060274
0.00474886
0.00273973
0.00401826
0.00109589
0.019726
0.000913242
0.00328767
0.00511416
0.00328767
0.00401826
0.00328767
0.00237443
0.00255708
0.00365297
0.00237443
0.00328767
0.00273973
0.00255708
0.00347032
0.00109589
0.00237443
0.00310502
0.00219178
0.00200913
0.00219178
0.00383562
0.000913242
0.00273973
0.00255708
0.00127854
0.00273973
0.00146119
0.00237443
0.00127854
0.00200913
0.00127854
0.00219178
0.00200913
0.00182648
0.00237443
0.00164384
0.00146119
0.00182648
0.00219178
0.00146119
0.000547945
0
0.00621005
0.000182648
0.00109589
0.000547945
0.00127854
0.00146119
0.00273973
0.00328767
0.00164384
0.00292237
0.00237443
0.00200913
0.00237443
0.00255708
0.00328767
0.00365297
0.00200913
0.00365297
0.00310502
0.00347032
0.00273973
0.0060274
0.00547945
0.00456621
0.00621005
0.0056621
0.00584475
0.00767123
0.00767123
0.00858448
0.00767123
0.0100457
0.0131507
0.0182648
0.0303196
0.0385388
0.0383562
0.0275799
0.00986301
0.00785388
0.00474886
0.00401826
0.0120548