0
0.0512821
0.0555556
0.0555556
0.0413105
0.0327635
0.0512821
0.037037
0.0185185
0.0612536
0.017094
0.0327635
0.034188
0.045584
0.022792
0.00712251
0.011396
0.014245
0.0128205
0.0042735
0.0042735
0.025641
0.0014245
0.0014245
0.00569801
0
0.00997151
0.002849
0.00569801
0
0.00569801
0.0014245
0.00854701
0
0.0014245
0.0014245
0.00569801
0.0014245
0
0
0
0
0
0.011396
0
0
0
0
0
0
0.0014245
0
0
0.0014245
0
0
0
0.0014245
0
0
0
0.002849
0
0
0
0
0
0
0
0
0
0
0
0
0
0
0
0
0
0
0
0
0
0
0
0.0014245
0
0
0
0
0
0
0
0
0
0
0
0
0
0
0
0
0
0
0
0
0
0
0
0
0
0
0
0.0014245
0
0
0
0
0
0
0
0
0
0
0
0
0
0
0
0
0
0
0
0
0
0
0
0
0.0014245
0
0
0
0
0
0
0
0
0
0
0.0014245
0
0
0
0
0
0
0
0
0
0
0
0
0
0
0
0
0
0
0
0
0
0
0
0
0
0
0
0
0
0
0
0
0
0
0.0014245
0
0
0
0
0
0
0
0
0
0
0
0
0
0
0
0
0
0
0
0
0
0
0
0
0
0
0
0
0.00854701
0
0
0
0
0
0
0
0
0
0.00997151
0
0.0014245
0
0.0042735
0
0
0.0014245
0
0
0
0.014245
0
0
0
0.00569801
0
0
0
0
0.0014245
0.017094
0.0014245
0
0.00569801
0.0042735
0.0014245
0.0042735
0.0042735
0.00854701
0.014245
0.0185185
0.15812