0.00174216
0.00855242
0.0974026
0.0923345
0.018847
0.0139373
0.00950269
0.0106113
0.00712702
0.00554324
0.00712702
0.00443459
0.00253405
0.00490972
0.00427621
0.00174216
0.00316756
0.00158378
0.00158378
0.00190054
0.00221729
0.00205892
0.000950269
0.00205892
0.00126703
0.00205892
0.00190054
0.00205892
0.00190054
0.00174216
0.0014254
0.000950269
0.0014254
0.00158378
0.00126703
0.00174216
0.000633513
0.00158378
0.000475135
0.00126703
0.000316756
0.000316756
0
0.0395946
0
0.000158378
0
0.000158378
0.000158378
0.000158378
0.000316756
0.000158378
0
0
0.000158378
0.000158378
0.000158378
0.000158378
0
0
0
0.000158378
0
0
0
0
0
0
0
0
0.000158378
0
0
0
0
0.000316756
0.000158378
0.000158378
0
0
0
0
0.000158378
0
0
0
0
0
0
0.000158378
0.000316756
0
0.000475135
0
0
0
0
0
0.000158378
0
0.000316756
0
0
0
0.000158378
0.000158378
0.000316756
0
0.000158378
0
0
0
0.000158378
0.000316756
0.000475135
0.000158378
0
0.000316756
0
0
0.000158378
0.000158378
0.000158378
0
0
0
0.000158378
0
0.00649351
0.000158378
0.000950269
0.000158378
0.000316756
0.000633513
0.000158378
0.000158378
0.000475135
0.000633513
0.000158378
0.000316756
0.000158378
0.000475135
0
0
0
0.000158378
0.000316756
0.000158378
0
0
0
0.000158378
0.000158378
0
0
0.000158378
0.000475135
0
0.000158378
0
0
0
0.000158378
0
0.000158378
0
0.000158378
0.000158378
0.000158378
0.000158378
0.00300919
0.000316756
0.000316756
0.000158378
0.000158378
0.000316756
0.000475135
0.000316756
0
0.000633513
0
0.000633513
0
0
0
0
0
0.000316756
0.000316756
0.000633513
0
0.000791891
0
0.000475135
0
0.000158378
0.000158378
0.000475135
0
0
0.000158378
0.000158378
0.000475135
0
0
0.000158378
0.000158378
0.000158378
0.000791891
0.000316756
0
0.000158378
0
0.00934431
0.000158378
0.000158378
0.000158378
0.000158378
0.000316756
0.000316756
0.000158378
0.000475135
0.000475135
0.000158378
0.000158378
0.000158378
0.000158378
0
0.000475135
0.000633513
0.000158378
0.000158378
0.000475135
0.000475135
0.000950269
0.000316756
0.000791891
0.000475135
0.000316756
0.000791891
0.000475135
0.000475135
0.000316756
0.000791891
0.00126703
0.0014254
0.000791891
0.0014254
0.00190054
0.00205892
0.00316756
0.00316756
0.00300919
0.00332594
0.00522648
0.549889