0
0.0634921
0.0357143
0.0449735
0.0529101
0.0357143
0.0343915
0.042328
0.031746
0.0357143
0.0185185
0.031746
0.037037
0.0291005
0.0304233
0.037037
0.0238095
0.0185185
0.0171958
0.0119048
0.00925926
0.010582
0
0.00396825
0.00529101
0
0.00661376
0.00529101
0.00661376
0.0026455
0.00396825
0.00132275
0.0026455
0.00132275
0.0026455
0.00529101
0.00529101
0
0.00132275
0
0
0
0
0.00396825
0
0
0
0
0
0
0.00132275
0
0
0
0
0
0
0
0
0
0.00132275
0
0
0
0
0
0
0
0
0
0
0.00132275
0
0
0
0
0
0
0
0
0
0
0
0
0
0.00132275
0
0
0
0
0
0
0
0
0
0
0
0
0
0
0
0
0
0
0
0
0
0
0
0
0
0
0
0
0
0
0
0
0
0
0
0
0
0
0
0
0
0
0
0
0
0
0
0
0
0
0
0
0
0
0
0
0
0
0
0
0
0
0
0
0
0
0
0
0
0
0
0
0
0
0
0
0
0
0
0
0
0
0
0
0.00132275
0
0
0
0
0
0
0
0
0
0
0
0
0
0
0
0
0
0
0
0
0.0026455
0
0
0
0
0
0
0
0
0
0
0
0
0
0
0
0
0
0
0
0
0
0.010582
0
0
0
0
0
0
0
0.00132275
0
0.00396825
0
0
0
0.00396825
0
0
0.00661376
0
0
0
0.0132275
0
0
0.00132275
0.00529101
0.00132275
0.00132275
0.0145503
0
0.0026455
0.0145503
0.00529101
0
0.00925926
0.00396825
0.00529101
0.00396825
0.00793651
0.0026455
0.0132275
0.010582
0.137566