0.00831025
0.0408587
0.0422438
0.0249307
0.0166205
0.0145429
0.017313
0.00900277
0.00623269
0.00554017
0.00484765
0.00484765
0.00277008
0.00277008
0.00207756
0.00415512
0.00277008
0.0034626
0.00207756
0.00277008
0.00138504
0.00554017
0.00277008
0.00415512
0.00277008
0.00484765
0.00415512
0.00484765
0.00484765
0.00277008
0.0034626
0.00692521
0.00692521
0.00415512
0.00554017
0.00415512
0.0034626
0.00623269
0.00623269
0.000692521
0.00415512
0.00415512
0.0034626
0.0325485
0.000692521
0.00138504
0.00138504
0.00138504
0.00138504
0.00277008
0.00207756
0.000692521
0
0.00277008
0.000692521
0
0.00138504
0.000692521
0.00138504
0.000692521
0.00207756
0
0
0
0
0
0
0.000692521
0
0
0.000692521
0
0
0
0
0
0
0
0
0
0
0
0
0
0
0.00207756
0
0
0.000692521
0
0.000692521
0.000692521
0.000692521
0
0
0
0
0
0
0
0
0
0
0
0
0
0
0
0
0
0
0
0
0
0
0
0
0
0.000692521
0
0
0
0
0
0.000692521
0
0
0
0.00623269
0
0.000692521
0.000692521
0
0
0.000692521
0.000692521
0
0.000692521
0.000692521
0
0
0
0
0
0.000692521
0.000692521
0.000692521
0.000692521
0
0.000692521
0.000692521
0.000692521
0.000692521
0
0.00207756
0.000692521
0.00138504
0.000692521
0.000692521
0.00138504
0.00138504
0
0.000692521
0.000692521
0
0.00207756
0
0
0
0
0.00277008
0.000692521
0.00207756
0.00207756
0.00207756
0.00277008
0.00138504
0.00138504
0.000692521
0.00207756
0.00138504
0
0.00207756
0.00207756
0.00138504
0.00207756
0.000692521
0.00207756
0.000692521
0.00207756
0.000692521
0.00277008
0
0.000692521
0.00138504
0
0
0.00277008
0
0.000692521
0.00207756
0.00138504
0.00138504
0
0.00207756
0
0.00138504
0
0.00277008
0.00138504
0
0
0
0.0277008
0
0.000692521
0.00138504
0.00277008
0.00138504
0.00415512
0.00277008
0.00277008
0.00277008
0.00277008
0.000692521
0.00415512
0.000692521
0.00138504
0.00138504
0.00138504
0.00277008
0.00415512
0.00138504
0.00138504
0.00900277
0.00138504
0.00138504
0.00415512
0.0034626
0.00207756
0.00207756
0.00623269
0.00415512
0.0034626
0.00623269
0.00554017
0.00692521
0.00831025
0.00831025
0.00623269
0.00692521
0.00831025
0.00900277
0.0124654
0.0145429
0.342105