0.0025825
0.010043
0.121377
0.0809182
0.0162123
0.0123386
0.00832138
0.00746055
0.00688666
0.00645624
0.00473458
0.0045911
0.00416069
0.00588235
0.00631277
0.00430416
0.00573888
0.00860832
0.0107604
0.0143472
0.0136298
0.00530846
0.00502152
0.00186514
0.00186514
0.00272597
0.00243902
0.00186514
0.0010043
0.00172166
0.00143472
0.00243902
0.0010043
0.00157819
0.00172166
0.00114778
0.000860832
0.00143472
0.00186514
0.00229555
0.00200861
0.00243902
0.00071736
0.0588235
0.000286944
0.000286944
0.000143472
0.000143472
0.000286944
0.000143472
0.000143472
0
0.000286944
0
0.000143472
0.000143472
0.000143472
0
0.000286944
0.000286944
0.000143472
0.000143472
0
0
0.000286944
0
0.000286944
0.000143472
0.000286944
0
0
0
0.000143472
0
0.000143472
0
0
0
0.000143472
0
0.000143472
0
0.000143472
0
0
0.000286944
0.000143472
0
0
0
0
0
0
0
0.000143472
0
0.000286944
0
0.000286944
0
0
0
0.000286944
0
0.000286944
0.000143472
0
0
0
0.000286944
0.000143472
0.000143472
0.000143472
0
0
0.000143472
0.000143472
0.000286944
0
0
0.000286944
0.000143472
0.000143472
0
0.000143472
0.000143472
0
0
0.00530846
0.000430416
0.00071736
0.00071736
0.000860832
0.000286944
0.000286944
0.000143472
0.000286944
0.000143472
0.000286944
0.000430416
0.000430416
0.000430416
0.000143472
0.000143472
0
0.000430416
0.000143472
0
0
0.000430416
0
0
0
0
0.000143472
0
0.000286944
0
0.000143472
0.000286944
0
0.000286944
0
0.000573888
0.000143472
0.000286944
0.000143472
0
0.000143472
0
0.00114778
0
0
0
0
0.000430416
0.000430416
0.000286944
0
0.000573888
0
0.000860832
0.000143472
0
0.000860832
0
0
0.00071736
0.000430416
0
0
0.00114778
0
0
0.000143472
0
0.000286944
0.000143472
0.000286944
0
0.000143472
0.000286944
0.000573888
0
0.000286944
0
0.000143472
0
0
0
0.000286944
0.000143472
0
0.00789096
0.000143472
0.000286944
0
0
0.000143472
0
0.000286944
0.00071736
0
0.000573888
0.000430416
0.000430416
0.000286944
0.000430416
0.000573888
0.000143472
0.000860832
0
0.000286944
0.000143472
0.00129125
0.000286944
0.000143472
0.000860832
0.000430416
0.000286944
0.00129125
0.000573888
0.0010043
0.000286944
0.00129125
0.00114778
0.0010043
0.00157819
0.00157819
0.00143472
0.00243902
0.0035868
0.00301291
0.00473458
0.00674319
0.45911