0.00168067
0.00756303
0.00588235
0.0134454
0.0243697
0.0277311
0.0420168
0.0260504
0.0184874
0.0243697
0.0193277
0.0201681
0.0092437
0.00840336
0.00504202
0.0092437
0.00840336
0.00420168
0.00504202
0.00420168
0.00420168
0.00588235
0.00168067
0.00168067
0.00252101
0.00168067
0.00252101
0.00336134
0.00168067
0.000840336
0
0.00168067
0.00252101
0
0.000840336
0
0
0.000840336
0.000840336
0.000840336
0
0
0
0.0588235
0
0
0
0
0
0
0
0
0
0
0
0
0
0
0
0
0
0.000840336
0
0
0
0
0
0
0
0
0
0
0
0
0
0
0
0
0
0
0
0
0
0
0
0
0
0
0
0
0
0
0
0
0
0
0
0
0
0
0
0
0
0
0
0
0
0
0
0.000840336
0
0
0
0
0
0
0
0
0
0
0
0
0.000840336
0
0
0
0
0
0.000840336
0
0
0
0
0
0
0
0
0
0
0
0
0
0.000840336
0
0
0
0.000840336
0.000840336
0
0.000840336
0
0.00168067
0.000840336
0.000840336
0.00168067
0.00252101
0.00336134
0.00252101
0.000840336
0.00168067
0.000840336
0
0.000840336
0.000840336
0.000840336
0.000840336
0
0
0
0
0.00168067
0
0.00168067
0.00168067
0.00168067
0.00168067
0.000840336
0.000840336
0
0.00336134
0
0.000840336
0.000840336
0
0.000840336
0
0
0
0.00168067
0
0
0.000840336
0.000840336
0
0.000840336
0
0.000840336
0
0.00168067
0
0
0
0.000840336
0
0
0
0.000840336
0.000840336
0
0.00168067
0.000840336
0.000840336
0.000840336
0.0159664
0.000840336
0
0.000840336
0
0
0
0.00168067
0
0
0
0.00168067
0.00252101
0
0.000840336
0.00168067
0.000840336
0.000840336
0.000840336
0.000840336
0.000840336
0.000840336
0
0.000840336
0.00168067
0.000840336
0.000840336
0.000840336
0
0.00252101
0
0.00420168
0.00252101
0.000840336
0.00168067
0.00420168
0.00336134
0.00504202
0.00588235
0.00504202
0.00420168
0.00420168
0.486555