0
0.0542328
0.0502645
0.0502645
0.0489418
0.0330688
0.0462963
0.026455
0.0251323
0.0396825
0.0330688
0.0343915
0.0396825
0.0383598
0.042328
0.00661376
0.00793651
0.0145503
0.0132275
0.00529101
0.0026455
0.0171958
0
0.00132275
0.00396825
0
0.0026455
0.00132275
0.0026455
0
0.00529101
0.00132275
0.00396825
0.00396825
0.00396825
0.00529101
0.00132275
0
0.00132275
0.00132275
0
0
0
0.0119048
0
0
0
0
0
0
0
0.0026455
0
0
0
0
0
0
0
0
0
0
0
0
0
0
0
0
0.00132275
0
0
0
0
0
0
0
0
0
0
0
0
0
0
0
0
0.00132275
0
0
0
0
0
0
0
0
0
0
0
0
0
0
0
0
0
0
0
0
0.00132275
0
0
0
0
0
0
0
0
0
0
0
0
0
0
0
0
0
0
0
0
0
0.00132275
0
0
0
0
0
0
0
0
0
0
0
0
0
0
0
0
0
0
0
0
0
0
0
0
0
0
0
0
0
0
0
0
0
0
0
0
0
0
0
0
0
0.00132275
0
0
0
0
0
0
0
0
0
0
0
0
0
0
0
0
0
0
0
0
0
0
0
0
0
0
0
0.00396825
0
0
0
0
0
0
0
0
0
0
0
0
0
0
0.00925926
0
0
0
0
0
0
0
0.00132275
0
0.00793651
0
0
0
0.00396825
0
0
0.00396825
0.00396825
0
0
0.00925926
0.00132275
0
0.00132275
0.010582
0.00132275
0.00132275
0.00925926
0.00132275
0
0.00925926
0.00396825
0.00396825
0.0185185
0.00529101
0.0026455
0.00396825
0.0145503
0.0171958
0.0185185
0.015873
0.125661