0.00231526
0.00578815
0.0806483
0.0958904
0.0204515
0.0111904
0.00906811
0.0106116
0.00578815
0.00636697
0.00443758
0.00598109
0.00463052
0.00347289
0.00347289
0.00366583
0.00154351
0.00173645
0.00154351
0.00289408
0.00192938
0.0025082
0.00135057
0.000771754
0.000964692
0.000578815
0.00154351
0.000385877
0.000578815
0.000385877
0.000578815
0.000385877
0.000578815
0.000578815
0.000964692
0.000578815
0.000192938
0.00115763
0.000771754
0.000964692
0.000385877
0
0
0.0329925
0.000385877
0.000192938
0
0.000385877
0
0.000192938
0
0
0.000192938
0
0.000192938
0
0
0
0
0
0.000192938
0
0
0.000385877
0
0.000192938
0
0.000192938
0.000192938
0
0
0
0
0
0
0
0
0
0
0
0
0
0
0
0
0.000192938
0
0
0
0
0
0
0
0
0
0
0
0
0
0
0
0
0
0.000192938
0.000192938
0
0
0
0
0
0
0
0.000192938
0.000192938
0
0
0
0
0.000385877
0.000385877
0.000192938
0.000192938
0.000192938
0
0
0
0
0
0.0117692
0.000964692
0.00135057
0.000964692
0.00154351
0.000385877
0.000385877
0
0.000192938
0.000385877
0.000771754
0.000385877
0.000385877
0.000192938
0.000771754
0.000192938
0.000578815
0
0.000385877
0.000192938
0.000192938
0.000771754
0.000385877
0.000385877
0.000578815
0.000964692
0.00173645
0.00115763
0.000771754
0.000192938
0.000192938
0.000578815
0.000385877
0
0.000192938
0
0.000578815
0
0.000192938
0.000385877
0
0.000385877
0.000964692
0
0
0.000385877
0
0.000192938
0.000192938
0.000578815
0.000192938
0.000192938
0
0.000578815
0.000385877
0.000192938
0.000771754
0
0.000192938
0
0
0.000385877
0.000192938
0.000771754
0.000192938
0
0.000385877
0.000578815
0.000192938
0
0.000385877
0
0.000192938
0.000192938
0
0.000578815
0.000385877
0
0.000385877
0
0.00115763
0.000192938
0
0
0
0.0121551
0
0
0
0.000192938
0.000192938
0.000578815
0.000385877
0.00115763
0.000385877
0.000385877
0.000578815
0.000385877
0.000771754
0.00115763
0.000192938
0
0.000192938
0.000964692
0.000578815
0.00115763
0.000771754
0.000385877
0.00173645
0.000964692
0.000964692
0.00115763
0.000578815
0.00115763
0.00115763
0.00135057
0.000964692
0.00115763
0.00115763
0.00347289
0.0025082
0.00482346
0.00308702
0.00347289
0.00405171
0.00405171
0.00482346
0.554312