0.027291
0.0310256
0.0123528
0.00976731
0.00632002
0.00718184
0.00459638
0.00459638
0.00430911
0.00373456
0.00143637
0.00229819
0.00201092
0.0011491
0.0054582
0.00316001
0.00258546
0.00143637
0.00287274
0.00172364
0.00316001
0.00316001
0.00287274
0.00258546
0.00430911
0.0054582
0.00632002
0.0054582
0.00373456
0.00919276
0.00833094
0.00488365
0.00574548
0.00718184
0.00459638
0.00632002
0.0054582
0.00402183
0.00488365
0.00258546
0.00373456
0.00201092
0.000861821
0.024131
0.00172364
0.00344729
0.00172364
0.00172364
0.00143637
0.0011491
0.000574548
0.000861821
0.000287274
0.00402183
0.000574548
0.0011491
0.0011491
0.000574548
0.000574548
0.00143637
0.000574548
0.000861821
0.000287274
0.000574548
0.000861821
0.000287274
0.000287274
0.000574548
0.000287274
0
0
0.000287274
0.000574548
0.000574548
0.000287274
0.000287274
0
0.000861821
0
0
0
0
0
0
0
0.000287274
0
0
0
0
0
0.000287274
0
0
0
0
0.000287274
0.000287274
0.000287274
0.000287274
0
0
0
0
0.000574548
0.000287274
0
0
0
0
0.000287274
0
0
0
0
0.000287274
0
0.000287274
0.000287274
0.000287274
0.000287274
0
0.000287274
0.000287274
0
0.000574548
0
0
0.01264
0.000574548
0
0
0
0.000287274
0
0.000574548
0.000574548
0
0.000574548
0
0.000574548
0.000287274
0.0011491
0.000287274
0.000861821
0.000574548
0.000574548
0.000287274
0.000574548
0.00143637
0.0011491
0.000861821
0.00143637
0.0011491
0
0.000287274
0.000574548
0.000287274
0.00172364
0.0011491
0.000861821
0.000861821
0.000574548
0.000861821
0.000574548
0.00201092
0.000287274
0.000574548
0.000861821
0.000287274
0.0054582
0.000287274
0.000574548
0.00172364
0.000574548
0.000574548
0.000861821
0.000861821
0
0.000574548
0.000574548
0.00143637
0
0.000287274
0.000861821
0.000574548
0.00172364
0.000287274
0.0011491
0.000287274
0.000861821
0.000861821
0
0.000574548
0.000574548
0.000287274
0.000287274
0.00229819
0.000574548
0.000861821
0.000574548
0.00143637
0.000287274
0.000861821
0.000861821
0.0011491
0.000861821
0.000574548
0.000574548
0.0011491
0.000574548
0.000287274
0
0.0347601
0.000287274
0.00143637
0.000287274
0.00143637
0.0011491
0.00143637
0.0011491
0.000861821
0.00172364
0.0011491
0.00143637
0.0011491
0.000861821
0.00344729
0.00172364
0.000861821
0.00287274
0.0011491
0.000861821
0.000861821
0.00229819
0.0011491
0.0011491
0.00344729
0.00143637
0.00201092
0.000861821
0.00316001
0.00229819
0.00430911
0.00603275
0.0054582
0.0054582
0.00574548
0.0066073
0.00919276
0.0112037
0.01264
0.0140764
0.0180982
0.0499856
0.397587