0.0233808
0.0287557
0.0107498
0.00698737
0.00698737
0.00295619
0.00295619
0.00214996
0.00134372
0.00322494
0.00214996
0.00161247
0.00134372
0.00188121
0.00268745
0.00429992
0.00268745
0.0024187
0.00188121
0.00188121
0.00295619
0.00376243
0.00322494
0.00268745
0.00268745
0.0024187
0.00349368
0.00456866
0.00483741
0.00618113
0.00510615
0.0053749
0.00510615
0.00322494
0.00483741
0.00376243
0.00456866
0.00403117
0.00349368
0.00322494
0.00456866
0.00322494
0
0.0153185
0.00295619
0.00268745
0.00214996
0.00161247
0.00053749
0.00214996
0.000806235
0.00268745
0.00107498
0.000806235
0.000806235
0.00107498
0.000806235
0.00107498
0.00107498
0.00053749
0.00134372
0.000268745
0.00053749
0.00161247
0.000806235
0.00053749
0.00107498
0.00053749
0.00107498
0.000268745
0
0.000268745
0.000268745
0
0.00053749
0
0
0.000806235
0.000268745
0.000268745
0.000806235
0
0
0
0
0.00053749
0
0
0.000268745
0.000268745
0.000268745
0
0
0
0
0
0.000806235
0.00053749
0
0
0
0
0.000268745
0.000268745
0.000268745
0.000268745
0.00053749
0
0.000268745
0.000268745
0
0
0
0.000268745
0
0
0
0
0
0
0
0
0.000268745
0.00053749
0
0
0.000268745
0
0.012631
0
0.00053749
0.00053749
0.000268745
0.00134372
0.000268745
0.000806235
0.000806235
0.000268745
0.000806235
0.00053749
0.00134372
0.00053749
0.00134372
0.00053749
0.000268745
0.00107498
0.000806235
0.000806235
0.00053749
0.000806235
0.000806235
0.00107498
0.000806235
0.00053749
0.000268745
0.000806235
0.000806235
0.00107498
0.00107498
0.00134372
0.00107498
0.000268745
0.00107498
0.00161247
0.00053749
0.00053749
0.00188121
0.00053749
0.00053749
0.000268745
0.00483741
0
0.00053749
0.00161247
0.00214996
0.00161247
0.000806235
0.000806235
0.00134372
0.00161247
0.00107498
0.00188121
0.00107498
0.000268745
0.00107498
0.00161247
0.0024187
0.00134372
0.000806235
0.00053749
0.00134372
0.000806235
0.00134372
0.00053749
0.00107498
0.00053749
0.00134372
0.00053749
0.000268745
0.00107498
0.000806235
0.00134372
0.000806235
0.000806235
0.00107498
0.000806235
0.000806235
0.00134372
0.00161247
0.000806235
0.00053749
0.00161247
0.00053749
0.0319806
0.000268745
0.000806235
0.000268745
0.00188121
0.00134372
0.00107498
0.000806235
0.00134372
0.00188121
0.00134372
0.00134372
0.000806235
0.00107498
0.00134372
0.00268745
0.00107498
0.00134372
0.00214996
0.00268745
0.00107498
0.00161247
0.00376243
0.0024187
0.00188121
0.00214996
0.00403117
0.00295619
0.00429992
0.00349368
0.00752486
0.00510615
0.00564364
0.00510615
0.00859984
0.00913733
0.00806235
0.0112873
0.0177372
0.0166622
0.0212309
0.0671862
0.38323