0.000750751
0.00525526
0.00750751
0.021021
0.0427928
0.0870871
0.0668168
0.0457958
0.0285285
0.0277778
0.0255255
0.0247748
0.0232733
0.0202703
0.0195195
0.0165165
0.0142643
0.00900901
0.0142643
0.00900901
0.00675676
0.0172673
0.00600601
0.0045045
0.0112613
0.00375375
0.00525526
0.003003
0.00825826
0.00600601
0.00825826
0.00375375
0
0.00600601
0.000750751
0.00225225
0.0015015
0.0015015
0.00225225
0.003003
0.0015015
0.0015015
0
0.0578078
0
0.000750751
0
0.000750751
0
0
0
0.000750751
0
0
0.000750751
0.0015015
0
0
0
0.000750751
0.0015015
0
0
0
0.00225225
0
0
0.000750751
0.000750751
0
0.000750751
0.000750751
0
0
0
0
0
0.0015015
0
0.000750751
0
0
0
0
0
0.00225225
0
0
0
0
0
0
0
0.000750751
0.000750751
0.000750751
0.000750751
0
0
0
0.000750751
0
0
0
0
0.0015015
0
0.000750751
0
0
0
0
0
0.000750751
0
0
0
0
0
0
0
0.000750751
0
0
0
0
0
0
0.000750751
0
0
0
0
0
0
0
0
0.000750751
0.0015015
0
0
0
0
0
0
0
0
0
0
0
0
0
0.000750751
0.000750751
0
0
0
0.000750751
0
0
0.000750751
0
0
0.000750751
0
0.000750751
0
0.000750751
0
0
0.00225225
0
0
0
0
0
0
0.000750751
0
0
0
0
0
0
0
0
0
0
0
0
0
0.000750751
0
0
0
0
0
0
0
0
0
0
0
0.000750751
0.000750751
0.000750751
0
0
0
0
0
0
0
0.0112613
0
0
0
0
0.000750751
0
0
0
0
0.000750751
0
0
0.000750751
0.00225225
0.000750751
0.0015015
0.0015015
0.000750751
0
0
0.0045045
0.000750751
0.0015015
0
0
0.0015015
0
0.000750751
0
0.0015015
0.00225225
0
0.00225225
0.00600601
0.00225225
0.000750751
0.00225225
0.00225225
0.00600601
0.003003
0.003003
0.228979