0
0.0390094
0.0241284
0.0165816
0.00722789
0.00382653
0.00350765
0.00244473
0.0014881
0.00318878
0.00127551
0.00180697
0.0014881
0.00170068
0.00191327
0.00085034
0.00170068
0.00180697
0.00244473
0.00265731
0.00212585
0.00329507
0.00212585
0.00754677
0.0201956
0.0295493
0.0159439
0.00467687
0.00329507
0.00212585
0.00159439
0.000744048
0.00116922
0.000637755
0.00042517
0.00085034
0.000318878
0.000531463
0.000318878
0.000318878
0.000637755
0.000106293
0
0.00435799
0.000106293
0.000212585
0.000212585
0
0.000212585
0.000106293
0
0.000106293
0.000318878
0.000637755
0.000212585
0.000106293
0.000318878
0.000318878
0.000318878
0
0.000318878
0.000318878
0.00042517
0
0.00085034
0.000212585
0.000212585
0.000106293
0.000318878
0.000106293
0
0.000106293
0
0
0.000531463
0
0.000318878
0.000212585
0.00042517
0.000106293
0
0
0
0.000106293
0
0.000956633
0
0.000106293
0.000106293
0.000212585
0.000106293
0
0.000106293
0.000212585
0.000212585
0.000106293
0.00042517
0.000106293
0
0.000106293
0.000106293
0.000106293
0.000106293
0
0
0
0.000637755
0.000106293
0.000106293
0.000212585
0.000106293
0.00042517
0.000318878
0.00085034
0.000212585
0.000531463
0.000318878
0.000531463
0.000212585
0.000318878
0.000318878
0.000106293
0
0.000212585
0.000106293
0.000531463
0.000212585
0
0.0157313
0.000637755
0.00085034
0.000744048
0.00042517
0.000956633
0.000744048
0.00127551
0.00116922
0.0013818
0.00191327
0.000956633
0.0013818
0.00170068
0.00233844
0.00276361
0.00180697
0.00701531
0.00977891
0.0127551
0.0221088
0.0496386
0.0359269
0.0358206
0.0267857
0.0215774
0.0127551
0.0102041
0.0100978
0.00510204
0.00807823
0.00680272
0.00478316
0.00520833
0.00627126
0.00318878
0.00329507
0.00329507
0.00244473
0.0028699
0.00116922
0.000212585
0.013074
0.000106293
0.000106293
0.00212585
0.00212585
0.00170068
0.00116922
0.00201956
0.00116922
0.00276361
0.000637755
0.00180697
0.00127551
0.0014881
0.00223214
0.000744048
0.000744048
0.000531463
0.0014881
0.00106293
0.000318878
0.00340136
0
0.00159439
0.00180697
0.000531463
0.00159439
0.00106293
0.00223214
0.000212585
0.00106293
0.000744048
0.000956633
0.00127551
0.000637755
0.000956633
0.00116922
0.00085034
0.000956633
0.000956633
0
0
0
0.00659014
0
0.000106293
0.00170068
0.00085034
0.0013818
0.000637755
0.00180697
0.000637755
0.000637755
0.00191327
0.00106293
0.00201956
0.000956633
0.00223214
0.0013818
0.00085034
0.00276361
0.00170068
0.00170068
0.00106293
0.00308248
0.00233844
0.00159439
0.00233844
0.00393282
0.00297619
0.00297619
0.00414541
0.00318878
0.00520833
0.00531463
0.0056335
0.00382653
0.0071216
0.00797194
0.00829082
0.00946003
0.0133929
0.0164753
0.0184949
0.0328444
0.163478