0
0.0294505
0.0171429
0.0134066
0.00989011
0.00703297
0.00549451
0.00791209
0.00681319
0.0140659
0.00989011
0.0134066
0.00681319
0.00483516
0.00241758
0.000879121
0.000879121
0.000659341
0.00043956
0.00043956
0
0.00373626
0
0
0.00021978
0
0
0.00021978
0.0010989
0
0
0
0.00043956
0
0.00021978
0.00021978
0
0
0
0
0
0
0
0.00571429
0
0
0
0
0
0
0
0
0
0
0
0
0
0
0
0
0
0
0
0
0.00131868
0
0
0
0
0
0
0.00021978
0
0
0
0
0
0
0
0
0
0
0
0
0
0.0032967
0
0
0
0
0
0
0
0
0
0
0
0
0
0.00021978
0
0
0
0
0
0
0.00153846
0
0
0
0
0
0
0.000879121
0
0
0
0.000879121
0
0.00021978
0.00043956
0
0
0
0
0
0
0
0.0118681
0
0
0
0.00021978
0.00043956
0.00043956
0.0010989
0.0010989
0.000879121
0.00263736
0.0032967
0.00373626
0.00307692
0.0153846
0.0189011
0.00989011
0.0340659
0.0292308
0.0259341
0.0243956
0.0397802
0.0191209
0.00967033
0.00923077
0.00989011
0.00681319
0.00307692
0.00901099
0.00241758
0.00593407
0.00901099
0.00153846
0.00307692
0.0032967
0.00285714
0.00197802
0.00175824
0.000879121
0.000659341
0
0
0.0512088
0
0
0.00043956
0.000659341
0.0010989
0.00131868
0.00153846
0.00021978
0.00241758
0
0.00131868
0.000659341
0.000659341
0.00175824
0
0.000879121
0.0021978
0.0010989
0.00043956
0
0.0112088
0
0
0.000659341
0
0.000879121
0.00043956
0.00285714
0.00021978
0.000659341
0.00021978
0.00175824
0.00021978
0.0010989
0.00043956
0.000879121
0
0.00043956
0.00021978
0.00021978
0
0
0.0202198
0
0
0.00043956
0.00043956
0.00021978
0.0010989
0.000659341
0.0021978
0.00043956
0.00197802
0
0.0021978
0.00021978
0.00373626
0.00153846
0.00043956
0.00175824
0.000879121
0.00175824
0.00021978
0.00989011
0.00197802
0.00153846
0.00263736
0.00395604
0.00417582
0.00197802
0.00549451
0.00307692
0.00373626
0.00791209
0.00285714
0.00461538
0.0107692
0.0138462
0.0105495
0.0173626
0.0156044
0.0186813
0.0228571
0.0367033
0.16967