0
0.0142191
0.0902098
0.0820513
0.030303
0.0244755
0.016317
0.0128205
0.0100233
0.0125874
0.00955711
0.0104895
0.00629371
0.00699301
0.00909091
0.0041958
0.0039627
0.00512821
0.004662
0.00606061
0.0034965
0.00699301
0.0002331
0.0020979
0.002331
0.0020979
0.0032634
0.002331
0.0032634
0.0013986
0.0020979
0.0018648
0.000932401
0.0011655
0.0030303
0.0030303
0.002331
0.000699301
0.0018648
0.0013986
0.0004662
0
0
0.0144522
0.000699301
0.0004662
0.0004662
0.000932401
0.000932401
0.0004662
0.0016317
0.002331
0
0.0034965
0.0002331
0.0013986
0
0.0020979
0.0002331
0.0004662
0.0020979
0.0011655
0.0002331
0
0.0020979
0
0.0002331
0.0011655
0.0013986
0.0002331
0
0.0025641
0.0002331
0.000932401
0.0016317
0
0.0002331
0.0002331
0.0002331
0.0004662
0
0.0002331
0
0
0
0.00885781
0
0
0.0002331
0.0002331
0.0004662
0
0.0004662
0
0.000699301
0.0002331
0.0013986
0.0002331
0.0002331
0.0027972
0
0.0004662
0.000699301
0.000932401
0
0
0.0032634
0
0.0004662
0.0011655
0
0.000932401
0.0002331
0.0027972
0
0.0013986
0
0.0013986
0.000932401
0.0013986
0.000932401
0.0020979
0.0004662
0.000699301
0.0016317
0
0.0002331
0
0.0242424
0.0002331
0.0018648
0.0041958
0.0030303
0.0037296
0.00559441
0.00955711
0.00675991
0.0107226
0.0135198
0.0121212
0.0142191
0.0111888
0.0237762
0.0219114
0.00675991
0.0221445
0.016317
0.0100233
0.00536131
0.018648
0.00489511
0.0041958
0.0039627
0.00512821
0.00489511
0.0027972
0.00629371
0.002331
0.0034965
0.00489511
0.0011655
0.0016317
0.004662
0.0027972
0.0027972
0.0027972
0.0020979
0.000932401
0.000699301
0
0.0151515
0
0.0002331
0
0.0011655
0.0016317
0.0004662
0.0002331
0
0.0016317
0.0004662
0.0016317
0.0018648
0.000932401
0.0025641
0.0004662
0.0011655
0.000699301
0.0013986
0.0004662
0.000699301
0.00489511
0
0
0.0011655
0.0002331
0.0011655
0.0013986
0.0020979
0.0002331
0.0002331
0.000699301
0.000932401
0.0004662
0.0018648
0.000699301
0.000699301
0.0004662
0.0004662
0.0004662
0
0.0002331
0
0.00536131
0.0002331
0.0004662
0.0004662
0.000699301
0.0004662
0.0004662
0.0004662
0.000932401
0.0004662
0.0016317
0.000699301
0.0004662
0.0004662
0.0013986
0.000932401
0.000932401
0.002331
0.0016317
0.0016317
0
0.0041958
0.0011655
0.002331
0.0013986
0.0027972
0.000932401
0.0020979
0.002331
0.0013986
0.0027972
0.0032634
0.0032634
0.0037296
0.00512821
0.00489511
0.0034965
0.00722611
0.00769231
0.00699301
0.00722611
0.00722611
0.0470862