0.00377929
0.0171328
0.0657596
0.0730663
0.0279667
0.0226757
0.0249433
0.0254472
0.0138574
0.0239355
0.0095742
0.0178886
0.0194004
0.0151172
0.0178886
0.0131015
0.0131015
0.00982615
0.0115898
0.00629882
0.00352734
0.00932225
0.00201562
0.00377929
0.00403124
0.000755858
0.00302343
0.00277148
0.00352734
0.00151172
0.000755858
0.000755858
0.00100781
0.00201562
0.00125976
0.00100781
0.00100781
0.00100781
0.000251953
0.000503905
0
0
0
0.0272109
0
0
0
0.000251953
0.000251953
0
0.000251953
0.000503905
0
0
0
0
0
0.000251953
0.000251953
0
0
0
0
0
0.00100781
0
0
0
0
0
0
0
0
0
0
0
0
0.000251953
0.000251953
0.000251953
0
0
0
0
0
0.00100781
0
0
0
0
0.000251953
0
0
0
0.000503905
0
0
0
0
0.000251953
0
0
0.000251953
0
0
0
0.000251953
0
0
0.000251953
0
0
0
0.000503905
0
0
0.000503905
0.000503905
0.000503905
0.00100781
0
0.000251953
0.000251953
0.000251953
0.000503905
0.000251953
0
0
0.010834
0.00100781
0.000251953
0.000755858
0.000503905
0.00125976
0.00151172
0.000251953
0.00302343
0.00100781
0.000755858
0.00151172
0.00302343
0.00226757
0.00176367
0.00226757
0.000755858
0.00100781
0.00226757
0.00327538
0.00125976
0.00251953
0.000755858
0.00201562
0.000755858
0.00201562
0.00151172
0.00151172
0.00302343
0.00100781
0.00226757
0.00302343
0.00100781
0.00151172
0.00277148
0.00100781
0.000503905
0.00151172
0.000755858
0.000503905
0.00100781
0.000251953
0.00806248
0.000503905
0.00125976
0.00100781
0.00125976
0.000755858
0.00100781
0.00125976
0.000503905
0.00251953
0.000755858
0.00327538
0.00151172
0.00125976
0.00226757
0.00100781
0.00151172
0.00151172
0.00100781
0.000755858
0.00125976
0.00554296
0
0.000251953
0.000503905
0.000503905
0.00151172
0.000503905
0.00251953
0
0.00100781
0.000755858
0.00125976
0.000251953
0.000755858
0.00201562
0.000755858
0.000251953
0
0.000251953
0.000503905
0
0
0.016125
0
0
0.000503905
0
0.00125976
0.00100781
0.000503905
0.00151172
0
0.00125976
0
0.00100781
0.00100781
0.00403124
0.000755858
0.00176367
0.00226757
0.00151172
0.000503905
0.00125976
0.00453515
0.000251953
0.00151172
0.00251953
0.00251953
0.00151172
0.000755858
0.00503905
0.00226757
0.00176367
0.00579491
0.00201562
0.00377929
0.00453515
0.00604686
0.00655077
0.00604686
0.00680272
0.00554296
0.00755858
0.0113379
0.235576