0
0
0
0.000409567
0.00024574
0.000655308
0.000491481
0.000655308
0.000163827
0.00172018
0.00024574
0.0012287
0.000163827
8.19135e-005
0.00196592
8.19135e-005
0.00024574
0.000737222
0.000491481
0.000491481
0
0.0018021
0
0.000327654
0.000327654
8.19135e-005
0.000327654
0.00024574
0.000737222
0.000163827
0.00024574
0.000163827
0.000327654
0
0
0.00024574
8.19135e-005
0
0
0
0
0
0
0.00450524
0
0
0
8.19135e-005
0.000163827
8.19135e-005
0.00024574
8.19135e-005
0
0
0
8.19135e-005
0
0.000327654
8.19135e-005
0
0.00024574
0
0
0
0.000491481
0
0
8.19135e-005
8.19135e-005
0
0
0.000327654
0
8.19135e-005
8.19135e-005
0
0
8.19135e-005
0
0
0
0
0
0
0
0.0018021
0
0
0
0
0
0
0
0
0.00024574
0
8.19135e-005
8.19135e-005
0
8.19135e-005
0
0
8.19135e-005
8.19135e-005
8.19135e-005
0
0.00106488
0
0
0
0
0.000163827
0
0.000491481
0
8.19135e-005
0
0.00024574
0
0.000327654
0.00024574
0.00024574
0
0
0
0
0
0
0.00630734
8.19135e-005
0
0.000163827
0
0.000163827
0.000409567
0.000901048
0.000737222
0.000573394
0.000655308
0.00024574
0.00106488
0.000491481
0.0030308
0.00253932
0.000573394
0.00434142
0.00278506
0.00147444
0.00139253
0.0114679
0.00352228
0.00384993
0.00565203
0.00794561
0.00491481
0.00499672
0.0126147
0.00573394
0.00876474
0.0148263
0.00286697
0.00417759
0.0176114
0.010403
0.00679882
0.00581586
0.00368611
0.00294889
0.00172018
0.00024574
0.228457
0
0.000491481
0.00114679
0.00204784
0.00196592
0.00294889
0.00614351
0.000409567
0.0204784
0.000327654
0.035059
0.00212975
0.000491481
0.044479
0.000409567
0.000573394
0.00860092
0.000655308
0.000491481
8.19135e-005
0.0586501
0
0.00024574
0.000573394
8.19135e-005
0.00204784
0.00024574
0.0294069
0
8.19135e-005
0.000163827
0.00884666
0.000163827
0.00106488
0.000327654
8.19135e-005
8.19135e-005
8.19135e-005
0.00024574
0
0
0
0.0609436
0
0
0.000163827
8.19135e-005
8.19135e-005
0.00024574
0.00024574
0.00196592
0.000163827
0.0362877
0
8.19135e-005
8.19135e-005
0.0228539
0
0
0.0282602
0.000327654
0
0
0.0760976
0
0.000573394
0.000491481
0.0551278
0.000327654
0.000163827
0.0173657
0.000409567
0.000982962
0.00958388
0.000163827
0.000819135
0.0048329
0.00147444
0.000901048
0.000573394
0.000409567
0.00024574
0
0.00024574
0.0214613