0
0
0
0.00211416
0.00369979
0
0.00369979
0.000528541
0.000528541
0.00581395
0.00158562
0.00475687
0.000528541
0.00158562
0.00317125
0
0
0
0.000528541
0
0
0.00317125
0
0
0
0
0.000528541
0
0.000528541
0
0
0
0
0
0.000528541
0.000528541
0.00105708
0
0
0
0
0
0
0.00422833
0
0
0
0
0
0
0
0
0
0
0
0
0
0
0
0
0
0
0
0
0
0
0
0
0
0
0
0
0
0
0
0
0
0
0
0
0
0
0
0
0
0
0
0
0
0
0
0
0
0
0
0
0
0
0
0
0
0
0
0
0
0
0
0
0
0
0
0
0
0
0
0
0
0
0
0
0
0
0
0
0
0
0
0
0.00528541
0
0
0
0
0
0
0
0
0
0.00105708
0
0
0
0.00105708
0
0.000528541
0.000528541
0
0.00105708
0
0.00951374
0.00158562
0.00211416
0.00264271
0.00792812
0.00951374
0.00845666
0.032241
0.0227273
0.0332981
0.0523256
0.0100423
0.0137421
0.0169133
0.0137421
0.0089852
0.00475687
0.00739958
0.00581395
0.00158562
0
0.139535
0
0.00105708
0.00739958
0.00687104
0.00264271
0.00422833
0.00475687
0.00158562
0.00845666
0.00158562
0.0116279
0.00422833
0.00158562
0.0216702
0.00264271
0.00158562
0.00264271
0.00105708
0.00158562
0.00105708
0.0317125
0
0.00264271
0.00369979
0.00105708
0.00317125
0.00105708
0.0147992
0.000528541
0.00475687
0
0.00581395
0
0.00369979
0.00475687
0.00105708
0.00317125
0.00158562
0.00105708
0
0
0
0.0417548
0
0
0.00105708
0.00369979
0.00158562
0.00158562
0.00317125
0.00528541
0.00158562
0.00158562
0
0.00581395
0
0.0142706
0.00317125
0.000528541
0.00792812
0.00739958
0.00369979
0
0.0200846
0.00105708
0.00422833
0.0100423
0.0089852
0.00687104
0.00634249
0.0110994
0.00528541
0.0100423
0.0121564
0.00687104
0.012685
0.0269556
0.0105708
0.0206131
0.0137421
0.00687104
0.0184989
0.00528541
0
0.0512685