0
0.00082012
0.00164024
0.00082012
0.00246036
0.00355385
0.00164024
0.00136687
0.00136687
0.00246036
0.00136687
0.00246036
0.00082012
0.00246036
0.00273373
0.00273373
0.00136687
0.00273373
0.00082012
0.00191361
0.00328048
0.00273373
0.00082012
0.00082012
0.00218699
0.00136687
0.00246036
0.00136687
0.00082012
0.00136687
0.00191361
0.00082012
0.00109349
0.000273373
0.000546747
0.000273373
0
0.000546747
0.00082012
0.00082012
0.000546747
0.000273373
0
0.00574084
0
0.000273373
0.000546747
0.000273373
0.000546747
0.000546747
0.000273373
0
0
0
0.000273373
0
0
0.000546747
0
0.000273373
0.000273373
0.000273373
0
0
0
0
0
0
0
0
0
0.000546747
0.000546747
0
0
0
0
0
0
0
0
0
0
0
0
0.00082012
0
0
0
0
0
0
0.000273373
0
0
0
0.000273373
0.000273373
0.000273373
0.000546747
0
0
0
0
0
0
0.000546747
0
0
0
0
0.000273373
0
0.000273373
0
0
0.000273373
0
0
0.000273373
0.000273373
0.000273373
0
0.000273373
0.000273373
0.000273373
0.000273373
0
0.0418261
0.00136687
0.00164024
0.00136687
0.00082012
0.00218699
0.00164024
0.00328048
0.00218699
0.00574084
0.00519409
0.00437397
0.0041006
0.0041006
0.00656096
0.00546747
0.00601422
0.0092947
0.0114817
0.0131219
0.016129
0.0199563
0.0221432
0.027064
0.0147622
0.00956807
0.00574084
0.00382723
0.0169492
0.00546747
0.0142154
0.0191361
0.00164024
0.0082012
0.0213231
0.0333516
0.0303445
0.0103882
0.00218699
0.00109349
0.000546747
0.000273373
0.0956807
0.000273373
0.000273373
0.000546747
0.00082012
0.00218699
0.00191361
0.00328048
0.000273373
0.0109349
0.000273373
0.00710771
0.00218699
0.000273373
0.0092947
0
0.00082012
0.00492072
0.00082012
0.000273373
0
0.0101148
0
0
0.000273373
0
0.00437397
0
0.00683434
0
0.000273373
0.000546747
0.00765446
0.000273373
0.00574084
0.00082012
0.000273373
0.000273373
0
0
0.000273373
0.000273373
0
0.0265172
0
0.000273373
0
0.000273373
0
0.000273373
0.000273373
0.0101148
0
0.0180426
0.000273373
0
0
0.0092947
0.000273373
0
0.0319847
0.000546747
0
0
0.0308912
0
0.000273373
0.00382723
0.0306178
0.000546747
0.000273373
0.0215965
0.000273373
0.00656096
0.00601422
0.00109349
0.00082012
0.0103882
0.00656096
0.00546747
0.00164024
0.00109349
0.00082012
0
0
0.0995079