0
0
0
0.000481
0
0.000481
0
0.000721501
0.0002405
0.000721501
0.000481
0.000721501
0.0002405
0.0002405
0.0036075
0
0
0.000481
0
0
0
0.0012025
0
0
0.000481
0
0.0002405
0
0.0012025
0.0002405
0
0
0.000721501
0.0002405
0
0.0002405
0.0002405
0
0
0
0
0
0
0.001924
0
0
0
0
0.0002405
0.0002405
0
0
0
0.0002405
0
0
0
0.000481
0
0
0.0002405
0
0
0
0.000481
0
0
0
0
0
0
0.0002405
0
0
0
0
0
0
0
0
0
0
0
0
0
0.000481
0
0
0
0
0
0.0002405
0.000481
0
0
0
0.0002405
0
0
0
0
0
0.0002405
0
0
0
0.000481
0
0
0
0.0002405
0.0002405
0
0.000962001
0
0
0
0.000481
0
0.000481
0
0
0
0
0
0
0
0
0.001443
0
0
0
0.0002405
0.0002405
0
0.0002405
0.000481
0
0.000481
0
0.0002405
0.0002405
0.000962001
0.000481
0.0002405
0.0012025
0.000481
0.000721501
0.0002405
0.003367
0.000481
0.0002405
0.000721501
0.000721501
0.000481
0.0012025
0.00505051
0.000721501
0.000962001
0.00553151
0.000721501
0.000481
0.00577201
0.0021645
0.000962001
0.0016835
0.001443
0
0.000481
0
0.147186
0
0.000481
0
0.000721501
0.001924
0.0026455
0.00865801
0.0002405
0.0315055
0
0.0683021
0.002405
0
0.0548341
0.0002405
0
0.0175565
0.000721501
0
0
0.0817701
0
0.0002405
0.0002405
0
0.00673401
0
0.0596441
0
0
0
0.021164
0
0.003367
0.000481
0
0
0.0002405
0
0
0
0
0.0969216
0
0
0
0
0.0002405
0
0
0.010582
0
0.0367965
0
0
0
0.026936
0
0
0.0521886
0
0
0
0.0661376
0
0
0.000481
0.0579606
0
0.0002405
0.0286195
0
0.001443
0.00889851
0.0002405
0.000481
0.0108225
0.0045695
0.000721501
0.000721501
0.000721501
0
0.0002405
0
0.019721