0.00394477
0.025641
0.061144
0.0552268
0.0368179
0.0361604
0.0322156
0.0236686
0.0184089
0.0177515
0.0151216
0.0131492
0.0131492
0.0131492
0.00986193
0.00591716
0.0052597
0.00460224
0.00394477
0.00197239
0.00328731
0.00788955
0.00328731
0.00394477
0.00262985
0.00131492
0.00131492
0.00197239
0.00591716
0.000657462
0.00197239
0.000657462
0.00131492
0.000657462
0.00394477
0.00262985
0.00197239
0
0
0.000657462
0.000657462
0
0
0.0131492
0
0.00131492
0
0.000657462
0
0.00131492
0.000657462
0.00131492
0
0.00131492
0
0.000657462
0
0.00131492
0.000657462
0
0.00131492
0
0.000657462
0
0
0
0.00131492
0.00328731
0.00262985
0.00131492
0
0.000657462
0
0
0
0
0
0.000657462
0.000657462
0.000657462
0
0.000657462
0
0
0
0.00328731
0
0
0
0
0
0
0
0
0.00131492
0
0.000657462
0
0
0.000657462
0
0
0.00131492
0
0.00131492
0
0.00197239
0
0
0.00262985
0.000657462
0.000657462
0.00197239
0.00197239
0
0.000657462
0.00197239
0.00131492
0.00131492
0.00197239
0.000657462
0.000657462
0.00131492
0.00394477
0.000657462
0.00131492
0
0
0.0197239
0
0.00262985
0.00394477
0.00460224
0.00131492
0.0052597
0.0118343
0.00723208
0.00460224
0.00788955
0.00657462
0.0052597
0.0052597
0.00723208
0.0124918
0.00262985
0.0052597
0.00986193
0.00657462
0.0052597
0.0144642
0.00854701
0.00657462
0.00394477
0.00591716
0.00131492
0.00131492
0.00460224
0.00328731
0.00394477
0.00394477
0.00131492
0.00197239
0.00131492
0.00197239
0.000657462
0.00197239
0.00197239
0.00131492
0
0
0.0138067
0
0.00131492
0.000657462
0.000657462
0.00262985
0.000657462
0.000657462
0.00197239
0.00197239
0
0.000657462
0.00131492
0.000657462
0.00197239
0.00131492
0
0.00131492
0.00197239
0.000657462
0.00197239
0.00262985
0.000657462
0.00131492
0.000657462
0.000657462
0.00262985
0.000657462
0.00197239
0
0.00131492
0.00131492
0.00197239
0.00131492
0.00262985
0.00197239
0.000657462
0
0.000657462
0
0
0.00131492
0
0.0052597
0
0
0
0
0.000657462
0.00197239
0.00262985
0
0.00197239
0.000657462
0.00131492
0
0.00262985
0.00460224
0.00197239
0.000657462
0.00197239
0.00131492
0.00197239
0.00131492
0.00591716
0.00197239
0.00394477
0.00460224
0.00460224
0.00197239
0.00394477
0.00460224
0.00591716
0.00328731
0.0052597
0.00460224
0.00197239
0.00986193
0.00788955
0.00460224
0.0124918
0.0105194
0.00920447
0.0138067
0.0138067
0.0539119