0
0
0
0
0
0.00108225
0
0.00108225
0.000541126
0.00162338
0
0.00162338
0.00162338
0.000541126
0.00108225
0
0
0.000541126
0.000541126
0.000541126
0
0.00378788
0
0
0.00108225
0
0
0.000541126
0.00108225
0
0
0
0
0
0
0.000541126
0
0
0
0
0
0
0
0.0021645
0
0
0
0
0
0
0
0.000541126
0
0
0
0
0
0
0
0
0
0
0
0
0
0
0
0
0
0
0
0.000541126
0
0
0
0
0
0
0
0
0
0
0
0
0
0
0
0
0
0
0
0
0
0
0
0
0
0
0
0
0
0
0
0
0
0
0
0
0
0
0
0
0
0
0
0.000541126
0
0
0
0
0
0
0
0
0
0
0
0
0.00162338
0
0.000541126
0
0
0
0
0.000541126
0
0.00108225
0
0
0
0
0.0021645
0.000541126
0
0.000541126
0.000541126
0
0
0.004329
0
0
0.00270563
0.00270563
0.000541126
0.000541126
0.00487013
0.000541126
0.00108225
0.00595238
0
0
0.00541126
0.00270563
0.00108225
0.00108225
0.000541126
0.00162338
0.000541126
0
0.169913
0
0
0.00108225
0.000541126
0.0021645
0.004329
0.00919913
0
0.0351732
0
0.0611472
0.00487013
0.000541126
0.0887446
0.000541126
0
0.0183983
0.00108225
0
0
0.0757576
0
0
0
0
0.00757576
0.000541126
0.0708874
0
0
0
0.0243506
0
0.00649351
0.000541126
0
0
0
0.00108225
0
0
0
0.0963203
0
0
0
0
0
0
0.000541126
0.004329
0
0.047619
0
0.00108225
0
0.0275974
0
0
0.0275974
0
0
0
0.0557359
0
0
0.000541126
0.0378788
0.00108225
0
0.0102814
0
0
0.00919913
0
0.000541126
0.00703463
0.00162338
0.00108225
0
0.000541126
0
0
0
0.0189394