0
0.0361129
0.0728609
0.0898285
0.0267671
0.0146992
0.0103439
0.00725887
0.00571636
0.00898285
0.00426459
0.00571636
0.00444606
0.00390164
0.00471827
0.00562562
0.00417385
0.00598857
0.00553489
0.00644225
0.00635151
0.0154251
0.00762181
0.0101624
0.0126123
0.0106161
0.0186916
0.0120679
0.0127938
0.00662372
0.00680519
0.00517194
0.00435532
0.00390164
0.0035387
0.00499047
0.00299428
0.00190545
0.00326649
0.00181472
0.00136104
0.000725887
0
0.0210507
9.07359e-005
0.000544415
0.000816623
0.00136104
0.000998095
0.000998095
0.00108883
0.00163325
0.000816623
0.00244987
0.000362943
0.00108883
0.000544415
0.00299428
0.000453679
0.000181472
0.00136104
0.00108883
0.000181472
9.07359e-005
0.00417385
0.000272208
0.000272208
0.000998095
0.00145177
0.00108883
0.000181472
0.00263134
0.000181472
0.000635151
0.00154251
0
0.000181472
0.00108883
0.000998095
0.000272208
0.000272208
9.07359e-005
0.000181472
9.07359e-005
0
0.00598857
0
0
0
9.07359e-005
0.000544415
0.000181472
0.000635151
9.07359e-005
0.000907359
0
0.00181472
0.000272208
0.000181472
0.00281281
9.07359e-005
0.000181472
0.000635151
0.000453679
0.000272208
0
0.00381091
0
9.07359e-005
0.00108883
9.07359e-005
0.00136104
0.000544415
0.00263134
9.07359e-005
0.000816623
0.000181472
0.00208692
9.07359e-005
0.000907359
0.000907359
0.000635151
0.000998095
0.000362943
0.000816623
9.07359e-005
0
0
0.0183286
0.000181472
0.000635151
0.00172398
0.00235913
0.0022684
0.00335723
0.00535342
0.00471827
0.00825696
0.0108883
0.0119771
0.0125216
0.0105254
0.0225025
0.0220488
0.0110698
0.02096
0.0152436
0.0105254
0.009618
0.0155158
0.00753108
0.0060793
0.00598857
0.00553489
0.00308502
0.00235913
0.00508121
0.00244987
0.00263134
0.00272208
0.000453679
0.000998095
0.00190545
0.0022684
0.00108883
0.00136104
0.000725887
0.000453679
9.07359e-005
0
0.0162417
9.07359e-005
0.000453679
9.07359e-005
0.000635151
0.000998095
0.000453679
0.000453679
0.000453679
0.0012703
0.000362943
0.00154251
0.00108883
0.000362943
0.00263134
0.000544415
0.000362943
0.000998095
0.000725887
0.000907359
9.07359e-005
0.00244987
0.000181472
0.000453679
0.000635151
9.07359e-005
0.000453679
0.000544415
0.00136104
0.000181472
0.000998095
0.000362943
0.0012703
0.000362943
0.000181472
0.00117957
0.000816623
0.000362943
0.000181472
0.000453679
9.07359e-005
0
0
0.00589783
0
0.000272208
0.000362943
0.000362943
0.000272208
9.07359e-005
0.000544415
0.000635151
0.000725887
0.000725887
0.000635151
0.00117957
0.000272208
0.00145177
0.000725887
0.000635151
0.00145177
0.00136104
0.000272208
0.000453679
0.00244987
0.000635151
0.00154251
0.0012703
0.00172398
0.000725887
0.00172398
0.0025406
0.00172398
0.00154251
0.00390164
0.00181472
0.00263134
0.00381091
0.00535342
0.00390164
0.00617004
0.0060793
0.00417385
0.00653298
0.00290355
0.035024