0
0.000841751
0.003367
0.0016835
0.0016835
0.00252525
0.003367
0.003367
0.000841751
0.003367
0.003367
0.00252525
0.00252525
0.0016835
0.003367
0.003367
0.00252525
0.0016835
0.00252525
0.003367
0.0016835
0.00589226
0.00420875
0.00252525
0.00505051
0.003367
0.00505051
0.000841751
0.00252525
0.003367
0.00420875
0.0016835
0.000841751
0.0016835
0.00420875
0.00420875
0
0
0.000841751
0
0
0
0
0.00252525
0
0
0
0
0
0
0
0
0
0
0.000841751
0
0
0
0.000841751
0
0.000841751
0
0
0
0
0
0
0
0.000841751
0
0.000841751
0
0
0
0
0
0
0
0
0
0
0
0
0
0
0
0
0
0
0
0
0
0
0
0
0
0
0
0
0
0
0
0
0
0
0
0.000841751
0
0
0
0
0
0.000841751
0.0016835
0
0
0
0
0
0
0
0
0
0
0
0
0
0
0.00252525
0
0.0016835
0.000841751
0.000841751
0.00252525
0
0.0016835
0.00589226
0.003367
0.00420875
0.00505051
0.00420875
0.00673401
0.00925926
0.010101
0.00841751
0.020202
0.010101
0.0185185
0.0244108
0.0227273
0.0286195
0.0227273
0.0193603
0.0159933
0.013468
0.00841751
0.0244108
0.00925926
0.0252525
0.0151515
0.0016835
0.00673401
0.0218855
0.0286195
0.013468
0.0159933
0.00673401
0.003367
0.0016835
0
0.109428
0
0.000841751
0.00252525
0.00252525
0.00420875
0.0016835
0.00673401
0.000841751
0.00757576
0
0.0109428
0.00673401
0
0.0126263
0.000841751
0.0016835
0.010101
0.00252525
0
0.000841751
0.0159933
0
0
0.000841751
0
0.00589226
0
0.00673401
0
0.00252525
0
0.00925926
0
0.00420875
0.00252525
0.000841751
0
0
0
0
0
0
0.026936
0
0
0
0
0
0
0.00673401
0.00673401
0
0.00589226
0
0.000841751
0
0.0176768
0.000841751
0
0.0117845
0.00252525
0.000841751
0
0.0244108
0
0.000841751
0.00841751
0.0159933
0.00420875
0
0.0210438
0
0.00505051
0.00673401
0
0.0016835
0.00589226
0.00589226
0.00673401
0.0016835
0
0
0.000841751
0
0.0218855