0
0.0161038
0.0137586
0.0114134
0.00797373
0.00594121
0.00891182
0.0140713
0.0100063
0.0165729
0.00844278
0.00531582
0.00312695
0.00125078
0.00234522
0.000625391
0.00109443
0.000781739
0.000469043
0.000469043
0.000938086
0.00140713
0.000156348
0.000781739
0.000469043
0.000469043
0.000938086
0.000312695
0.000312695
0.000312695
0.000469043
0
0.000469043
0.000156348
0
0.000156348
0.000312695
0
0
0
0
0.000156348
0
0.00500313
0
0
0.000156348
0
0.000156348
0
0.000156348
0
0.000469043
0.000156348
0
0
0
0.000312695
0
0
0
0
0.000156348
0.000156348
0.000781739
0
0
0
0
0
0
0.000469043
0
0
0.000156348
0
0
0
0
0
0
0
0
0
0
0.00218887
0
0
0.000156348
0
0
0
0
0
0
0
0.000156348
0
0.000156348
0
0
0
0.000156348
0.000156348
0.000156348
0
0.000312695
0
0
0
0.000156348
0
0
0.000938086
0
0.000312695
0
0.000625391
0
0.000156348
0.000469043
0.000312695
0
0.000625391
0.000312695
0.000156348
0.000156348
0.000156348
0.0111007
0.000156348
0
0.000156348
0.000312695
0.00109443
0.00171982
0.00281426
0.00171982
0.00156348
0.00531582
0.00187617
0.00469043
0.00187617
0.0131332
0.0159475
0.010788
0.0315822
0.0309568
0.0253283
0.0236085
0.0437774
0.0170419
0.0129769
0.0104753
0.0104753
0.00437774
0.00531582
0.0129769
0.00281426
0.00437774
0.00734834
0.000938086
0.00343965
0.00609756
0.00171982
0.00187617
0.00265791
0.00109443
0.000156348
0
0
0.0572233
0
0
0
0.000469043
0.00109443
0.00156348
0.00125078
0
0.00187617
0
0.00203252
0.000625391
0.000156348
0.00422139
0
0.00109443
0.00156348
0.00140713
0.000469043
0
0.00969356
0
0.000156348
0.00125078
0
0.00109443
0.000781739
0.00312695
0
0.000781739
0
0.00140713
0.000156348
0.00156348
0.00109443
0.000625391
0.000156348
0
0
0
0
0
0.0211069
0
0
0
0.000469043
0.000312695
0.00156348
0.00109443
0.00109443
0.000312695
0.00125078
0.000469043
0.00203252
0
0.00390869
0.00156348
0.000156348
0.00125078
0.00187617
0.000469043
0
0.0114134
0.00171982
0.00156348
0.00281426
0.00390869
0.00218887
0.00297061
0.00594121
0.00437774
0.00641026
0.00969356
0.00343965
0.00641026
0.00922452
0.0121951
0.0100063
0.0117261
0.0178236
0.018449
0.0465916
0.0267355
0.160413