0
0.0262963
0.0155556
0.0209259
0.0124074
0.0062963
0.00814815
0.00518519
0.00388889
0.00314815
0.00203704
0.00148148
0.0012963
0.000740741
0.00111111
0.000185185
0.000925926
0.00148148
0.000925926
0
0
0.00185185
0
0.000185185
0.00037037
0
0.00037037
0.000185185
0.00203704
0
0.00037037
0
0.00111111
0
0.000555556
0.00037037
0
0
0
0
0
0
0
0.0105556
0
0
0
0
0
0.000185185
0.00037037
0.000740741
0
0.0012963
0
0.00037037
0
0.00148148
0
0
0.000740741
0
0
0
0.00259259
0
0
0
0.00037037
0
0
0.000555556
0
0
0.000925926
0
0
0
0
0
0
0
0
0
0
0.00351852
0
0
0
0
0
0
0
0
0
0
0.000185185
0
0
0.000555556
0
0
0
0
0
0
0.00185185
0
0
0
0
0
0
0.00111111
0
0.000185185
0
0.00037037
0.000185185
0.000185185
0
0.00037037
0
0.00037037
0.000185185
0
0
0
0.00740741
0
0
0.00037037
0.000740741
0.000925926
0.00111111
0.000925926
0.0012963
0.00111111
0.00259259
0.0012963
0.00555556
0.00444444
0.0185185
0.0201852
0.0175926
0.0425926
0.0327778
0.0283333
0.0216667
0.0398148
0.0161111
0.01
0.00962963
0.00851852
0.00388889
0.00388889
0.0087037
0.00259259
0.00388889
0.00611111
0.00037037
0.00148148
0.00555556
0.00185185
0.00111111
0.00277778
0.0012963
0.00037037
0
0
0.0435185
0
0
0.000185185
0.0012963
0.00185185
0.000925926
0.000925926
0.000555556
0.00296296
0.000185185
0.00240741
0.00111111
0.000925926
0.00481481
0
0.00037037
0.00111111
0.00037037
0.000185185
0.000185185
0.00722222
0
0.00037037
0.000740741
0.000185185
0.000925926
0.00037037
0.00240741
0
0.000740741
0
0.00111111
0.000185185
0.00111111
0.00037037
0.00037037
0
0.000555556
0.000555556
0
0
0
0.0224074
0
0
0.00037037
0.000740741
0.00037037
0.000925926
0.00166667
0.000925926
0.000555556
0.00148148
0.000740741
0.00240741
0.000185185
0.00351852
0.00111111
0.00037037
0.0012963
0.00240741
0.000740741
0
0.0087037
0.000555556
0.00259259
0.00185185
0.00351852
0.00314815
0.00296296
0.00814815
0.00351852
0.00425926
0.00592593
0.00333333
0.00666667
0.0118519
0.0138889
0.0105556
0.00944444
0.0216667
0.0198148
0.0242593
0.0459259
0.177963