0
0.0187166
0.0383244
0.0579323
0.0481283
0.0543672
0.0409982
0.040107
0.0258467
0.0418895
0.0196078
0.0534759
0.0222816
0.0231729
0.0614973
0.00534759
0.0187166
0.0249554
0.0204991
0.00534759
0.0115865
0.040107
0.00178253
0.00891266
0.00713012
0.00891266
0.0160428
0.0142602
0.0187166
0.00623886
0.0142602
0.016934
0.00802139
0.0196078
0.00623886
0.00445633
0.0026738
0.000891266
0.00178253
0.000891266
0.000891266
0.000891266
0
0.00802139
0.000891266
0.00178253
0
0
0.000891266
0
0.00178253
0
0.000891266
0
0
0.000891266
0
0
0.000891266
0
0
0.000891266
0
0
0.00178253
0
0
0
0.000891266
0
0
0.000891266
0.000891266
0
0.000891266
0
0
0
0.000891266
0
0
0
0
0
0
0.00178253
0
0
0
0
0
0
0
0
0
0
0
0
0
0
0
0
0
0
0
0
0.000891266
0
0
0
0
0
0
0
0
0.000891266
0
0.000891266
0.000891266
0
0
0
0
0
0
0
0
0
0.00445633
0
0
0
0
0
0
0.000891266
0
0
0
0
0
0.000891266
0
0
0
0
0
0
0
0.000891266
0
0
0
0
0
0
0
0
0
0
0
0
0
0
0
0
0.000891266
0
0
0
0.000891266
0
0
0
0
0
0
0
0
0
0
0.000891266
0
0
0
0
0
0
0
0
0
0
0
0
0
0
0
0
0
0
0
0
0
0
0
0
0
0
0
0
0
0
0
0.00178253
0
0
0
0
0
0
0
0
0
0
0
0
0
0.000891266
0
0
0
0.000891266
0
0
0.00178253
0
0
0.00178253
0
0.000891266
0
0.00178253
0.000891266
0.0026738
0.000891266
0
0
0.000891266
0.00178253
0.00356506
0.00178253
0.00534759
0.0026738
0.0026738
0.0026738
0.0935829