0
0.0217803
0.0464015
0.0464015
0.0359848
0.0340909
0.0482955
0.0416667
0.030303
0.0416667
0.0284091
0.0568182
0.0246212
0.0236742
0.063447
0.0189394
0.0151515
0.030303
0.0151515
0.0123106
0.00662879
0.0397727
0.00568182
0.00568182
0.0104167
0.00757576
0.0113636
0.0170455
0.0170455
0.0123106
0.0160985
0.00757576
0.00568182
0.0113636
0.00757576
0.00757576
0.00662879
0.00094697
0
0.00094697
0
0
0
0.0123106
0
0
0.00094697
0.00094697
0.00094697
0.00094697
0.00094697
0
0
0
0
0
0
0
0
0
0.00094697
0
0
0
0
0
0
0
0.00094697
0
0
0.00094697
0
0
0
0
0
0
0.00094697
0.00094697
0
0
0
0
0
0.00189394
0
0
0
0
0
0
0
0
0
0
0
0
0
0.00094697
0
0
0
0
0
0
0.00094697
0
0
0
0
0
0
0
0
0.00094697
0.00094697
0
0
0
0
0
0
0
0
0
0
0
0
0
0
0
0
0
0
0
0
0
0
0
0
0
0
0
0
0
0
0
0
0
0
0
0
0
0
0
0
0
0
0
0
0
0
0
0
0
0
0
0
0
0.00094697
0
0
0
0
0
0
0
0
0
0
0
0
0
0
0
0
0
0
0
0
0.00094697
0
0
0
0
0.00094697
0
0
0
0
0
0.00094697
0
0.00094697
0
0
0
0
0
0
0
0
0.00378788
0
0
0
0
0
0
0
0
0
0
0
0.00189394
0
0.00094697
0
0
0.00189394
0
0
0
0.00473485
0
0.00094697
0.00189394
0.00094697
0
0.00094697
0.00378788
0
0
0.00189394
0
0.00189394
0
0.00094697
0.00378788
0.00189394
0.00568182
0.00662879
0.00284091
0.00473485
0.0823864