0
0.00113071
0.00158299
0.00180914
0.00361827
0.0027137
0.00384441
0.00361827
0.00248756
0.00836725
0.00361827
0.00949796
0.00587969
0.00407056
0.0137947
0.00927182
0.0070104
0.00768883
0.0101764
0.00881954
0.00678426
0.0135685
0.00723654
0.00746269
0.00995025
0.00520127
0.00610583
0.00633198
0.00655812
0.00203528
0.00316599
0.00158299
0.0027137
0.00180914
0.000678426
0.00135685
0.000904568
0.00113071
0.00135685
0.000904568
0.00135685
0
0
0.128449
0.000904568
0.000226142
0
0.00113071
0.000904568
0.000226142
0.000904568
0.000678426
0.000678426
0.00113071
0
0.000226142
0.000226142
0.000678426
0.000452284
0
0.000452284
0
0.000226142
0
0.000904568
0
0
0.000226142
0.000226142
0
0
0.000678426
0
0
0.000452284
0.000226142
0
0.000452284
0.000904568
0.00113071
0.000226142
0.000452284
0
0.000452284
0
0.00248756
0
0.000226142
0
0.000226142
0.000226142
0.000226142
0.000226142
0.000678426
0.000678426
0
0.00113071
0.000226142
0.000226142
0.00158299
0.000452284
0.000904568
0.000678426
0.000452284
0.000226142
0.000226142
0.00316599
0
0.000226142
0.000452284
0.000904568
0.000226142
0.000452284
0.000904568
0.000452284
0.000678426
0.000678426
0.00113071
0.000904568
0.000452284
0.00180914
0.000904568
0
0.000904568
0.00203528
0.000678426
0.00113071
0.000226142
0.0284939
0.00180914
0.00226142
0.0027137
0.00293985
0.00339213
0.0042967
0.00361827
0.00226142
0.0042967
0.00361827
0.00361827
0.00452284
0.00316599
0.00452284
0.00407056
0.00293985
0.00407056
0.0042967
0.00361827
0.0042967
0.00949796
0.00881954
0.00565355
0.00633198
0.00407056
0.00497512
0.00520127
0.00293985
0.00384441
0.00293985
0.00248756
0.000904568
0.00180914
0.000904568
0.000226142
0.000678426
0.000904568
0.000678426
0.000452284
0.000226142
0.000226142
0.00474898
0.000226142
0.000226142
0
0.000452284
0.000226142
0.000904568
0.000452284
0.000452284
0.000678426
0
0.000452284
0
0.000226142
0.000678426
0.000226142
0
0.000452284
0
0.000226142
0.000226142
0.000904568
0
0.000226142
0
0
0.000452284
0.000226142
0.000678426
0.000452284
0.000226142
0.000452284
0.00113071
0
0.000452284
0.000452284
0.000226142
0.000226142
0.000678426
0.000452284
0
0
0
0.00407056
0
0.000226142
0.000452284
0.000226142
0
0.000226142
0.000226142
0.000226142
0.000226142
0.000678426
0.000226142
0.000226142
0.000678426
0.00113071
0.000452284
0
0
0.000904568
0.000226142
0.000226142
0.00248756
0
0.000226142
0.000452284
0.000904568
0.000678426
0.000904568
0.00339213
0.000452284
0
0.00180914
0
0.000678426
0.00158299
0.00180914
0.000678426
0.00135685
0.00135685
0.00113071
0.00158299
0
0.41678