0
0.000164366
0.000493097
0.000493097
0.000986193
0.000986193
0.00147929
0.00328731
0.00115056
0.00542406
0.000493097
0.00690335
0.00394477
0.00164366
0.0119987
0.00230112
0.00410914
0.00788955
0.00608153
0.0047666
0.00295858
0.0110125
0.000493097
0.00378041
0.00378041
0.00246548
0.00394477
0.0042735
0.00394477
0.00197239
0.00312295
0.00394477
0.0042735
0.00394477
0.0052597
0.00805391
0.00575279
0.00558843
0.00641026
0.00378041
0.0042735
0.00394477
0.000164366
0.113412
0.000164366
0.000493097
0.000164366
0.000164366
0.000493097
0.000986193
0.000657462
0.000493097
0
0.000164366
0.000493097
0.000328731
0
0.000328731
0
0.000164366
0.000821828
0.000328731
0.000328731
0
0.000657462
0
0.000164366
0.000164366
0.000328731
0.000164366
0.000164366
0.000164366
0
0.000328731
0.000164366
0
0
0
0
0.000164366
0.000164366
0
0.000164366
0
0
0.00147929
0
0
0
0
0.000164366
0
0
0.000164366
0
0
0
0.000164366
0
0.000328731
0
0.000164366
0.000164366
0.000328731
0.000328731
0.000164366
0.000986193
0
0.000164366
0.000164366
0
0.000493097
0
0.000657462
0.000164366
0.000164366
0.000493097
0.000328731
0
0
0.000657462
0.000328731
0.000328731
0.000164366
0.000657462
0.000164366
0.000164366
0
0.0230112
0.000328731
0.000657462
0.00213675
0.00147929
0.000986193
0.00115056
0.00197239
0.00180802
0.00147929
0.00147929
0.00180802
0.00197239
0.000986193
0.00246548
0.00361604
0.00213675
0.00295858
0.0042735
0.00328731
0.0042735
0.0131492
0.00986193
0.00723208
0.00378041
0.00706772
0.00312295
0.00197239
0.00230112
0.00279421
0.00180802
0.00262985
0.000657462
0.000164366
0.00180802
0.000657462
0.00115056
0.000657462
0.000821828
0.000821828
0.000493097
0.000164366
0.00361604
0
0
0.000164366
0.000493097
0.000164366
0.000493097
0.000493097
0.000164366
0.000164366
0.000164366
0.000164366
0.000493097
0
0.000328731
0.000328731
0.000821828
0
0.000164366
0
0.000164366
0.000821828
0
0.000164366
0.000164366
0.000328731
0
0.000164366
0.000328731
0
0.000164366
0
0.000493097
0.000328731
0.000164366
0
0.000164366
0.000164366
0.000164366
0.000164366
0
0
0
0.00197239
0
0
0
0.000164366
0
0.000164366
0.000164366
0.000657462
0.000164366
0.000164366
0.000493097
0.000328731
0
0.000657462
0.000657462
0.000164366
0.000164366
0.000493097
0
0
0.00180802
0.000164366
0.000328731
0.000328731
0.000986193
0.000328731
0.000328731
0.00164366
0.000164366
0.000986193
0.000986193
0.000328731
0.000657462
0.000657462
0.000493097
0.000493097
0.000657462
0.000821828
0.000493097
0.000821828
0.000164366
0.546351