0
0.000210393
0.00063118
0.00094677
0.00168315
0.0032611
0.00252472
0.00294551
0.00178834
0.00557543
0.00157795
0.00620661
0.00852093
0.00694298
0.013886
0.00347149
0.00925731
0.00999369
0.0065222
0.00852093
0.00357669
0.00894172
0.00357669
0.00547023
0.00536503
0.00525984
0.00557543
0.00399748
0.00820534
0.00462866
0.00578582
0.00620661
0.00536503
0.00620661
0.00473385
0.00673259
0.00683779
0.00694298
0.00810015
0.00725857
0.00767936
0.00431307
0.000420787
0.130023
0.000420787
0.000210393
0.000210393
0
0.000105197
0.000105197
0.00094677
0.000210393
0.000420787
0.00031559
0.00031559
0.000105197
0
0.000525984
0.000105197
0.000105197
0.000210393
0.000420787
0.000105197
0
0.00031559
0
0.00031559
0.000105197
0.000210393
0
0
0.000420787
0
0
0
0
0
0
0.000105197
0
0
0.000105197
0
0
0
0.000841574
0
0
0
0.000105197
0.000105197
0.00031559
0.000105197
0
0.000105197
0
0.000105197
0.000210393
0.000105197
0.000105197
0
0.000105197
0.00031559
0
0.000105197
0
0.00105197
0
0.00031559
0.000210393
0
0.000210393
0.00031559
0.00063118
0
0.00031559
0.000420787
0.00063118
0.000105197
0.000420787
0.00063118
0.000105197
0.00031559
0.000525984
0.000420787
0.000210393
0.000210393
0
0.0146223
0.000210393
0.000525984
0.000420787
0.000841574
0.000525984
0.000420787
0.00115716
0.000841574
0.00094677
0.00136756
0.00105197
0.00063118
0.000736377
0.00220913
0.00231433
0.00147275
0.0033663
0.00431307
0.00431307
0.0096781
0.0189354
0.00831054
0.00620661
0.00462866
0.00547023
0.00178834
0.00241952
0.00168315
0.00168315
0.00168315
0.000736377
0.00063118
0.000736377
0.00094677
0.00105197
0.000525984
0.000736377
0.00094677
0.00031559
0.000525984
0.000105197
0.0030507
0
0
0.00031559
0.000210393
0.000210393
0.000105197
0.00031559
0.000105197
0.00031559
0.000105197
0.000420787
0.000210393
0.00031559
0.00031559
0.000105197
0.000210393
0.000210393
0.000105197
0.000210393
0.000210393
0.000420787
0.000105197
0.000210393
0.000420787
0
0.000420787
0.000105197
0.000420787
0
0.000105197
0
0.00031559
0
0.000105197
0.000105197
0.000105197
0.00031559
0
0.000105197
0
0
0
0.00189354
0
0
0.000210393
0.000105197
0.000210393
0.000105197
0.000105197
0.000210393
0
0.000210393
0
0.000210393
0
0.000841574
0.000210393
0
0.000420787
0.00031559
0
0.000105197
0.000525984
0.000105197
0.000105197
0.00031559
0.000105197
0.000210393
0.000105197
0.00063118
0.000210393
0.000420787
0.00063118
0.00031559
0.00031559
0.000525984
0.000420787
0.00063118
0.000525984
0.000736377
0.00063118
0.000736377
0.000210393
0.492321