0
0.00312175
0.0156087
0.00728408
0.00416233
0.00728408
0.00728408
0.00312175
0.0062435
0.00416233
0.00104058
0.00520291
0.00208117
0
0.00520291
0
0.00104058
0.00104058
0.00208117
0
0
0.00416233
0
0.00312175
0.00208117
0
0.00312175
0.00104058
0.00104058
0.00104058
0
0
0
0
0
0
0
0
0
0
0
0
0
0.00208117
0
0.00104058
0
0.00104058
0
0
0
0
0
0
0.00104058
0
0
0
0
0
0.00104058
0
0
0
0.00208117
0
0
0
0
0
0
0
0
0
0.00208117
0
0
0.00104058
0
0
0
0
0
0
0
0
0
0
0
0
0
0
0
0
0
0
0
0
0
0
0
0
0
0
0
0
0
0
0
0
0
0
0
0.00208117
0
0
0
0
0
0
0
0
0
0
0
0
0
0
0.00520291
0
0
0.00104058
0.00208117
0.00312175
0.00104058
0.00312175
0.00104058
0.00104058
0
0
0.00104058
0.00208117
0.00416233
0.00312175
0.00208117
0.00312175
0
0.00416233
0.00416233
0.0104058
0.00416233
0.0239334
0.0270552
0.116545
0.105099
0.0780437
0.0489074
0.0260146
0.0114464
0.0166493
0.0176899
0.0062435
0.0197711
0.00208117
0.0062435
0.00936524
0.00936524
0.00728408
0.00520291
0.00416233
0.0270552
0.00104058
0.0062435
0.00104058
0.00520291
0.00416233
0.00312175
0.00208117
0.00104058
0.00208117
0.00312175
0.0104058
0.00312175
0.00208117
0.00312175
0
0.00208117
0.00416233
0.00208117
0.00312175
0.00520291
0.0062435
0.00104058
0.00208117
0.00208117
0.00208117
0
0
0.00208117
0
0.00104058
0
0.00312175
0.00104058
0
0.00312175
0.00104058
0.00104058
0.00416233
0.00208117
0
0.00104058
0
0.00936524
0
0.00104058
0.00208117
0.00208117
0.00520291
0
0.00104058
0.00208117
0
0.00104058
0
0.00208117
0.00104058
0.00104058
0.00104058
0
0.00728408
0.00312175
0.00104058
0.00104058
0.00104058
0
0.00416233
0.00208117
0.00104058
0.0062435
0.00312175
0.00520291
0.00728408
0.00832466
0.0062435
0.00104058
0
0.00728408
0.00520291
0.00520291
0.00936524
0.0135276
0.00832466
0.0114464
0.00312175
0.0218522