0
0
0
0.00116144
0.00348432
0.00058072
0.00174216
0.0029036
0
0.00232288
0
0.00232288
0.00058072
0.00174216
0.00058072
0.00058072
0.00058072
0
0.00058072
0
0
0.00058072
0
0
0
0
0
0
0
0
0
0
0
0
0
0
0
0
0
0
0
0
0
0.0029036
0
0
0
0
0
0
0
0
0
0
0
0
0
0
0
0
0
0
0
0
0
0
0
0
0
0
0
0
0
0
0
0
0
0
0
0
0
0
0
0
0
0
0
0
0
0
0
0
0
0
0
0
0
0
0
0
0
0
0
0
0
0
0
0
0
0
0
0
0
0
0
0
0
0
0
0
0
0
0
0
0
0
0
0
0.00116144
0
0
0
0
0
0
0
0
0
0
0
0
0
0.00058072
0
0
0.00232288
0.0029036
0.00116144
0.00116144
0.00754936
0.00174216
0.00406504
0.00696864
0.0110337
0.0116144
0.0127758
0.0325203
0.0214866
0.0261324
0.0296167
0.00464576
0.00696864
0.018583
0.0116144
0.00696864
0.0087108
0.00987224
0.00174216
0
0
0.128339
0
0
0.00058072
0.00522648
0.00348432
0.00348432
0.00174216
0.00058072
0.00813008
0
0.0121951
0.00174216
0.00116144
0.0423926
0
0.00116144
0.00464576
0.00116144
0
0
0.0603949
0
0.00058072
0.00116144
0
0.00058072
0.00174216
0.0232288
0
0.00174216
0
0.00522648
0.00116144
0.00174216
0.00058072
0.0029036
0.00058072
0
0
0
0
0
0.0749129
0
0
0
0.00116144
0.00232288
0.00116144
0.00464576
0.00754936
0.00174216
0.00464576
0.00058072
0.00232288
0
0.0133566
0.00406504
0
0.00754936
0.00464576
0.00058072
0
0.029036
0
0.00464576
0.00522648
0.0058072
0.0058072
0.00464576
0.0272938
0.00638792
0.0162602
0.0209059
0.00406504
0.00696864
0.0232288
0.0313589
0.0121951
0.00813008
0.0214866
0.00754936
0
0
0.043554