0
7.18184e-005
0.00122091
0.00150819
0.00150819
0.00165182
0.00337547
0.00596093
0.00215455
0.00574548
0.00323183
0.00840276
0.00825912
0.00538638
0.0112037
0.00617639
0.0111319
0.01264
0.0166619
0.017021
0.0173801
0.0253519
0.0207555
0.024921
0.021761
0.0179546
0.018601
0.0153691
0.0135019
0.00869003
0.00732548
0.00588911
0.00567366
0.00438093
0.00251365
0.00359092
0.00150819
0.00158001
0.00093364
0.00129273
0.000646366
0.00158001
0.000143637
0.146869
0
0.000143637
7.18184e-005
0.000430911
7.18184e-005
0.000287274
0.000646366
0.000215455
0.000215455
0.000502729
0.000215455
0.000430911
0.000143637
0.00093364
0.000430911
0
0.000502729
0.000359092
0.000143637
0.000287274
0.00136455
0.000287274
0.000287274
0.000287274
0.000574548
0.000359092
0.000215455
0.000718184
0.000143637
0.000143637
0.000502729
0
7.18184e-005
0.000215455
0.000287274
7.18184e-005
0.000143637
0.000215455
7.18184e-005
0
0
0.00150819
0
0
0.000143637
0
0
0.000143637
0.000215455
7.18184e-005
0.000359092
7.18184e-005
0.000574548
0.000287274
7.18184e-005
0.000430911
0
0.000215455
0.000143637
7.18184e-005
0.000143637
0.000287274
0.0011491
0
0.000143637
0.000646366
0
0.000143637
0.000574548
0.000718184
0.000215455
0.000430911
0.000287274
0.000502729
0.000646366
0.000646366
0.000287274
0.000574548
0.000718184
0.000861821
0.000861821
0.000359092
0.000143637
0
0.0148664
0.000359092
0.000718184
0.00107728
0.0011491
0.00172364
0.00186728
0.0027291
0.00337547
0.00150819
0.00208273
0.00165182
0.00287274
0.00136455
0.00265728
0.00258546
0.00186728
0.00438093
0.00423729
0.00459638
0.00481184
0.0163746
0.0116346
0.00603275
0.00474002
0.00675093
0.00380638
0.00287274
0.00344729
0.00208273
0.00172364
0.00136455
0.00107728
0.000430911
0.000790003
0.000861821
0.000574548
0.000790003
0.000430911
0.000359092
7.18184e-005
0
0.0035191
0
0.000287274
0.000359092
0.000215455
0.000287274
0.000215455
0.000143637
7.18184e-005
0.000502729
0
0.000287274
0.000287274
0.000287274
0.000502729
0.000359092
7.18184e-005
0.000215455
0.000430911
0.000287274
0
0.000502729
7.18184e-005
7.18184e-005
7.18184e-005
7.18184e-005
0.000287274
0.000143637
0.000359092
0
0.000359092
0
7.18184e-005
0.000143637
0.000143637
0
0.000143637
0
7.18184e-005
7.18184e-005
0
0
0
0.00143637
0
7.18184e-005
0.000143637
0.000287274
0.000215455
0.000143637
7.18184e-005
0.000287274
7.18184e-005
0.000574548
0
0.000646366
0
0.000574548
0.000574548
0.000143637
0.000359092
0.000287274
7.18184e-005
7.18184e-005
0.000718184
0.000143637
0.000287274
0.000359092
0.000430911
0.000287274
0.000359092
0.000646366
0.000502729
0.000502729
0.000502729
0.000430911
0.000287274
0.000861821
0.00136455
0.000430911
0.000861821
0.000502729
0.000861821
0.000287274
7.18184e-005
0.325481