0
0.0693027
0.0841837
0.0437925
0.0157313
0.0170068
0.0119048
0.00510204
0.0110544
0.00892857
0.00297619
0.0085034
0.00255102
0.00255102
0.00340136
0.00255102
0.00085034
0.00297619
0.00382653
0.00340136
0.00297619
0.00340136
0.00042517
0.00127551
0.00085034
0.00042517
0.00085034
0.00212585
0.00127551
0.00042517
0.00042517
0
0.00170068
0.00042517
0.00085034
0.00042517
0
0
0.00042517
0
0
0
0
0.00212585
0
0
0
0.00042517
0
0
0
0.00042517
0
0
0
0
0
0
0
0
0.00085034
0
0
0
0.00127551
0
0.00042517
0
0
0
0
0
0
0
0.00042517
0
0
0
0.00042517
0
0
0
0
0
0
0.00042517
0
0
0
0
0
0.00042517
0
0
0
0
0
0
0
0
0
0
0
0
0
0
0.00042517
0
0
0.00085034
0
0.00085034
0.00042517
0.00127551
0.00042517
0.00042517
0.00127551
0
0.00042517
0.00042517
0.00085034
0
0
0.00085034
0.00085034
0.00042517
0.00042517
0
0.00637755
0.00212585
0.00085034
0.00085034
0.00127551
0.00297619
0.00212585
0.00085034
0.0042517
0.0042517
0.00765306
0.00637755
0.00722789
0.00680272
0.014881
0.0127551
0.0127551
0.0233844
0.0276361
0.0357143
0.0229592
0.0314626
0.0208333
0.0144558
0.0144558
0.0136054
0.0119048
0.00765306
0.0123299
0.00552721
0.0102041
0.0102041
0.00212585
0.00552721
0.00680272
0.00722789
0.0042517
0.00297619
0.00127551
0.00340136
0.00127551
0
0.022534
0
0.00085034
0.00170068
0.00127551
0.00170068
0.00170068
0.00170068
0.00085034
0.00340136
0.00085034
0.00212585
0.00085034
0.00212585
0.00340136
0.00170068
0.00085034
0.00255102
0.00085034
0.00042517
0
0.00340136
0.00042517
0.00042517
0.00085034
0.00042517
0.00127551
0.00212585
0.00170068
0.00042517
0.00170068
0.00042517
0.00127551
0.00042517
0.00042517
0.00127551
0
0.00127551
0.00085034
0.00085034
0.00085034
0
0
0.00680272
0.00042517
0.00085034
0.00042517
0
0.00085034
0.00085034
0.00127551
0.00127551
0.00042517
0.00042517
0.00042517
0.00042517
0.00085034
0.00170068
0
0.00042517
0.00340136
0.00170068
0.00212585
0.00127551
0.00467687
0.00255102
0.00255102
0.00340136
0.00382653
0.00297619
0.00127551
0.00552721
0.00255102
0.00467687
0.00637755
0.00467687
0.0042517
0.00892857
0.0110544
0.00510204
0.0119048
0.0085034
0.00680272
0.0106293
0.0191327
0.0429422