0
0.0419922
0.0429688
0.03125
0.0380859
0.0449219
0.0458984
0.0253906
0.0214844
0.015625
0.0146484
0.0244141
0.0136719
0.0126953
0.0195313
0.0117188
0.0126953
0.0136719
0.0117188
0.00976563
0.00683594
0.0146484
0.00292969
0.00292969
0.015625
0.00195313
0.015625
0.0078125
0.0205078
0.000976563
0.0107422
0.00585938
0.0078125
0.00488281
0.00878906
0.0126953
0.00976563
0.00585938
0.0117188
0.00390625
0.000976563
0
0
0.0332031
0
0
0.000976563
0.000976563
0
0.00390625
0.00390625
0.000976563
0.000976563
0.00488281
0
0.000976563
0.000976563
0.00390625
0.00195313
0
0.00390625
0.00195313
0
0
0.00390625
0
0.000976563
0
0.00195313
0
0
0.000976563
0
0.000976563
0.000976563
0
0
0.00292969
0
0.000976563
0
0
0
0
0
0.00488281
0
0
0
0.000976563
0
0.000976563
0.000976563
0
0
0
0.000976563
0
0
0.000976563
0
0.00195313
0
0
0.00292969
0
0.00195313
0
0.000976563
0
0
0.00390625
0
0.000976563
0.000976563
0.00195313
0.000976563
0.000976563
0
0
0.000976563
0
0
0
0.00195313
0
0
0
0.0117188
0
0
0
0.000976563
0
0
0.00195313
0
0
0.000976563
0.00195313
0.000976563
0.000976563
0.00390625
0
0
0.00390625
0.000976563
0
0
0.00390625
0.000976563
0
0.00195313
0.000976563
0.000976563
0.000976563
0.00292969
0.000976563
0.000976563
0
0
0
0
0.000976563
0
0
0
0.000976563
0
0
0.00683594
0.000976563
0.000976563
0
0.000976563
0.000976563
0
0
0.00195313
0
0.000976563
0.000976563
0
0
0.00195313
0.000976563
0.000976563
0
0
0.000976563
0
0
0
0.00195313
0.000976563
0.000976563
0
0
0
0.000976563
0
0
0.00195313
0
0
0
0.000976563
0
0.00195313
0
0
0
0
0.00390625
0
0
0
0
0
0
0.000976563
0.000976563
0.000976563
0.00195313
0
0.000976563
0
0.00195313
0
0
0.00488281
0.00195313
0.000976563
0
0.00292969
0.00292969
0.000976563
0.00195313
0.00195313
0.00195313
0.00195313
0.00390625
0.00292969
0.00390625
0.00390625
0.00488281
0.000976563
0.00585938
0.0107422
0.00878906
0.00683594
0.0107422
0.0107422
0.0146484
0.015625
0.0546875