0
0.018018
0.014553
0.018711
0.015246
0.02079
0.020097
0.011088
0.00693001
0.01386
0.002772
0.01386
0.00762301
0.00693001
0.00623701
0.004158
0.00831601
0.004158
0.002772
0.003465
0.002772
0.003465
0
0.002079
0.000693001
0
0.000693001
0.001386
0.001386
0
0.000693001
0.000693001
0.000693001
0
0
0
0.001386
0
0
0
0.000693001
0
0
0.001386
0
0
0
0
0
0
0.000693001
0
0
0
0
0
0
0
0
0
0.000693001
0
0
0
0.000693001
0
0
0
0
0
0
0
0
0
0
0
0
0
0
0
0
0
0
0
0
0.002079
0
0
0
0
0
0
0
0
0
0
0
0
0
0
0
0
0
0
0
0
0.000693001
0
0.000693001
0
0
0
0
0.000693001
0
0
0
0.000693001
0
0
0
0
0
0
0
0
0
0
0.002079
0.000693001
0
0
0.000693001
0
0
0
0
0.000693001
0.001386
0
0.002772
0
0.002079
0.00485101
0
0.00485101
0.00554401
0.00693001
0.004158
0.013167
0.012474
0.015939
0.022176
0.029799
0.029106
0.02772
0.037422
0.022176
0.02079
0.019404
0.00831601
0.013167
0.00970201
0.015246
0.00831601
0.00970201
0.00623701
0.00554401
0.004158
0
0.029106
0
0
0.004158
0.003465
0.002772
0.001386
0.002079
0
0.00485101
0.001386
0.003465
0.001386
0.003465
0.00623701
0.001386
0.000693001
0.002772
0.002079
0
0
0.00693001
0.000693001
0.000693001
0
0.000693001
0.002079
0.002079
0.003465
0
0.000693001
0
0.002079
0.000693001
0.002079
0.001386
0
0
0
0.002772
0
0
0
0.00693001
0
0.001386
0.000693001
0.001386
0.002079
0.000693001
0
0.002079
0
0.004158
0.000693001
0.000693001
0.001386
0.003465
0.003465
0.000693001
0.002079
0.000693001
0.003465
0.002772
0.003465
0.002079
0.003465
0.00623701
0.004158
0
0.00623701
0.011781
0.00900901
0.011088
0.011088
0.00554401
0.00554401
0.00900901
0.016632
0.00900901
0.011088
0.016632
0.018711
0.019404
0.012474
0.0796951