0
0.0196078
0.0313726
0.0362745
0.0352941
0.045098
0.0490196
0.0490196
0.0264706
0.0754902
0.0196078
0.0833333
0.0372549
0.0245098
0.0666667
0.0156863
0.0205882
0.0156863
0.0215686
0.00882353
0.00686275
0.0392157
0.00196078
0.000980392
0.00784314
0.00196078
0.00784314
0.00392157
0.0127451
0.00294118
0.00392157
0.00294118
0.00392157
0.00196078
0.00392157
0.00294118
0.00294118
0.000980392
0.000980392
0
0.000980392
0
0
0.00882353
0
0
0.000980392
0
0
0
0
0.000980392
0.000980392
0.000980392
0
0.000980392
0
0.00392157
0
0
0
0
0
0
0.00294118
0
0
0
0
0
0
0.00196078
0
0.000980392
0
0
0
0.000980392
0
0
0
0
0
0
0
0.00196078
0
0
0
0
0
0
0
0
0
0
0
0
0
0.000980392
0
0.000980392
0.000980392
0
0.000980392
0
0
0
0
0
0
0
0
0.000980392
0
0.000980392
0
0
0
0
0
0.000980392
0
0
0.000980392
0
0
0
0.00490196
0
0
0
0
0
0
0
0
0
0
0
0
0.000980392
0
0
0
0.000980392
0
0
0
0.000980392
0
0
0
0
0
0
0
0
0
0.000980392
0
0
0
0.000980392
0
0
0
0
0
0
0
0
0
0
0
0
0
0
0
0
0
0
0
0
0
0
0
0
0
0
0
0.00294118
0
0
0
0
0
0
0
0
0.000980392
0
0
0
0
0
0
0
0
0
0
0
0
0.00294118
0
0
0
0
0
0
0
0
0
0
0
0
0
0.00196078
0
0
0
0
0
0
0.00294118
0
0
0
0.00196078
0
0
0.00588235
0
0
0.00490196
0
0.00196078
0.00392157
0.00294118
0.00196078
0.00490196
0.00294118
0.000980392
0.00686275
0.00294118
0.108824