0
0.0155405
0.0371622
0.0378378
0.0371622
0.0297297
0.0317568
0.0385135
0.0182432
0.0662162
0.0236486
0.0547297
0.0364865
0.027027
0.077027
0.0148649
0.0162162
0.0391892
0.0202703
0.0101351
0.00675676
0.05
0.0027027
0.00405405
0.00878378
0.00202703
0.0141892
0.00743243
0.022973
0.00337838
0.00675676
0.00810811
0.00878378
0.00675676
0.00405405
0.00810811
0.00202703
0.00202703
0.00202703
0.00405405
0.00135135
0
0
0.022973
0
0
0.0027027
0.00135135
0.000675676
0.00202703
0.000675676
0.00135135
0.000675676
0
0
0
0
0.0027027
0.000675676
0.000675676
0
0
0
0
0.00135135
0
0.000675676
0.000675676
0
0.000675676
0
0
0
0
0
0
0
0.000675676
0.000675676
0
0
0
0
0
0
0.0027027
0
0
0
0
0.000675676
0
0.00135135
0
0
0
0
0.000675676
0
0
0
0
0.000675676
0
0
0
0.000675676
0
0
0
0
0
0
0
0
0
0
0.000675676
0
0
0
0
0
0
0
0.000675676
0
0
0.00337838
0
0
0
0
0
0.000675676
0
0
0
0
0
0
0
0
0
0
0.000675676
0
0
0
0.000675676
0
0
0
0
0
0
0.000675676
0
0
0.00135135
0
0
0
0
0
0.000675676
0
0
0
0
0.00202703
0
0
0
0
0
0
0
0
0
0
0
0
0
0
0
0
0
0
0
0
0.00135135
0
0.000675676
0
0
0
0
0.00135135
0
0
0
0
0
0
0
0
0
0
0
0
0
0
0.00675676
0
0
0
0
0
0
0
0
0
0
0
0
0
0.000675676
0
0
0
0
0
0
0.00202703
0
0
0
0.00135135
0.000675676
0
0.000675676
0.00135135
0.000675676
0.0027027
0.000675676
0
0.00337838
0
0.000675676
0.00202703
0.00135135
0.00337838
0.00337838
0.00472973
0.0925676