0
0.0160256
0.0224359
0.0128205
0.0144231
0.0144231
0.00961538
0.00801282
0.00641026
0.00961538
0.00480769
0.00801282
0.00961538
0.00160256
0.0128205
0
0
0.00320513
0.00480769
0
0
0.00641026
0
0
0
0
0
0.00160256
0.00320513
0
0
0
0
0.00160256
0
0.00160256
0
0
0
0
0
0
0
0.00961538
0
0
0
0
0
0
0
0
0
0
0
0
0
0
0
0
0
0
0
0
0
0
0
0
0
0
0
0
0
0
0
0
0
0
0
0
0
0
0
0
0
0
0
0
0
0
0
0
0
0
0
0
0
0
0
0
0
0
0
0
0
0
0
0
0
0
0
0
0
0.00160256
0
0
0
0
0
0
0
0
0
0
0
0
0
0
0.00320513
0
0
0
0
0
0.00160256
0
0
0
0
0.00160256
0
0.00160256
0
0
0
0.00160256
0
0.00160256
0
0.00480769
0.00160256
0.00160256
0.00160256
0.00160256
0.00160256
0.00160256
0.00160256
0
0
0.00641026
0.00320513
0.00160256
0.00160256
0.00641026
0
0.00320513
0.00480769
0.00160256
0
0
0.158654
0
0.00160256
0.00160256
0
0.00160256
0
0.00320513
0.00320513
0.00320513
0
0.0448718
0
0
0.088141
0
0
0.00160256
0.00160256
0
0.00320513
0.0352564
0
0.00160256
0.00160256
0.00160256
0.00480769
0.00320513
0.0160256
0
0.00160256
0
0.00160256
0.00160256
0
0.00320513
0.00160256
0
0
0
0
0
0
0.0384615
0
0.00320513
0
0.00480769
0.00160256
0.00641026
0.00160256
0.00480769
0.00160256
0.00480769
0
0.00320513
0
0.00320513
0
0.00160256
0.00320513
0
0
0
0.0272436
0.00320513
0.00480769
0.00641026
0.00801282
0.00320513
0.00320513
0.0144231
0.00160256
0.0144231
0.00961538
0.00801282
0.00320513
0.00320513
0.0176282
0.00801282
0.00320513
0.0272436
0.00641026
0.0128205
0.00480769
0.104167