0.0004095
0.00819001
0.031941
0.0634726
0.0276413
0.018018
0.015561
0.00921376
0.0104423
0.00900901
0.00921376
0.0110565
0.00757576
0.0108518
0.00962326
0.0137183
0.0137183
0.0159705
0.0165848
0.0143325
0.0153563
0.0214988
0.0126945
0.0217035
0.0186323
0.0143325
0.022932
0.0178133
0.0315315
0.0174038
0.022932
0.0214988
0.0165848
0.0210893
0.0157658
0.018837
0.0178133
0.0120803
0.0120803
0.0118755
0.012285
0.004095
0.0004095
0.0569206
0.00307125
0.00389025
0.00552826
0.004095
0.002457
0.00225225
0.0028665
0.001638
0.0012285
0.00184275
0.0012285
0.000614251
0.00102375
0.000614251
0.000614251
0.0004095
0.00020475
0
0.0004095
0
0.000819001
0.0004095
0.0004095
0.00020475
0
0.000819001
0.0004095
0.000614251
0
0.00020475
0.00102375
0.00020475
0
0.0004095
0.00020475
0
0
0
0
0.00020475
0.00020475
0.0004095
0
0.00020475
0
0
0.0004095
0.00020475
0
0
0
0.00020475
0.00020475
0
0
0.000614251
0.00020475
0.00020475
0
0.00020475
0
0
0.0004095
0
0
0
0
0
0.00020475
0.00020475
0
0
0.00020475
0
0.00020475
0.0004095
0
0
0.00020475
0
0
0.00020475
0.00020475
0
0.00757576
0.0004095
0
0.0004095
0.000819001
0.0004095
0.00020475
0.00020475
0.00020475
0.00020475
0.00020475
0.000614251
0.0004095
0.0004095
0.0012285
0
0.0004095
0
0.000614251
0.0004095
0.000614251
0.00143325
0.000614251
0.000614251
0.0004095
0.000614251
0.0004095
0
0.000614251
0.00020475
0
0.001638
0.00020475
0.00020475
0.0004095
0
0.00020475
0.000614251
0.00020475
0.0004095
0.0004095
0.00020475
0.0028665
0
0.0004095
0.00020475
0.00020475
0.00020475
0.00020475
0.00102375
0.00020475
0.000819001
0.00020475
0.000614251
0.000614251
0
0.0004095
0.00020475
0.00020475
0.00020475
0.00020475
0.00020475
0
0.0012285
0
0.00020475
0
0
0.0004095
0
0.00020475
0
0
0.000614251
0.00020475
0
0
0
0
0.00020475
0
0
0
0.00020475
0
0.0028665
0.00020475
0.00020475
0
0
0.0004095
0.00020475
0.00020475
0.00020475
0.0004095
0.00020475
0.0004095
0.00020475
0.000819001
0
0
0.000614251
0.0004095
0
0.00020475
0.000819001
0.0004095
0.00020475
0
0.000819001
0.0012285
0.00020475
0.000614251
0.000819001
0.000819001
0.00020475
0.00102375
0.0020475
0.000819001
0.0012285
0.0012285
0.00225225
0.001638
0.00225225
0.00184275
0.00143325
0.00225225
0.131245