0
0.0094518
0.0132325
0.0151229
0.0170132
0.0094518
0.0094518
0.0094518
0.00189036
0.0151229
0
0.00378072
0.0094518
0.0113422
0.00756144
0.00189036
0
0.00567108
0
0.00567108
0.00189036
0.00378072
0
0.00189036
0.00189036
0
0
0
0
0
0
0
0
0.00189036
0.00189036
0
0
0
0
0
0
0
0
0
0
0
0
0
0
0
0.00189036
0
0
0
0
0
0
0
0
0
0
0
0
0
0.00189036
0
0
0
0
0
0
0
0
0
0
0
0
0
0
0
0
0
0
0
0
0
0
0
0
0
0
0
0
0
0
0
0
0
0
0
0
0
0
0
0
0
0
0
0
0
0
0
0
0
0
0
0
0
0
0
0
0
0
0
0
0
0
0
0.00378072
0
0
0
0.00189036
0.00189036
0
0.00189036
0
0.00378072
0.00189036
0
0
0
0
0
0
0
0.00189036
0.00378072
0
0.00378072
0
0.00189036
0
0
0
0
0
0
0
0.0113422
0.00189036
0
0.00189036
0
0
0.00189036
0.00378072
0.00378072
0.00189036
0
0.141777
0
0
0.00189036
0.00189036
0.00189036
0.00189036
0.00189036
0
0.00189036
0
0.0378072
0
0
0.0661626
0
0.00189036
0.00378072
0
0
0.00189036
0.0415879
0
0
0
0.00189036
0.00189036
0.00378072
0.0226843
0
0
0.00189036
0.00189036
0
0.00567108
0.00189036
0.00189036
0
0.00378072
0
0.00189036
0
0
0.047259
0
0
0
0
0.00189036
0.00189036
0
0
0.00189036
0.00378072
0
0
0
0.0132325
0.00756144
0.00378072
0.00378072
0.00378072
0.00189036
0.00378072
0.0170132
0.0113422
0
0.0113422
0.00378072
0.00567108
0.00189036
0.0283554
0.00189036
0.0094518
0.0170132
0.0094518
0.0113422
0.0226843
0.0226843
0.0189036
0.0151229
0.0226843
0.00756144
0.0189036
0.0094518
0.0680529