0.002457
0.00307125
0.00675676
0.00921376
0.0178133
0.0337838
0.0436118
0.044226
0.0454545
0.0577396
0.0325553
0.0528256
0.0522113
0.0724816
0.0571253
0.0565111
0.0503686
0.0307125
0.0325553
0.0227273
0.012285
0.0178133
0.004914
0.0036855
0.002457
0.00184275
0.004914
0.002457
0.00429975
0.00184275
0.0012285
0.0012285
0.0036855
0.0012285
0.00184275
0.00184275
0.000614251
0.000614251
0.00184275
0.00184275
0.000614251
0.0012285
0
0.022113
0
0
0
0
0
0
0.000614251
0
0.000614251
0
0
0
0
0
0
0
0
0.000614251
0.000614251
0
0.0012285
0
0
0
0
0
0
0
0
0
0
0
0
0
0
0
0
0
0
0
0
0.002457
0
0
0
0
0
0.000614251
0
0
0
0
0.000614251
0
0
0
0
0
0
0
0.000614251
0
0.000614251
0
0.0012285
0.00184275
0
0.000614251
0
0
0
0.000614251
0.00184275
0
0.0012285
0.000614251
0
0
0
0.0012285
0.000614251
0.0012285
0.000614251
0
0.0110565
0
0.000614251
0.000614251
0.000614251
0.002457
0.002457
0
0.00184275
0.00307125
0.00184275
0.0012285
0
0.000614251
0.0012285
0
0.000614251
0
0.002457
0.000614251
0.00184275
0.000614251
0.0012285
0.000614251
0.0012285
0.000614251
0.000614251
0.00184275
0.000614251
0
0.0012285
0.000614251
0.000614251
0.000614251
0.0012285
0
0.000614251
0
0.000614251
0.0012285
0
0
0.00184275
0
0.000614251
0
0
0
0
0
0
0
0
0
0
0.000614251
0.000614251
0
0
0
0
0
0
0
0
0
0
0
0
0
0.0012285
0
0.000614251
0
0
0.000614251
0.0012285
0
0.000614251
0.000614251
0
0
0
0
0
0.00859951
0
0.000614251
0
0
0
0
0
0
0
0
0
0
0
0.0012285
0
0
0
0.0012285
0.000614251
0.0012285
0.002457
0
0
0.0012285
0.00184275
0.0012285
0.000614251
0
0.000614251
0.0036855
0.00184275
0
0.002457
0.00184275
0.000614251
0.002457
0.0012285
0.0012285
0.00184275
0.0012285
0.002457
0.0608108