0
0.0144756
0.0123398
0.0123398
0.0135263
0.0164926
0.0100854
0.0106787
0.00735643
0.0134077
0.00474608
0.00984813
0.00771239
0.00616991
0.00961082
0.00474608
0.00498339
0.005458
0.00474608
0.00379687
0.00261035
0.008187
0.000830565
0.00308495
0.002729
0.000949217
0.00308495
0.00201709
0.00284765
0.000830565
0.00201709
0.000949217
0.00154248
0.00154248
0.00177978
0.00106787
0.000711913
0.000830565
0.000949217
0.00106787
0.000355956
0.000118652
0
0.00711913
0
0.000474608
0.000118652
0.000711913
0.000355956
0.000237304
0.000949217
0.000474608
0.000355956
0.00118652
0.000711913
0.000118652
0.000118652
0.00106787
0.000474608
0.000118652
0.000355956
0.000474608
0.000237304
0
0.00177978
0.000118652
0.000474608
0.000237304
0.000711913
0.000237304
0.000118652
0.00106787
0
0.000118652
0.000355956
0.000118652
0.000118652
0.000474608
0.000474608
0.000237304
0.000237304
0.000237304
0.000118652
0
0
0.00213574
0
0
0.000118652
0
0.000237304
0.000355956
0.000118652
0.000118652
0.000593261
0
0.000237304
0.000237304
0.000118652
0.000949217
0.000118652
0.000118652
0.000237304
0.000237304
0.000355956
0.000474608
0.00130517
0.000118652
0.000118652
0.000474608
0.000237304
0.000949217
0.000237304
0.00118652
0.000593261
0.000593261
0
0.000474608
0.000355956
0.000830565
0.00106787
0.000355956
0.000593261
0.000593261
0.000474608
0.000474608
0.000237304
0
0.0104414
0.000237304
0.000711913
0.00189843
0.000593261
0.000237304
0.000830565
0.00201709
0.00130517
0.00118652
0.00189843
0.00142383
0.00355956
0.00118652
0.00332226
0.00367822
0.00177978
0.00628856
0.005458
0.008187
0.00522069
0.0166113
0.0122212
0.0124585
0.013289
0.0205268
0.0176792
0.0196963
0.0234931
0.0166113
0.0151875
0.0176792
0.008187
0.00949217
0.013645
0.00984813
0.00771239
0.00676317
0.00593261
0.005458
0.00462743
0.00118652
0.0364262
0.000474608
0.00177978
0.00237304
0.00439013
0.00403417
0.00308495
0.00320361
0.00201709
0.00522069
0.000830565
0.00486474
0.002729
0.00237304
0.00676317
0.00201709
0.00225439
0.00177978
0.00237304
0.002729
0.000711913
0.00688182
0.000593261
0.00154248
0.00308495
0.000711913
0.00177978
0.00142383
0.00522069
0
0.00237304
0.000830565
0.00130517
0.00142383
0.00213574
0.00130517
0.000830565
0.00201709
0.00130517
0.000830565
0.000711913
0.000118652
0
0.0125771
0
0.000355956
0.000593261
0.000830565
0.00118652
0.000474608
0.00154248
0.000949217
0.000949217
0.002729
0.000949217
0.00225439
0.000237304
0.00391552
0.00189843
0.000474608
0.00261035
0.00308495
0.00130517
0.000355956
0.00925486
0.00177978
0.00189843
0.00213574
0.00581395
0.0029663
0.00237304
0.00652587
0.00439013
0.00605126
0.00652587
0.00249169
0.00486474
0.00783104
0.0086616
0.00878026
0.00889891
0.0142383
0.0138823
0.0228999
0.043664
0.0726151