0.000816993
0.00571895
0.0122549
0.0212418
0.0469771
0.0490196
0.0375817
0.0290033
0.0187909
0.0220588
0.0171569
0.0277778
0.0245098
0.0245098
0.0298203
0.0204248
0.0224673
0.0220588
0.0298203
0.0269608
0.0171569
0.0465686
0.00653595
0.0175654
0.0208333
0.0106209
0.0273693
0.0179739
0.0228758
0.00571895
0.0183824
0.00776144
0.0126634
0.00980392
0.0122549
0.0110294
0.00857843
0.00694444
0.0134804
0.0106209
0.00735294
0.00408497
0
0.066585
0.00122549
0.00122549
0.000816993
0.000408497
0.00122549
0.00163399
0.00122549
0.000408497
0.00122549
0.00163399
0
0.000816993
0.00122549
0.00204248
0.00122549
0.000408497
0.00122549
0.00122549
0.000408497
0
0.00163399
0.000408497
0
0
0.000408497
0.000408497
0
0.000408497
0.000816993
0
0.000408497
0.000408497
0
0.000408497
0.000408497
0
0
0.000408497
0.000408497
0
0
0.00122549
0
0.000816993
0.000408497
0.000816993
0.000408497
0.000408497
0.000408497
0
0.000408497
0
0.00122549
0
0
0.000816993
0.000408497
0.000408497
0
0.000408497
0
0.000408497
0.00122549
0
0.000408497
0
0
0.000408497
0
0
0
0.00122549
0
0.000408497
0
0.00122549
0
0
0.000816993
0
0.000408497
0.000408497
0.000816993
0
0.00285948
0.00122549
0.000408497
0.000408497
0.000408497
0.000816993
0
0.000408497
0.000408497
0
0.000816993
0
0.000408497
0
0.00122549
0
0
0.000816993
0
0.000408497
0.000816993
0.00245098
0.000816993
0
0.000408497
0.000816993
0.000408497
0
0.000408497
0.000408497
0.000816993
0.000408497
0
0.000408497
0
0.000816993
0
0
0
0.000408497
0
0
0.00326797
0
0
0.000408497
0.000816993
0.000816993
0
0
0.000408497
0.000408497
0
0
0
0.000408497
0
0
0
0.000408497
0
0
0
0.000816993
0
0
0
0
0
0
0.000408497
0
0
0
0
0
0
0
0
0
0
0
0
0
0
0.00122549
0
0.000408497
0
0.000408497
0
0.000408497
0.000816993
0
0.000408497
0.000408497
0
0
0
0.00204248
0.000408497
0.000408497
0.000408497
0
0
0
0.00122549
0.000816993
0.000816993
0
0.000816993
0.000816993
0
0.000408497
0.00122549
0.00122549
0.00367647
0.000816993
0.00163399
0.00326797
0.00163399
0.00163399
0.00163399
0.00163399
0.00122549
0.00367647
0.00245098
0.0200163