0
0.00380807
0.00217604
0.00228484
0.00293766
0.00315526
0.00250245
0.00250245
0.00228484
0.00337286
0.00152323
0.00304646
0.00304646
0.00195844
0.00272005
0.00337286
0.00413448
0.00369927
0.00359047
0.00446089
0.00446089
0.00609292
0.00467849
0.00783375
0.00565771
0.00674573
0.00837776
0.00826896
0.00946578
0.0100098
0.010989
0.0125122
0.0128386
0.012621
0.0136003
0.0167555
0.0154499
0.0140355
0.0157763
0.0131651
0.0142531
0.0136003
0.00870417
0.106191
0.00685453
0.0100098
0.0108802
0.00903057
0.00674573
0.00663693
0.00576651
0.00609292
0.00489609
0.00391687
0.00478729
0.00391687
0.00337286
0.00435208
0.00304646
0.00141443
0.00489609
0.00304646
0.00250245
0.00141443
0.00195844
0.00119682
0.00184964
0.00152323
0.00141443
0.00119682
0.00174083
0.000761615
0.00119682
0.00130563
0.000979219
0.000435208
0.000217604
0.00119682
0.000979219
0.000870417
0.000435208
0.000761615
0.00054401
0.000108802
0.000217604
0.00141443
0.000108802
0.000108802
0.000435208
0.00054401
0.000326406
0.000326406
0.000435208
0.000435208
0.000761615
0.000108802
0.000979219
0.00054401
0.000326406
0.000326406
0.000217604
0.000326406
0
0.000217604
0
0.000108802
0.000652813
0
0.000326406
0.000761615
0.000108802
0.000108802
0.000108802
0.000217604
0
0.000326406
0.000326406
0.000217604
0.000108802
0.000108802
0
0.000435208
0
0.000108802
0.000217604
0
0
0
0.00184964
0.000108802
0.000217604
0.000217604
0.000435208
0.000108802
0
0.000217604
0
0.000326406
0.000108802
0.000108802
0.000217604
0
0.000870417
0.000108802
0
0.000326406
0.000326406
0.000217604
0.000108802
0.000326406
0.00108802
0.00239365
0.00348167
0.00859537
0.0162115
0.0227396
0.0200196
0.0186052
0.0150147
0.00946578
0.00565771
0.00435208
0.00663693
0.00359047
0.00228484
0.00337286
0.00348167
0.00195844
0.00152323
0.00054401
0.0101186
0
0.00108802
0.00163203
0.00174083
0.00217604
0.00119682
0.00228484
0.000435208
0.00217604
0.000979219
0.00261125
0.00119682
0.00119682
0.00326406
0.00195844
0.00141443
0.00141443
0.00152323
0.00130563
0.00108802
0.00293766
0.000108802
0.00130563
0.00119682
0.000979219
0.00130563
0.00108802
0.00228484
0.000652813
0.00108802
0.000979219
0.000979219
0.00130563
0.00119682
0.000761615
0.00108802
0.000652813
0.000979219
0.00119682
0.00141443
0.000326406
0
0.00446089
0
0.00108802
0.000870417
0.00108802
0.000652813
0.00141443
0.00206724
0.00130563
0.00174083
0.00195844
0.00152323
0.00195844
0.00163203
0.00250245
0.00206724
0.00130563
0.00304646
0.00228484
0.00272005
0.00174083
0.00359047
0.00282885
0.00293766
0.00282885
0.00369927
0.00359047
0.00369927
0.00348167
0.00413448
0.00413448
0.00424328
0.00391687
0.00609292
0.00761615
0.0129474
0.0150147
0.0158851
0.0201284
0.0188228
0.0140355
0.0102274
0.0315526