0
0.0294118
0.0328218
0.0434783
0.0370844
0.0302643
0.0230179
0.0221654
0.0170503
0.0170503
0.0123615
0.0187553
0.0144928
0.0183291
0.0161978
0.0247229
0.0225916
0.0213129
0.0362319
0.0323956
0.0311168
0.0745951
0.0187553
0.0460358
0.0328218
0.0200341
0.0311168
0.0196078
0.0196078
0.00724638
0.00724638
0.0059676
0.00511509
0.00468883
0.00213129
0.0029838
0.00170503
0.000426257
0.00170503
0.00170503
0.00127877
0.000426257
0
0.0144928
0
0.000426257
0.000426257
0.000852515
0
0
0.000426257
0.000426257
0.000852515
0.0029838
0
0.00127877
0.000426257
0.0029838
0
0.000426257
0.000426257
0
0
0
0.00213129
0
0
0
0
0
0
0.00170503
0
0
0.000852515
0
0
0.000426257
0
0
0
0
0
0
0
0.00341006
0
0
0
0
0
0
0
0
0.000426257
0
0.000852515
0
0
0.000426257
0
0.000426257
0
0
0.000426257
0
0.00127877
0
0.000426257
0
0.000426257
0.000852515
0
0.000852515
0
0.000426257
0.000852515
0.00127877
0.000426257
0.000852515
0.000852515
0.000426257
0
0.000852515
0.00127877
0.000426257
0
0
0.0106564
0.000426257
0.000852515
0.000426257
0.000426257
0.000852515
0.00170503
0.00170503
0.00170503
0.00127877
0.00213129
0.00341006
0.000852515
0.00127877
0.00213129
0.000852515
0.000852515
0.000426257
0
0
0
0.00213129
0
0.000426257
0.00255754
0
0.00127877
0
0.000852515
0
0
0.000852515
0
0
0
0
0
0
0
0
0
0
0.00170503
0
0
0
0.000426257
0
0
0
0
0
0
0.000852515
0
0
0
0
0
0.000426257
0
0
0
0
0
0
0
0
0
0
0.000852515
0
0
0
0
0
0.000852515
0
0
0
0
0
0
0
0
0.00127877
0
0
0
0.000426257
0
0.000852515
0.000426257
0.000426257
0
0.000426257
0
0
0
0.00127877
0.000426257
0
0.00170503
0.000426257
0.000426257
0
0.000852515
0.000426257
0
0.00170503
0.000852515
0.000426257
0.000426257
0.00511509
0.000852515
0.00170503
0.00255754
0.00170503
0.0029838
0.00255754
0.00511509
0.00383632
0.00213129
0.00554135
0.00511509
0.00682012
0.00554135
0.0353794