0
0
0
0
0.00588235
0
0
0.00294118
0
0
0
0
0
0
0
0
0
0
0
0
0
0
0
0
0
0
0
0
0
0
0
0
0
0
0
0
0
0
0
0
0
0
0
0
0
0
0
0
0
0
0
0
0
0
0
0
0
0
0
0
0
0
0
0
0
0
0
0
0
0
0
0
0
0
0
0
0
0
0
0
0
0
0
0
0
0
0
0
0
0
0
0
0
0
0
0
0
0
0
0
0
0
0
0
0
0
0
0
0
0
0
0
0
0
0
0
0
0
0
0
0
0
0
0
0
0
0
0
0
0
0
0
0
0
0
0
0
0
0
0
0
0
0
0
0
0
0
0
0
0
0
0
0
0
0
0
0
0
0
0
0
0
0
0
0
0
0
0
0
0
0
0.00294118
0
0
0
0
0
0
0
0
0
0
0
0
0
0
0.00294118
0
0.00294118
0
0
0
0
0.00588235
0.00294118
0
0
0.00294118
0.00294118
0
0.00294118
0
0
0.00294118
0.00294118
0
0
0.00294118
0.00294118
0.00588235
0.0176471
0.0117647
0
0.00588235
0.00588235
0.0117647
0.00588235
0.0147059
0.00588235
0.0235294
0.0235294
0.0352941
0.0441176
0.0382353
0.0470588
0.0411765
0.0617647
0.0588235
0.0647059
0.0411765
0.0441176
0.05
0.0382353
0.0323529
0.0147059
0.00588235
0.0264706
0.0352941
0.0294118
0.0147059
0.0117647
0.0117647
0.00882353
0.0147059
0.0176471
0.00294118
0.00588235
0.00588235
0
0.00294118
0.00588235
0.00588235
0
0
0.00294118
0