0.00273224
0.0221063
0.0628415
0.0772479
0.0461997
0.0330353
0.0228515
0.0158967
0.0106806
0.0116741
0.00670641
0.0121709
0.00645802
0.0116741
0.0203676
0.00645802
0.0052161
0.0101838
0.0111773
0.00869349
0.0034774
0.0312966
0.000248386
0.00769995
0.00844511
0.00273224
0.0104322
0.00447094
0.0176354
0.00223547
0.00720318
0.00223547
0.00993542
0.00298063
0.00496771
0.00447094
0.00546448
0.00223547
0.00124193
0.000745156
0.000745156
0.000248386
0
0.082464
0
0
0.000745156
0.00198708
0.000993542
0.00198708
0.00198708
0.00397417
0.000993542
0.00819672
0.000745156
0.0017387
0
0.0156483
0.00198708
0
0.0052161
0.00149031
0.000496771
0
0.0255837
0.000248386
0.000248386
0.00223547
0.00471932
0.000496771
0.000993542
0.0191257
0.000745156
0.000496771
0.00844511
0.000248386
0.000496771
0.00273224
0.0017387
0.000993542
0.000745156
0.000496771
0
0
0
0.0268256
0
0
0.000248386
0.000496771
0.000745156
0.00124193
0.00149031
0.000248386
0.0017387
0
0.00447094
0.00124193
0
0.00894188
0.000248386
0.000248386
0.00298063
0.000745156
0.00124193
0
0.0136612
0
0.000496771
0.00124193
0.000248386
0.00223547
0.0017387
0.00596125
0.000248386
0.0017387
0.000496771
0.00198708
0.000496771
0.0017387
0.00422255
0.00124193
0.000993542
0.000993542
0.00124193
0.000745156
0
0
0.027074
0.000248386
0.000496771
0.00298063
0.00298063
0.0017387
0.00223547
0.00248386
0.00223547
0.00124193
0.0017387
0.000496771
0.0017387
0.000496771
0.0017387
0.00124193
0.000496771
0.00124193
0.00149031
0.000496771
0
0.00273224
0
0.000496771
0.000496771
0.000496771
0.000248386
0
0.00149031
0.000745156
0.00149031
0.000248386
0.000496771
0.000248386
0.000745156
0.000496771
0.000248386
0.000248386
0.000496771
0
0
0.000248386
0.00720318
0
0
0
0.000496771
0
0.000248386
0
0
0.000496771
0
0.000496771
0
0
0.0017387
0
0
0
0
0
0
0.000496771
0
0.000496771
0.000248386
0
0.000248386
0.000496771
0
0
0
0
0.000248386
0
0.000745156
0
0
0
0
0
0
0
0
0.00198708
0
0
0
0
0
0
0
0.000248386
0
0
0
0.000248386
0
0.000993542
0.000248386
0
0.000248386
0
0
0
0.00223547
0
0
0
0.000745156
0.000248386
0.000496771
0.00248386
0.000496771
0.000248386
0.00248386
0.000496771
0.000496771
0.00198708
0.00223547
0.00198708
0.00149031
0.00248386
0.00372578
0.00422255
0.00720318
0.0481868