0.000896057
0.0241935
0.0277778
0.0510753
0.047491
0.0376344
0.0304659
0.0304659
0.0295699
0.0295699
0.015233
0.0215054
0.00985663
0.015233
0.0215054
0.00806452
0.0125448
0.00896057
0.0134409
0.0125448
0.0134409
0.031362
0.00268817
0.0125448
0.0107527
0.00537634
0.0107527
0.0116487
0.015233
0.0062724
0.0062724
0.00268817
0.00806452
0.00448029
0.00537634
0.000896057
0.000896057
0.00179211
0.00268817
0.00268817
0.00179211
0.000896057
0
0.0215054
0
0.00179211
0.00179211
0.00179211
0.00179211
0.00179211
0.00268817
0.00268817
0.00179211
0.00179211
0.00179211
0.000896057
0.000896057
0.00268817
0.000896057
0.000896057
0.00179211
0.00179211
0
0
0.00179211
0
0.000896057
0
0.00268817
0.00179211
0
0.000896057
0.000896057
0.00179211
0.00179211
0
0.000896057
0.000896057
0.00179211
0.000896057
0.000896057
0
0
0
0
0.00448029
0
0
0
0
0
0
0
0
0.00358423
0
0.00268817
0
0
0.00268817
0.000896057
0
0.000896057
0
0
0.000896057
0.00358423
0
0
0.00179211
0.00179211
0.000896057
0
0.0062724
0
0.000896057
0.000896057
0.00537634
0.000896057
0.00358423
0.00268817
0.00179211
0
0.000896057
0.00179211
0.00179211
0
0
0.016129
0
0.000896057
0.000896057
0.000896057
0.000896057
0.000896057
0.00268817
0.00179211
0.00268817
0.00448029
0.000896057
0.00268817
0.000896057
0.00268817
0.000896057
0.000896057
0.00179211
0.000896057
0.000896057
0.000896057
0.00896057
0
0.00179211
0.000896057
0.000896057
0.000896057
0.000896057
0.00179211
0.000896057
0.000896057
0
0
0.000896057
0.000896057
0.000896057
0.00179211
0
0
0.000896057
0
0
0.00448029
0
0
0
0
0.000896057
0
0.00179211
0
0.000896057
0
0
0
0
0
0
0
0
0
0.00179211
0
0.00179211
0
0
0.000896057
0
0.000896057
0
0
0
0
0
0
0
0.000896057
0
0.000896057
0
0
0
0
0
0
0.00179211
0
0
0
0.000896057
0
0
0.000896057
0
0
0
0
0
0.000896057
0.000896057
0.000896057
0
0.00268817
0
0.000896057
0
0.00358423
0.000896057
0.000896057
0.00179211
0.00268817
0.000896057
0
0.00358423
0.00179211
0.00358423
0.00268817
0.00179211
0.00179211
0.000896057
0.00537634
0.00537634
0.00806452
0.00448029
0.00448029
0.0143369
0.0143369
0.0958781