0.0026455
0.00727513
0.0327381
0.073082
0.0251323
0.0138889
0.0176918
0.0152116
0.00694444
0.0142196
0.00727513
0.0125661
0.0109127
0.00975529
0.0140542
0.00694444
0.00859788
0.0109127
0.010086
0.00644841
0.00578704
0.0170304
0.00314153
0.00595238
0.00793651
0.0041336
0.00595238
0.00462963
0.0115741
0.0026455
0.00793651
0.00462963
0.00529101
0.00396825
0.00578704
0.00595238
0.00462963
0.00248016
0.00330688
0.00330688
0.00132275
0.000992064
0
0.0266204
0.000330688
0.00115741
0.00132275
0.00231481
0.0014881
0.00165344
0.00363757
0.0026455
0.00082672
0.00231481
0.000496032
0.00115741
0.000496032
0.00578704
0.00115741
0.000496032
0.00281085
0.00198413
0.000661376
0
0.00578704
0.000330688
0.00115741
0.00115741
0.00198413
0.000165344
0.000496032
0.0041336
0
0.00132275
0.00181878
0
0.000165344
0.00198413
0.00115741
0.000992064
0.000330688
0.000330688
0
0.000330688
0
0.00876323
0
0
0
0.000330688
0.000496032
0.000330688
0.00132275
0.000330688
0.00214947
0.000165344
0.00132275
0.00082672
0.000330688
0.00330688
0.000661376
0.000496032
0.00165344
0.00082672
0.000165344
0.000661376
0.00628307
0
0.00115741
0.000992064
0.000496032
0.0014881
0.00082672
0.00347222
0.000496032
0.000496032
0.000330688
0.00281085
0.000992064
0.00165344
0.00198413
0.00181878
0.000330688
0.00181878
0.000496032
0.000330688
0.000165344
0
0.0208333
0.000165344
0.000330688
0.00082672
0.00115741
0.000496032
0.0014881
0.00115741
0.00132275
0.00082672
0.00214947
0.00082672
0.00132275
0.0014881
0.00330688
0.00115741
0.000496032
0.00181878
0.00115741
0.00132275
0.000496032
0.00347222
0.000992064
0.000661376
0.00082672
0.00198413
0.00082672
0.000165344
0.000496032
0.000992064
0.000661376
0.00115741
0.000661376
0.000330688
0.00115741
0.000330688
0.000330688
0.000330688
0.000496032
0.000496032
0.00082672
0.000165344
0.00578704
0
0.000165344
0.000165344
0.000330688
0.000330688
0.000330688
0.000165344
0.000165344
0.000165344
0.000330688
0.000992064
0.000165344
0.000330688
0.0014881
0
0.000496032
0.000330688
0.000496032
0.000165344
0
0.00198413
0.000165344
0.000330688
0.000330688
0
0.000661376
0.000165344
0.00115741
0
0
0
0.000330688
0.000165344
0.000165344
0
0.000330688
0.000165344
0.000496032
0
0.000165344
0
0
0.00446429
0.000165344
0
0.000165344
0.000330688
0.00082672
0.000330688
0.000496032
0.00082672
0.00082672
0.000496032
0.000165344
0.000992064
0.000330688
0.00132275
0.000330688
0.000496032
0.0014881
0.000992064
0.000661376
0.000330688
0.00446429
0.000992064
0.00115741
0.000992064
0.000496032
0.000992064
0.00165344
0.00248016
0.0014881
0.00248016
0.00314153
0.00214947
0.00198413
0.00628307
0.00578704
0.00314153
0.00496032
0.00545635
0.0041336
0.00595238
0.00760582
0.275298