0
0.00487805
0.0132404
0.0174216
0.0285714
0.0229965
0.0222997
0.025784
0.0243902
0.0236934
0.0118467
0.0160279
0.0111498
0.00557491
0.0139373
0.010453
0.00627178
0.0097561
0.00766551
0.00696864
0.00487805
0.030662
0.00139373
0.00487805
0.00627178
0.00209059
0.00905923
0.00418118
0.0125436
0.00627178
0.00836237
0.00696864
0.0139373
0.00696864
0.010453
0.0097561
0.010453
0.00418118
0.00696864
0.00209059
0.00348432
0.00487805
0
0.0348432
0.00139373
0.00348432
0.00348432
0.00418118
0.00418118
0.00487805
0.00487805
0.00557491
0.00139373
0.00557491
0.00209059
0.00209059
0
0.00348432
0.00139373
0.000696864
0.00209059
0.00139373
0.00139373
0.00139373
0.00836237
0.000696864
0.00209059
0.000696864
0.00209059
0.00139373
0
0.00696864
0.000696864
0.00278746
0.00418118
0
0
0.00348432
0.000696864
0.00139373
0
0
0
0
0
0.0181185
0
0
0
0.000696864
0.000696864
0.000696864
0.000696864
0
0.000696864
0
0.00418118
0.00209059
0
0.00278746
0.00139373
0.00139373
0.00209059
0.00348432
0.00209059
0.00139373
0.00905923
0
0.000696864
0.00278746
0.000696864
0.00348432
0.00139373
0.00627178
0
0.00348432
0
0.00418118
0.00348432
0.00348432
0.00557491
0.00209059
0.00278746
0.000696864
0.00209059
0.000696864
0
0
0.0369338
0.000696864
0.00348432
0.00139373
0.00557491
0.00418118
0.00139373
0.00348432
0.00278746
0.00139373
0.00696864
0.00139373
0.00278746
0.000696864
0.00766551
0.00418118
0.00487805
0.00487805
0.00627178
0.00487805
0.00418118
0.0125436
0.00557491
0.00836237
0.00696864
0.00766551
0.00418118
0.00348432
0.00278746
0.00348432
0.00278746
0.00209059
0.00139373
0
0.00348432
0.00418118
0.000696864
0.00209059
0
0.00139373
0.00139373
0
0.010453
0
0
0.00139373
0.000696864
0
0
0.00139373
0
0.00139373
0.000696864
0.000696864
0.000696864
0
0
0
0.00139373
0
0
0
0.000696864
0.00278746
0
0
0
0
0.000696864
0
0.000696864
0.000696864
0.00139373
0
0
0
0.000696864
0.000696864
0.000696864
0
0.000696864
0
0
0
0
0.00139373
0.000696864
0
0.000696864
0.00209059
0.000696864
0
0.000696864
0.00139373
0
0
0.00139373
0
0.000696864
0.00209059
0
0
0
0.00209059
0.00139373
0.000696864
0.00139373
0.000696864
0.000696864
0.00209059
0.00139373
0
0.00348432
0.00348432
0.00209059
0.00418118
0.00418118
0.00418118
0.00418118
0.000696864
0.00348432
0.00348432
0.00139373
0.00278746
0.00278746
0.00348432
0.00139373
0.0445993