0.00199005
0.0431841
0.0561194
0.0316418
0.0236816
0.0155224
0.0127363
0.0159204
0.0133333
0.0161194
0.00955224
0.00975124
0.0137313
0.0117413
0.0103483
0.00756219
0.00597015
0.00776119
0.00597015
0.00457711
0.00318408
0.00477612
0.00159204
0.00179104
0.00218905
0.00159204
0.00199005
0.00119403
0.00199005
0.00139303
0.00199005
0.00079602
0.00079602
0.00119403
0.00079602
0.00159204
0.000199005
0.000199005
0.00119403
0.00079602
0.00079602
0.00079602
0
0.00437811
0.00039801
0.00039801
0.00039801
0.00079602
0.00039801
0.00079602
0.000199005
0.00079602
0.000597015
0.000199005
0.000199005
0.000199005
0
0.000199005
0
0.000199005
0.000199005
0
0.00039801
0
0.000995025
0
0
0
0.000199005
0
0
0.000995025
0
0.000199005
0.00039801
0
0.000199005
0.000597015
0
0
0
0
0
0
0
0.000995025
0
0
0
0.000199005
0
0.000199005
0
0
0
0
0.000597015
0
0
0.00039801
0
0
0.000199005
0
0.000199005
0.00039801
0.00079602
0
0
0
0.00039801
0.00119403
0.000199005
0.00079602
0.00039801
0.00039801
0.000199005
0.000995025
0.00039801
0.000597015
0.00139303
0.00119403
0.000995025
0.00119403
0.00079602
0.000995025
0.000199005
0
0.0348259
0.00079602
0.00318408
0.00159204
0.00358209
0.00358209
0.00338308
0.00338308
0.00497512
0.00318408
0.00358209
0.00497512
0.00537313
0.00298507
0.00855721
0.0081592
0.00616915
0.0131343
0.0081592
0.00875622
0.0131343
0.0210945
0.0181095
0.0214925
0.0175124
0.0214925
0.0151244
0.0137313
0.0111443
0.00835821
0.0107463
0.00597015
0.00298507
0.00756219
0.00736318
0.00477612
0.00497512
0.00437811
0.00119403
0.000995025
0.00139303
0.000597015
0.0204975
0.000199005
0.00119403
0.000995025
0.00159204
0.00278607
0.00218905
0.00258706
0.000995025
0.00278607
0.000995025
0.00497512
0.000995025
0.00119403
0.00497512
0.000597015
0.000995025
0.00358209
0.00119403
0.00079602
0.00079602
0.00656716
0.000597015
0.000597015
0.00258706
0.00039801
0.00139303
0.00218905
0.00358209
0.00079602
0.000597015
0.000199005
0.00238806
0.00079602
0.00218905
0.00179104
0.000597015
0.000199005
0.00079602
0.00119403
0.000597015
0.00039801
0
0.0113433
0.000199005
0.00079602
0.000995025
0.00039801
0.00079602
0.000597015
0.00139303
0.00159204
0.00079602
0.00119403
0.00079602
0.000995025
0.000199005
0.00437811
0.000597015
0.000995025
0.00179104
0.000597015
0.00079602
0.00159204
0.00776119
0.00079602
0.00238806
0.00139303
0.00278607
0.00258706
0.00358209
0.00776119
0.00437811
0.00597015
0.00557214
0.00477612
0.00298507
0.00776119
0.00676617
0.00457711
0.00437811
0.00875622
0.00716418
0.00895522
0.00736318
0.0441791