0.00112782
0.0110276
0.0483709
0.0857143
0.0526316
0.0368421
0.024812
0.0166667
0.0114035
0.012782
0.00802005
0.0114035
0.00726817
0.00739348
0.00827068
0.00626566
0.00538847
0.00726817
0.00701754
0.00538847
0.00551378
0.020802
0.00100251
0.0066416
0.00827068
0.00275689
0.0106516
0.00576441
0.012406
0.00200501
0.0066416
0.00338346
0.00814536
0.00576441
0.00601504
0.00764411
0.00263158
0.00288221
0.00501253
0.00213033
0.000250627
0
0
0.05401
0
0
0.000626566
0.00125313
0.00325815
0.00263158
0.00388471
0.00588972
0.00075188
0.00789474
0.000501253
0.00350877
0
0.0140351
0.00150376
0
0.00676692
0.00538847
0.000626566
0
0.0216792
0
0.00125313
0.00363409
0.00551378
0.00162907
0
0.0125313
0.00037594
0.00275689
0.00714286
0
0.000250627
0.0037594
0.0047619
0.00137845
0.000626566
0
0
0
0
0.0265664
0
0
0
0.000626566
0.000626566
0.00125313
0.0018797
0
0.00501253
0
0.00626566
0.00125313
0.000250627
0.0075188
0.000250627
0.00125313
0.00401002
0.00150376
0.000877193
0.000250627
0.0129073
0.000125313
0.000250627
0.00250627
0.000125313
0.00363409
0.00162907
0.00802005
0.00037594
0.00250627
0.000125313
0.00463659
0.00137845
0.00388471
0.00363409
0.00150376
0.00137845
0.00238095
0.00200501
0.00037594
0
0
0.0279449
0.00037594
0.00137845
0.00238095
0.00200501
0.00288221
0.00225564
0.00413534
0.00313283
0.00363409
0.00513784
0.00338346
0.0047619
0.00338346
0.00676692
0.00576441
0.00137845
0.00501253
0.00426065
0.0018797
0.000626566
0.0066416
0.00150376
0.00100251
0.00162907
0.00225564
0.00125313
0.000877193
0.00288221
0.00100251
0.00150376
0.00112782
0.000125313
0.000501253
0.00225564
0.000501253
0.000877193
0.000501253
0.000501253
0
0
0
0.00989975
0
0
0
0
0.000125313
0.00037594
0.000501253
0
0.000877193
0
0.00037594
0.000250627
0.00037594
0.00137845
0.000125313
0.000125313
0.000501253
0.000125313
0.000125313
0
0.00162907
0
0.000125313
0.00037594
0
0.000250627
0.000250627
0.00037594
0
0
0
0.000501253
0.000125313
0.000626566
0.000125313
0.000125313
0
0.000250627
0
0
0
0
0.00325815
0
0
0
0
0.000125313
0
0.000250627
0.000250627
0
0.000250627
0
0.000125313
0
0.00112782
0.000250627
0.000125313
0.000501253
0.000250627
0.000125313
0.000125313
0.00275689
0
0.00037594
0.000501253
0.000877193
0.000125313
0.000125313
0.00150376
0.000501253
0.000250627
0.00263158
0.000250627
0.000501253
0.00125313
0.00137845
0.00075188
0.00175439
0.00238095
0.0018797
0.00250627
0.00313283
0.0344612