0
0.000453515
0
0
0.0031746
0.000453515
0.00136054
0.000907029
0.000453515
0.0031746
0.000453515
0.000453515
0.000907029
0.000907029
0.00136054
0
0.000453515
0.00136054
0.00136054
0.000907029
0.000453515
0.000453515
0
0.000453515
0.000907029
0
0
0.00136054
0.000907029
0.000453515
0.000453515
0
0
0.000453515
0
0
0
0.000453515
0.000907029
0
0
0
0
0.00181406
0
0
0
0
0.000453515
0
0.000453515
0
0
0
0
0
0
0
0.000453515
0
0
0
0
0
0.000453515
0.000907029
0
0
0.000453515
0
0
0.000453515
0.000453515
0
0
0
0
0
0
0
0
0
0
0
0
0.000453515
0
0
0
0
0
0.000453515
0
0
0
0
0
0
0
0
0
0
0
0
0.000453515
0.000453515
0
0
0
0
0
0
0
0
0
0.000453515
0.000453515
0
0
0
0
0
0
0
0.000907029
0
0
0
0.00181406
0.000453515
0
0
0.000453515
0
0
0.000453515
0.000453515
0.00226757
0
0
0
0.000453515
0.00181406
0.00181406
0.000907029
0.000907029
0.000907029
0.000907029
0.00136054
0.00181406
0.00226757
0.00136054
0.00362812
0.00453515
0.00226757
0.00498866
0.00362812
0.00680272
0.00589569
0.00544218
0.0108844
0.00634921
0.00816326
0.00997732
0.0136054
0.0131519
0.0104308
0.0117914
0.0185941
0.00226757
0.0557823
0.00226757
0.0113379
0.0113379
0.0185941
0.0104308
0.0104308
0.0122449
0.00952381
0.014059
0.00680272
0.0154195
0.0136054
0.0131519
0.0131519
0.0117914
0.0117914
0.00861678
0.0108844
0.015873
0.0172336
0.0244898
0.00136054
0.0145125
0.0136054
0.00997732
0.0176871
0.0217687
0.0208617
0.00408163
0.014966
0.00952381
0.0117914
0.00952381
0.00997732
0.0104308
0.00498866
0.00362812
0.00770975
0.00680272
0.00272109
0.000453515
0
0.015873
0.000907029
0.00226757
0.00362812
0.00680272
0.00589569
0.00362812
0.00453515
0.00362812
0.00362812
0.00634921
0.00408163
0.00453515
0.000453515
0.00544218
0.00634921
0.00408163
0.00952381
0.0104308
0.00634921
0.00589569
0.0136054
0.0104308
0.00816326
0.0108844
0.0122449
0.00861678
0.0108844
0.00952381
0.00861678
0.00952381
0.00997732
0.00907029
0.00861678
0.0108844
0.00634921
0.0031746
0.00362812
0.00136054
0.0031746
0.00226757
0.00136054
0.0104308