0.00223547
0.0424739
0.0529061
0.0285643
0.0181321
0.0171386
0.0144064
0.0193741
0.0131644
0.0196225
0.0208644
0.0208644
0.012916
0.0196225
0.0168902
0.00894188
0.00670641
0.00819672
0.00720318
0.00670641
0.00372578
0.00596125
0.00149031
0.00397417
0.00447094
0.00124193
0.00447094
0.00248386
0.00372578
0.000993542
0.0017387
0.000745156
0.0017387
0.00124193
0.0017387
0.00223547
0.0017387
0.000248386
0.000745156
0.00198708
0.000745156
0.000248386
0
0.00372578
0.000248386
0
0.000745156
0.000248386
0.000745156
0
0.000745156
0.000496771
0.000745156
0.00124193
0.000745156
0.000248386
0.000248386
0.000993542
0
0.000248386
0.000993542
0.000745156
0.000248386
0
0.00149031
0.000248386
0.000248386
0.000745156
0
0.000496771
0
0.00198708
0.000496771
0.000248386
0.000745156
0
0
0.00124193
0.000248386
0.000248386
0.000745156
0.000248386
0
0
0
0.00223547
0
0
0
0.000248386
0.000248386
0
0
0.000248386
0.000496771
0.000248386
0.000745156
0.000248386
0.000248386
0.000496771
0
0.000745156
0.000248386
0.000248386
0.000248386
0.000248386
0.000993542
0.000248386
0.000745156
0.000496771
0.000248386
0.0017387
0.000496771
0.00124193
0.000496771
0.000993542
0.000248386
0
0.00149031
0.000248386
0.000248386
0.000248386
0.00124193
0.000745156
0.00198708
0.000496771
0.000248386
0.000248386
0.00869349
0.000496771
0.000993542
0.00149031
0.000993542
0.00223547
0.00273224
0.00397417
0.00273224
0.00496771
0.00223547
0.00322901
0.00372578
0.00198708
0.00769995
0.00620964
0.00372578
0.0116741
0.00993542
0.0116741
0.00968703
0.0193741
0.0151515
0.0153999
0.0176354
0.0191257
0.0106806
0.0119225
0.0124193
0.00968703
0.010929
0.0104322
0.00322901
0.00397417
0.00546448
0.0052161
0.0052161
0.00645802
0.00447094
0.0017387
0.000745156
0.000248386
0.0218579
0
0.000993542
0.00223547
0.00124193
0.00248386
0.00124193
0.00447094
0.00149031
0.00670641
0.00149031
0.00372578
0.00149031
0.000745156
0.0034774
0.000745156
0.00149031
0.00322901
0.000993542
0.000496771
0.000496771
0.00620964
0.000248386
0.00124193
0.00124193
0.00149031
0.00149031
0.000745156
0.00298063
0.000248386
0.000745156
0.000248386
0.00198708
0.000496771
0.000993542
0.0017387
0.000496771
0.000745156
0.000993542
0.000496771
0.000248386
0.000248386
0
0.00819672
0.000496771
0
0.000993542
0.00124193
0.000745156
0.000993542
0.0017387
0.000745156
0.00149031
0.00273224
0.000496771
0.000993542
0.000993542
0.00471932
0.00124193
0.000496771
0.00223547
0.00124193
0.00198708
0.0017387
0.00645802
0.000496771
0.00223547
0.00322901
0.00223547
0.00298063
0.00422255
0.00422255
0.00298063
0.00471932
0.00546448
0.00273224
0.0034774
0.00596125
0.00670641
0.00422255
0.0052161
0.00620964
0.00645802
0.0114257
0.0111773
0.034774