0
0.0690392
0.0105118
0.000979912
0.000489956
0.00138078
0.000890829
0.00316244
8.90829e-005
0.00512227
4.45414e-005
0.00628034
0.00111354
0.000222707
0.00841833
4.45414e-005
0.000356332
0.00267249
0.000668122
0.000178166
0
0.00712663
0
8.90829e-005
0.000267249
8.90829e-005
0.000668122
8.90829e-005
0.00173712
0
0.000178166
4.45414e-005
0.00031179
0
8.90829e-005
0
0
0.000133624
0
0
0
0
0
0.00449869
0
0
0
0
0
8.90829e-005
4.45414e-005
0
0
4.45414e-005
0
4.45414e-005
0
8.90829e-005
0
0
4.45414e-005
0
4.45414e-005
0
0.00031179
0
0
0
0
0
0
4.45414e-005
0
0
0
0
0
0
0
0
0
0
0
0
0
0.00106899
0
0
0
0
0
0
0
0
0
0
8.90829e-005
0
4.45414e-005
8.90829e-005
0
0
8.90829e-005
0
0
0
0.000801746
0
4.45414e-005
4.45414e-005
0
8.90829e-005
4.45414e-005
0.000400873
0
4.45414e-005
0
0.000267249
0
4.45414e-005
4.45414e-005
0.000178166
8.90829e-005
4.45414e-005
0
0
0
0
0.00797292
0
0
0.000133624
0.000356332
0.000400873
0.000668122
0.00169257
0.00169257
0.00151441
0.00351877
0.00280611
0.00409781
0.00325153
0.0106009
0.00917554
0.00788384
0.0146987
0.0164803
0.0184847
0.0235179
0.0432943
0.0260122
0.0229388
0.0177275
0.0158122
0.0085965
0.00672576
0.0108236
0.00565676
0.00663668
0.00668122
0.00231616
0.00302882
0.00489956
0.00307336
0.00231616
0.00209345
0.00262795
0.000846287
0.000801746
0
0.0330943
4.45414e-005
0.00031179
0.000356332
0.000979912
0.00195982
0.000801746
0.00115808
0.000668122
0.00249432
0.000267249
0.00463231
0.00062358
0.000890829
0.00721571
0.000222707
0.000801746
0.00249432
0.00106899
0.000445414
0.000445414
0.0176384
4.45414e-005
0.000489956
0.00138078
0.000267249
0.00271703
0.000534497
0.0107345
0.000445414
0.000579039
0.000445414
0.00436506
0.00062358
0.00231616
0.00124716
0.000579039
0.00062358
0.000668122
0.000668122
8.90829e-005
0
0
0.0434279
0
0.000400873
0.00062358
0.000400873
0.000757205
0.00062358
0.00146987
0.00276157
0.00062358
0.00797292
0.000445414
0.00138078
0.000267249
0.0184847
0.00120262
0.000489956
0.0060131
0.00231616
0.00124716
0.000801746
0.0317135
0.00138078
0.00240524
0.00293974
0.00899737
0.00231616
0.00195982
0.0236961
0.00249432
0.00485502
0.0166585
0.00374148
0.0036524
0.0142978
0.010779
0.00788384
0.00957641
0.0100664
0.0122934
0.0136742
0.0238742
0.138479