0.000210815
0.0047082
0.0758933
0.088226
0.0184814
0.0112083
0.00751906
0.00593795
0.00337304
0.00477847
0.00309195
0.00537578
0.00260005
0.0023541
0.00502442
0.00172165
0.00172165
0.00267032
0.00193247
0.000913531
0.000983802
0.00685148
0.000281086
0.000772988
0.00108921
0.000140543
0.00172165
0.000316222
0.00344331
0.000210815
0.000527037
0.000175679
0.0014757
0.000175679
0.0013703
0.000702716
0.000456765
0.000175679
0.000175679
3.51358e-005
3.51358e-005
7.02716e-005
0
0.0203085
0
0.000175679
3.51358e-005
7.02716e-005
0.000245951
7.02716e-005
0.000210815
0.000491901
0.000105407
0.00126489
0
0.000281086
0
0.00189733
0.000140543
0
0.000456765
0.000245951
3.51358e-005
0
0.00256491
0
7.02716e-005
7.02716e-005
0.000316222
3.51358e-005
0
0.000772988
7.02716e-005
7.02716e-005
0.000491901
0
3.51358e-005
0
7.02716e-005
0
3.51358e-005
7.02716e-005
0
0
0
0.00544605
0
0
0
0
3.51358e-005
0
0
3.51358e-005
3.51358e-005
3.51358e-005
0.00042163
0.000210815
0
0.000843259
3.51358e-005
0
0.000351358
0.000175679
0
3.51358e-005
0.00217842
7.02716e-005
7.02716e-005
0.000281086
0.000105407
0.00042163
0.000175679
0.00115948
3.51358e-005
0.000386494
0.000210815
0.000913531
0.000105407
0.00066758
0.000808123
0.000351358
0.000175679
0.00066758
0.000737852
0.000737852
0.000281086
0
0.0144408
0.000737852
0.000632444
0.00066758
0.000772988
0.000878395
0.000983802
0.000983802
0.00108921
0.000456765
0.00130002
0.000843259
0.00115948
0.000597309
0.0019676
0.000808123
0.000281086
0.000948667
0.000597309
0.000140543
0.000351358
0.00372439
0.00042163
0.000491901
0.000562173
0.00112435
0.000772988
0.000808123
0.00326763
0.000597309
0.00122975
0.00221356
0.000140543
0.000281086
0.000878395
0.000456765
0.00042163
0.00042163
0.000245951
0.000175679
0.000210815
0.000281086
0.0165138
0.000175679
0.000175679
0.000351358
0.000210815
0.000281086
0.000175679
0.000316222
7.02716e-005
0.00112435
0.000140543
0.00193247
0.000456765
0.000105407
0.00252978
0.000140543
0.000140543
0.000808123
0.000316222
0.000281086
0.000175679
0.00562173
0
0.000105407
0.000386494
0.000105407
0.00133516
0.000281086
0.00228383
0.000175679
0.00042163
3.51358e-005
0.00101894
0.000281086
0.000351358
0.000351358
0.000175679
7.02716e-005
3.51358e-005
0.000140543
7.02716e-005
0
0
0.00976775
0
7.02716e-005
0.000105407
0.000175679
3.51358e-005
0.000175679
0.000281086
0.00066758
0.000316222
0.00112435
0.000140543
0.000386494
0.000140543
0.00245951
0.000562173
0.000210815
0.00115948
0.000737852
0.000316222
0.000351358
0.00548118
0.000527037
0.000456765
0.00066758
0.00119462
0.000562173
0.000210815
0.00309195
0.000562173
0.00126489
0.00238923
0.000737852
0.000843259
0.00200274
0.00207301
0.00115948
0.0013703
0.00130002
0.00182706
0.00168652
0.00207301
0.542462