0.000956938
0.00411483
0.0337799
0.0864115
0.0177033
0.0132057
0.00889952
0.00755981
0.00641148
0.00861244
0.00794258
0.00832536
0.0061244
0.00516746
0.00832536
0.00373206
0.00545455
0.0077512
0.00602871
0.00411483
0.00296651
0.0124402
0.00181818
0.00143541
0.00440191
0.00114833
0.00574163
0.00430622
0.00842105
0.00143541
0.00421053
0.00172249
0.00602871
0.00267943
0.00401914
0.0045933
0.00325359
0.00181818
0.00200957
0.00105263
0.000574163
0.000287081
0.000191388
0.025933
0.000287081
0.000478469
0.00076555
0.000669856
0.000574163
0.00124402
0.00162679
0.00191388
0.000861244
0.00200957
0.000382775
0.000861244
0.000669856
0.00239234
0.00105263
0.000191388
0.00210526
0.000669856
0.000669856
0.000382775
0.00401914
0.000382775
0.000478469
0.000574163
0.00105263
0.000382775
0.000191388
0.00162679
0.000574163
0.000478469
0.000287081
9.56938e-005
0.000191388
0.00105263
0.000478469
0.000382775
0.000382775
0.000382775
0.000191388
9.56938e-005
0
0.00430622
0
0
0
0.000574163
9.56938e-005
0.000382775
0.000669856
0.000382775
0.00076555
0.000191388
0.00114833
0.000669856
0.000574163
0.00114833
0.000382775
0.000382775
0.000669856
0.000382775
0.000382775
0.000382775
0.00076555
0.000191388
0.000191388
0.000382775
0
0.000287081
0.000191388
0.00114833
9.56938e-005
0.000191388
0.000382775
0.000669856
0.000669856
0.000382775
0.000669856
0.000669856
0.000382775
0.000191388
0.000382775
0.000382775
0.000382775
0
0.00755981
9.56938e-005
0.000478469
0.000574163
0.000382775
0.00076555
0.00076555
0.00114833
0.00076555
0.000478469
0.00114833
0.000478469
0.00124402
0.000861244
0.00124402
0.00105263
0.000574163
0.00105263
0.00114833
0.00105263
0.000669856
0.00133971
0.000478469
0.000861244
0.000287081
0.000956938
0.00105263
0.000287081
0.000574163
0.000478469
0.000861244
0.000669856
0.000191388
0.000574163
0.00105263
0.000191388
9.56938e-005
0.000287081
0.000191388
0.000191388
0.000478469
0.000191388
0.00354067
0.000191388
0.000191388
0.000287081
0.000191388
0.000574163
0.000191388
0.000287081
9.56938e-005
0.000382775
0.000191388
0.000478469
0.000574163
0.000191388
0.00105263
0.000382775
0.000382775
0.000669856
0.000574163
0.000191388
0.000382775
0.00200957
0.000382775
0.00076555
0.000382775
0.000478469
0.000669856
0.000574163
0.000956938
9.56938e-005
0.000191388
0.000287081
0.000287081
9.56938e-005
0.000191388
0.000382775
9.56938e-005
0.000191388
0.000956938
9.56938e-005
0.000478469
0
0
0.00449761
0.000191388
0.000287081
9.56938e-005
0.000382775
0.000669856
0.000287081
0.000382775
0.000478469
0.000956938
0.00124402
0.00076555
0.000574163
0.000478469
0.00210526
0.000669856
0.000382775
0.00133971
0.000956938
0.00076555
0.00076555
0.00325359
0.000956938
0.000861244
0.000861244
0.00114833
0.00105263
0.00076555
0.00334928
0.00172249
0.00287081
0.00287081
0.00133971
0.00172249
0.00296651
0.00239234
0.00267943
0.00181818
0.0030622
0.00267943
0.00535885
0.00440191
0.469856