0.000839067
0.00461487
0.036835
0.0977513
0.015271
0.00956536
0.00906192
0.00797114
0.00537003
0.00805504
0.00587347
0.0075516
0.00679644
0.00537003
0.0130055
0.00595738
0.00612519
0.00662863
0.00671254
0.00486659
0.00310455
0.0131734
0.00117469
0.00218157
0.00520222
0.00151032
0.00486659
0.00318845
0.00771942
0.000839067
0.00360799
0.00075516
0.00604128
0.00117469
0.00310455
0.0025172
0.00100688
0.000922974
0.00075516
0.000167813
0.00025172
0.000419533
0
0.0257594
0.000167813
0.000335627
0.000335627
0.000587347
0.000419533
0.000335627
0.00075516
0.00151032
0.00050344
0.00151032
0.00025172
0.000419533
0.000167813
0.00201376
0.00050344
8.39067e-005
0.000839067
0.000671254
0
8.39067e-005
0.00310455
0.000167813
0.00025172
0.00025172
0.000419533
8.39067e-005
0
0.00109079
0.000167813
0.00025172
0.000419533
0
0.00025172
0.000335627
8.39067e-005
8.39067e-005
0.000167813
8.39067e-005
0
0
0
0.00176204
0
0
8.39067e-005
0.000167813
0.000167813
0.00025172
0.000419533
0
0.000335627
0
0.000922974
0
0
0.000839067
0
0
0.000167813
0.00025172
8.39067e-005
0.000167813
0.00117469
0
0.00025172
0.00025172
0
0.000167813
0.000167813
0.000335627
0
0
8.39067e-005
0.00025172
0.00025172
0.000335627
0.00025172
0.000335627
0
0.000167813
0.00025172
0.000419533
0.000167813
0
0.0104883
8.39067e-005
8.39067e-005
0.000671254
0.00050344
0.00075516
0.000587347
0.00075516
0.00192985
0.0012586
0.000839067
0.000839067
0.0012586
0.000922974
0.000839067
0.000419533
0.000419533
0.000671254
0.00050344
0.000922974
0.00075516
0.00100688
0.000671254
0.000587347
0.000419533
0.000419533
0.000587347
0.000839067
0.000839067
0.00075516
0.000335627
0.000419533
0.00050344
0.000335627
0.000335627
0.000335627
0.000167813
0.000167813
0.00050344
0.000335627
0.000922974
0
0.00318845
0
0.000167813
0.000335627
8.39067e-005
0.000167813
0.000167813
0.000419533
0.00050344
0.00025172
0.000167813
0.00100688
0.000419533
0.000167813
0.00075516
0.000335627
0.00075516
0.000671254
0.00050344
0.00025172
0.00025172
0.00159423
0.00025172
0.00025172
0.000587347
0.000335627
0.00075516
0.00075516
0.00117469
0.000335627
0.000419533
0.00025172
0.000419533
0.000419533
0.000839067
0.00050344
0.000419533
0
0.000587347
0.000587347
8.39067e-005
0.000587347
0
0.00511831
0.000167813
0.000587347
8.39067e-005
0.000587347
0.00025172
0.00050344
0.000587347
0.000419533
0.00025172
0.000587347
0.000335627
0.000587347
0.00050344
0.000671254
0.000335627
0.000167813
0.00109079
0.000587347
0.000587347
0.00050344
0.00310455
0.000335627
0.00075516
0.00134251
0.0012586
0.00109079
0.0012586
0.00226548
0.00134251
0.00142641
0.00285283
0.0012586
0.00050344
0.00226548
0.00184595
0.00226548
0.00276892
0.00243329
0.00318845
0.0037758
0.00335627
0.504195