0.00154052
0.00349184
0.0287563
0.0843176
0.0155079
0.00924309
0.0106809
0.00831878
0.00677827
0.0097566
0.00482695
0.0112971
0.00667557
0.00482695
0.00914039
0.00585396
0.00544315
0.00708637
0.00759988
0.00472425
0.00236212
0.013043
0.00195132
0.00287563
0.00513505
0.00164322
0.00575126
0.00534045
0.00852419
0.00277293
0.00410804
0.00236212
0.00451885
0.00297833
0.00369724
0.00421074
0.00225942
0.00215672
0.00195132
0.00174592
0.000513505
0.000410804
0.000102701
0.0277293
0.000513505
0.00112971
0.00184862
0.000308103
0.000308103
0.00123241
0.00102701
0.00133511
0.00112971
0.00349184
0.000513505
0.000616206
0.000308103
0.00174592
0.000924309
0.000102701
0.000924309
0.00123241
0.000821608
0.000205402
0.00297833
0.000718907
0.000513505
0.000616206
0.000821608
0.000821608
0.000513505
0.00112971
0.000718907
0.000718907
0.000924309
0.000205402
0
0.000821608
0.000205402
0
0.000102701
0.000308103
0.000205402
0
0
0.00328643
0
0
0.000102701
0.000102701
0.000513505
0.000308103
0.000308103
0.000308103
0.000718907
0.000102701
0.000308103
0.000102701
0.000308103
0.000513505
0.000102701
0.000308103
0.000513505
0.000513505
0.000410804
0.000102701
0.00174592
0.000102701
0.000308103
0.000513505
0.000205402
0.000616206
0.000410804
0.000616206
0.000308103
0.000102701
0.000308103
0.000102701
0.000205402
0.000718907
0.000821608
0.000308103
0.000718907
0.000410804
0.000205402
0.000616206
0.000308103
0
0.00872959
0.000513505
0.000102701
0.000616206
0.000718907
0.000410804
0.000924309
0.000821608
0.00102701
0.000616206
0.00123241
0.000821608
0.000718907
0.000616206
0.00164322
0.00123241
0.000718907
0.000924309
0.000924309
0.000616206
0.000410804
0.00184862
0.000410804
0.00123241
0.000410804
0.00102701
0.000616206
0.000513505
0.00123241
0.000821608
0.000308103
0.000410804
0.000410804
0.000308103
0.000616206
0.000205402
0.000616206
0.000308103
0.000308103
0.000102701
0.000308103
0.000410804
0.00431344
0.000205402
0.000308103
0.000513505
0.000102701
0.000102701
0.000410804
0.000308103
0.000308103
0.00102701
0
0.000513505
0.000718907
0.000513505
0.000821608
0.000513505
0.000718907
0.000513505
0.000308103
0.000308103
0.000616206
0.00154052
0
0
0.000513505
0.000924309
0.000924309
0.000410804
0.000821608
0.000308103
0.000513505
0.000205402
0.000616206
0.000102701
0.000102701
0.000718907
0.000410804
0.000410804
0.000102701
0.000205402
0.000410804
0.000308103
0
0.00308103
0.000102701
0.000410804
0.000205402
0.000410804
0
0.000308103
0.000308103
0.000410804
0.000718907
0.000616206
0.000513505
0.00133511
0.000205402
0.00112971
0.000410804
0.000821608
0.000718907
0.000616206
0.000616206
0.000308103
0.00410804
0
0.000308103
0.000821608
0.000616206
0.00143781
0.000821608
0.00246482
0.00143781
0.00205402
0.00297833
0.00225942
0.00205402
0.00349184
0.00308103
0.00338913
0.00328643
0.00236212
0.00236212
0.00359454
0.00410804
0.475608