0.000485909
0.0483479
0.0389942
0.0210155
0.0179786
0.0140914
0.0110544
0.00801749
0.00558795
0.00631681
0.00485909
0.00510204
0.00449465
0.00558795
0.00728863
0.00558795
0.005345
0.00643829
0.00777454
0.00923226
0.01069
0.0140914
0.00631681
0.00935374
0.0114189
0.00619534
0.00753158
0.00607386
0.0100826
0.00437318
0.00595238
0.00510204
0.0042517
0.0069242
0.00449465
0.00437318
0.00291545
0.00352284
0.0042517
0.00364431
0.00170068
0.00121477
0.000242954
0.0194363
0.000728863
0.00121477
0.000971817
0.0015792
0.00170068
0.000971817
0.00145773
0.00182216
0.00085034
0.00133625
0.00085034
0.00194363
0.000242954
0.00242954
0.00085034
0.000364432
0.00109329
0.00085034
0.00109329
0.000242954
0.0026725
0.000364432
0.000607386
0.000364432
0.000485909
0.000364432
0.000242954
0.00206511
0.000242954
0.000364432
0.00121477
0.000242954
0.000121477
0.00133625
0.000485909
0.000121477
0.000485909
0.000242954
0.000242954
0.000242954
0
0.0026725
0
0
0
0.000607386
0.000121477
0.000242954
0.000121477
0.000364432
0.000971817
0
0.0015792
0.000364432
0.000607386
0.00109329
0.000485909
0.000121477
0.000607386
0.000607386
0.000242954
0.000242954
0.00145773
0.000242954
0.000121477
0.000728863
0.000242954
0.000485909
0.000728863
0.00133625
0.000242954
0.000607386
0.000121477
0.000971817
0.000364432
0.00109329
0.0015792
0.000971817
0.000607386
0.000971817
0.000971817
0.000607386
0.000242954
0.000242954
0.0182216
0.000242954
0.00206511
0.00327988
0.00315841
0.00352284
0.00473761
0.010447
0.00680272
0.0102041
0.00983965
0.0119048
0.0129981
0.0115403
0.0133625
0.015792
0.00619534
0.0116618
0.00886783
0.0058309
0.00400875
0.00765306
0.00291545
0.00170068
0.00133625
0.00170068
0.000971817
0.00170068
0.00315841
0.00145773
0.00182216
0.00291545
0.00085034
0.00133625
0.00170068
0.00194363
0.00133625
0.000971817
0.000971817
0.000607386
0.000728863
0.000121477
0.00741011
0.000121477
0.000364432
0.000607386
0.000485909
0.000607386
0.000607386
0.000485909
0.000364432
0.00109329
0.000121477
0.00133625
0.000485909
0.000364432
0.00145773
0.000242954
0.000607386
0.00121477
0.000364432
0.00109329
0.000242954
0.00145773
0.000485909
0.000728863
0.000485909
0.000364432
0.000364432
0.000364432
0.00121477
0.000121477
0.000607386
0.000728863
0.00133625
0.000364432
0.000971817
0.000364432
0.000485909
0.000121477
0.000728863
0.000242954
0.000485909
0.000121477
0
0.00522352
0.000121477
0.000364432
0.000364432
0.000728863
0.000607386
0.000364432
0.000121477
0.000485909
0
0.000728863
0.000364432
0.000485909
0.000485909
0.0015792
0.00085034
0.000121477
0.000485909
0.00109329
0.000364432
0
0.00206511
0.000364432
0.0015792
0.000971817
0.0015792
0.00121477
0.00085034
0.00230807
0.00121477
0.00206511
0.00230807
0.0015792
0.00218659
0.0015792
0.00352284
0.00327988
0.0042517
0.00680272
0.00704568
0.00728863
0.0108115
0.226919