0.00193237
0.0137681
0.0398551
0.0637681
0.0342995
0.0227053
0.0166667
0.0171498
0.00942029
0.0176328
0.0115942
0.0176328
0.0125604
0.00748792
0.0171498
0.00917874
0.0103865
0.0149758
0.0120773
0.00652174
0.00797101
0.0205314
0.0031401
0.00966184
0.0115942
0.00652174
0.0149758
0.0103865
0.0193237
0.00555556
0.0123188
0.00772947
0.0123188
0.00483092
0.0089372
0.00942029
0.00869565
0.0057971
0.00386473
0.00458937
0.00241546
0.00144928
0.000241546
0.0376812
0.000724638
0.00120773
0.002657
0.00120773
0.00241546
0.0031401
0.00241546
0.0031401
0.000966184
0.00362319
0.00120773
0.00169082
0.000483092
0.00700483
0.00144928
0
0.00144928
0.00120773
0.000241546
0.000241546
0.00676329
0.000241546
0.000241546
0.00120773
0.00217391
0.000724638
0.000483092
0.0031401
0
0.000966184
0.00217391
0
0.000483092
0.00120773
0.000724638
0
0.000724638
0.000724638
0
0
0
0.00966184
0
0
0.000241546
0.000483092
0.000241546
0
0.000483092
0.000241546
0.00144928
0
0.000966184
0.000483092
0.000483092
0.00217391
0.000483092
0.000241546
0.00193237
0.000966184
0.000724638
0
0.00434783
0.000241546
0.000483092
0.00120773
0.000241546
0.000241546
0.000724638
0.002657
0.000241546
0.000483092
0.000241546
0.00144928
0.000483092
0.00120773
0.000724638
0.000966184
0.000483092
0.000483092
0.00144928
0
0.000483092
0
0.0149758
0
0.000966184
0.00169082
0.00217391
0.00120773
0.00120773
0.00120773
0.002657
0.00169082
0.0031401
0.000724638
0.00217391
0.000966184
0.0031401
0.0031401
0.000724638
0.00386473
0.00338164
0.00169082
0.000724638
0.00483092
0.00217391
0.000966184
0.000966184
0.00120773
0.000724638
0.00120773
0.00338164
0.000483092
0.00169082
0.002657
0.000724638
0.000966184
0.000483092
0.00120773
0.000724638
0.00120773
0.000483092
0.000241546
0.000241546
0
0.0103865
0.000483092
0.00120773
0.00120773
0.000966184
0.000724638
0.000966184
0
0.000724638
0.00120773
0.00144928
0.00120773
0.000724638
0.00120773
0.000966184
0.000724638
0.000724638
0.000966184
0.000241546
0.000241546
0.000724638
0.00338164
0
0.000483092
0.000724638
0.000241546
0.000966184
0.000966184
0.00120773
0.000483092
0.000241546
0
0.000724638
0
0.000241546
0.000483092
0.000241546
0.000724638
0.000241546
0.000483092
0
0
0
0.00676329
0
0
0
0
0.00144928
0.000724638
0.000483092
0.000724638
0.000966184
0.00144928
0.000483092
0.000966184
0.000724638
0.00169082
0.00120773
0.00144928
0.00193237
0.000724638
0.00120773
0.000483092
0.00531401
0.000966184
0.00144928
0.00169082
0.00434783
0.00289855
0.00217391
0.00434783
0.00144928
0.00289855
0.00386473
0.000724638
0.002657
0.00458937
0.00700483
0.00410628
0.00700483
0.00724638
0.00652174
0.00845411
0.00772947
0.0869565