0
0
0.004
0.00266667
0.004
0.00266667
0.004
0.004
0.00266667
0.00266667
0.00266667
0.004
0.004
0.004
0.00133333
0.00133333
0.004
0.00266667
0.00133333
0.00266667
0
0.00133333
0.00133333
0
0.00133333
0.00266667
0.00266667
0.00266667
0.00266667
0
0
0
0
0
0.00133333
0
0
0
0
0
0
0
0
0
0
0
0
0
0.00133333
0
0
0
0
0
0
0
0
0
0
0
0
0
0
0
0.00133333
0
0
0
0
0
0
0
0
0
0
0
0
0
0
0
0
0
0
0
0
0
0
0
0
0
0
0
0
0
0
0
0
0
0
0
0
0
0
0
0
0
0
0
0
0
0
0
0
0
0
0
0
0
0
0
0
0
0
0
0
0
0
0
0
0
0
0.00133333
0
0
0.00133333
0
0
0
0.00133333
0.00133333
0.00133333
0.00266667
0
0.00266667
0.00133333
0.004
0.00666667
0.00666667
0.004
0.012
0.00666667
0.016
0.024
0.0586667
0.101333
0.116
0.0693333
0.052
0.0146667
0.024
0.00933333
0.00933333
0.00933333
0.02
0.008
0.004
0.008
0.00266667
0.00666667
0
0.02
0
0.00266667
0
0.00266667
0.00133333
0.00266667
0.008
0.00266667
0.00266667
0.00266667
0.00533333
0.004
0.00666667
0.00533333
0.004
0.00133333
0.00266667
0
0.004
0.00133333
0.004
0
0.00133333
0.00266667
0
0.00266667
0
0.00666667
0
0.00266667
0.00133333
0.00133333
0.00133333
0.00133333
0.00266667
0.00266667
0
0
0
0
0
0
0.0133333
0
0
0
0.00266667
0.00266667
0
0
0.00266667
0.00133333
0
0.00133333
0.00266667
0
0.008
0.00666667
0
0.00133333
0.008
0.00533333
0
0.00933333
0.004
0.004
0.004
0.004
0.00666667
0.004
0.00666667
0.00933333
0.008
0.012
0.004
0.0106667
0.0133333
0.008
0.008
0.00266667
0.00533333
0.00133333
0.00666667
0
0.0213333