0
0.000516529
0.00103306
0.00271178
0.00839359
0.00477789
0.00271178
0.0036157
0.00322831
0.0040031
0.00167872
0.00503616
0.00219525
0.00297004
0.00490703
0.00154959
0.00193698
0.00154959
0.00232438
0.00116219
0.00154959
0.00503616
0.000516529
0.00116219
0.00142045
0.000774793
0.00167872
0.000774793
0.00413223
0.000774793
0.00103306
0.000774793
0.00193698
0.00142045
0.00219525
0.00167872
0.00116219
0.00142045
0.00116219
0.000516529
0.000258264
0.000258264
0
0.0100723
0
0.000129132
0.000645661
0.000645661
0.000258264
0.000258264
0.000774793
0.000903926
0.000387397
0.000903926
0.000129132
0.000645661
0.000129132
0.000903926
0
0.000129132
0.000774793
0.000516529
0.000258264
0
0.00129132
0.000129132
0.000516529
0.000516529
0.000129132
0.000387397
0
0.000903926
0.000387397
0.000258264
0.000903926
0
0
0.000387397
0.000129132
0.000258264
0
0.000516529
0.000387397
0
0
0.0043905
0
0
0
0.000129132
0.000258264
0.000129132
0.000387397
0
0.000387397
0.000258264
0.00103306
0.000516529
0.000387397
0.00180785
0
0.000258264
0.00103306
0.000903926
0.000129132
0.000129132
0.00206612
0
0.000645661
0.000387397
0.000129132
0.000774793
0.000645661
0.00167872
0.000258264
0.000516529
0.000258264
0.00167872
0.000903926
0.000645661
0.000903926
0.000645661
0.000903926
0.00103306
0.000645661
0.000516529
0
0.000129132
0.0129132
0.000258264
0.00154959
0.00154959
0.00206612
0.00219525
0.00335744
0.00490703
0.00374483
0.0036157
0.00606922
0.00451963
0.00606922
0.00413223
0.00774793
0.00813533
0.00464876
0.0102014
0.00891012
0.00929752
0.00568182
0.0225981
0.015625
0.019499
0.0196281
0.0368027
0.0260847
0.0286674
0.0306043
0.0255682
0.024406
0.0250517
0.00723141
0.0104597
0.0182076
0.0133006
0.0109762
0.010718
0.00748967
0.00490703
0.00322831
0.000645661
0.0614669
0.000387397
0.00180785
0.00206612
0.00309917
0.00451963
0.00348657
0.0043905
0.000774793
0.00645661
0.00103306
0.00697314
0.00297004
0.00103306
0.0100723
0.00103306
0.00193698
0.00348657
0.00245351
0.00154959
0.000774793
0.0102014
0.000129132
0.000774793
0.00206612
0.000258264
0.00258264
0.000645661
0.00464876
0.000258264
0.000903926
0.000516529
0.00348657
0.000516529
0.00116219
0.00142045
0.00103306
0.00103306
0.00116219
0.000387397
0.000129132
0
0
0.015625
0.000129132
0.000516529
0.000129132
0.000516529
0.000645661
0.000516529
0.00142045
0.00284091
0.000387397
0.0036157
0.000258264
0.00154959
0.000129132
0.00516529
0.00103306
0
0.00309917
0.00348657
0.00103306
0
0.0103306
0.000258264
0.00206612
0.00284091
0.00516529
0.00322831
0.00154959
0.00813533
0.00193698
0.00451963
0.00942665
0.00103306
0.00219525
0.0121384
0.015625
0.0043905
0.00955578
0.0262138
0.00684401
0.000903926
0.000645661
0.05953