0
0
0
0
0
0.00146092
0.00292184
0.00073046
0
0.00073046
0
0.00292184
0
0
0.00146092
0
0
0.00073046
0.00146092
0.00073046
0
0.00219138
0
0
0
0
0
0
0
0
0
0
0
0
0
0
0
0
0
0
0
0
0
0.00292184
0
0
0
0
0
0
0
0
0
0
0
0
0
0
0
0
0
0
0
0
0
0
0
0
0
0
0
0
0
0
0
0
0
0
0
0
0
0
0
0
0
0.00219138
0
0
0
0
0
0
0
0
0
0
0
0
0
0
0
0
0
0
0
0
0
0
0
0
0
0
0
0
0
0
0
0
0
0
0
0
0
0
0
0
0
0
0
0
0
0
0
0
0
0
0
0
0.00073046
0
0
0
0
0.00146092
0
0.00219138
0.0036523
0.00146092
0.00292184
0.0153397
0.0116874
0.0350621
0.0343316
0.0540541
0.0606282
0.036523
0.0577064
0.0277575
0.0314098
0.0430971
0.0102264
0.027027
0.0248356
0.0146092
0.0226443
0.0197224
0.0073046
0.00146092
0
0
0.115413
0
0
0
0.00219138
0.00438276
0.0036523
0.00438276
0
0.00876552
0
0.00803506
0.00511322
0.00073046
0.0182615
0
0
0.00584368
0.00292184
0
0
0.0233747
0
0
0.00146092
0
0.00876552
0
0.0102264
0
0.00146092
0
0.00438276
0
0.00292184
0.00073046
0.00073046
0
0
0
0
0
0
0.0248356
0
0
0
0
0
0
0.00073046
0.00876552
0
0.0131483
0
0
0
0.0116874
0
0
0.0153397
0.00073046
0
0
0.0182615
0
0
0.0036523
0.0102264
0.00073046
0
0.018992
0
0.0109569
0.0073046
0
0.00073046
0.00511322
0.0073046
0.00876552
0.00219138
0
0
0
0
0.0284879