0.00183655
0.020202
0.0192837
0.010101
0.0275482
0.0266299
0.0146924
0.0183655
0.0156107
0.0165289
0.00642792
0.0156107
0.0146924
0.0128558
0.0110193
0.00826446
0.00826446
0.010101
0.0165289
0.00918274
0.00826446
0.0321396
0.00275482
0.0165289
0.0128558
0
0.0146924
0.0128558
0.0156107
0.00183655
0.0128558
0.00550964
0.00918274
0.00550964
0.00550964
0.00459137
0.00918274
0.00367309
0.00550964
0.00459137
0
0.00183655
0
0.0578512
0.00183655
0.00183655
0.00183655
0.00275482
0.00183655
0.000918274
0.00367309
0.00275482
0.000918274
0.00459137
0
0.00183655
0
0.00367309
0
0.000918274
0
0.00275482
0
0
0
0
0
0
0.00275482
0
0.000918274
0.000918274
0
0.000918274
0.000918274
0
0.000918274
0.000918274
0
0.00183655
0
0
0
0.000918274
0
0.00459137
0
0
0.000918274
0
0
0
0
0
0.000918274
0
0
0
0
0.000918274
0
0
0.000918274
0
0.000918274
0
0.00183655
0.000918274
0
0
0.000918274
0.000918274
0.000918274
0
0
0
0
0.00275482
0
0.000918274
0
0.000918274
0.000918274
0.000918274
0
0
0
0
0.0211203
0.000918274
0
0.00183655
0.00275482
0
0
0.000918274
0.000918274
0.000918274
0.000918274
0
0
0.000918274
0.00275482
0.000918274
0.00275482
0
0.00275482
0.00183655
0
0.00550964
0.000918274
0.00367309
0.00183655
0.00550964
0.00183655
0.000918274
0.00826446
0.000918274
0.00367309
0.00367309
0
0.00275482
0.00642792
0.000918274
0
0.000918274
0
0.000918274
0.000918274
0
0.00918274
0
0
0
0.000918274
0.000918274
0
0
0
0
0.000918274
0.00183655
0.000918274
0
0.000918274
0.00367309
0.00183655
0
0
0
0.00183655
0.00183655
0.00275482
0.000918274
0.000918274
0
0
0
0
0
0
0
0.000918274
0
0
0
0
0.000918274
0
0
0
0.000918274
0
0.0192837
0
0
0
0
0
0.000918274
0
0.00367309
0.000918274
0.000918274
0
0.00183655
0
0.00459137
0.00275482
0.00183655
0
0.00183655
0
0
0.00550964
0.00459137
0.00275482
0.00367309
0
0.00275482
0.00275482
0.00367309
0.00183655
0.00183655
0.00275482
0.00642792
0.00275482
0.00734619
0.00459137
0.00550964
0.00734619
0.00826446
0.00550964
0.00642792
0.0137741
0.146006