0
0
0.00540123
0.00385802
0.00655864
0.00694444
0.00462963
0.00385802
0.00270062
0.00617284
0.00578704
0.00810185
0.00462963
0.00462963
0.00385802
0.00347222
0.00231481
0.00192901
0.00231481
0.000771605
0.00231481
0.000771605
0
0.000385802
0
0
0
0
0.00115741
0.000385802
0
0
0
0.000385802
0
0
0
0
0
0
0
0
0
0.00115741
0
0
0
0
0
0
0
0
0
0
0
0.000385802
0
0.000771605
0
0
0.000385802
0
0
0
0
0
0
0
0
0
0
0
0
0
0
0
0
0
0
0
0
0
0
0
0
0
0
0
0
0
0
0
0
0
0
0
0
0
0
0
0
0
0
0
0
0
0.000385802
0
0
0.000385802
0
0
0
0
0
0
0
0.000771605
0
0
0
0
0
0
0
0
0
0
0.00501543
0
0
0.000385802
0
0
0.000385802
0.000771605
0.000385802
0
0.000771605
0.000771605
0.000771605
0.000385802
0.00154321
0.00154321
0.000385802
0.00385802
0.00501543
0.00231481
0.00578704
0.00964506
0.0146605
0.0181327
0.0401235
0.0717593
0.0968364
0.0802469
0.0702161
0.038966
0.0250772
0.0123457
0.00578704
0.00462963
0.0154321
0.00694444
0.00424383
0.00308642
0.00385802
0.00347222
0.00154321
0
0.0316358
0
0.000771605
0.00231481
0.00347222
0.00192901
0.00231481
0.00192901
0.000771605
0.00308642
0.000771605
0.00424383
0.00115741
0.00115741
0.00617284
0.00192901
0.000771605
0.00347222
0.00154321
0.00154321
0.000771605
0.00810185
0
0.00192901
0.00270062
0.00115741
0.00231481
0.00115741
0.00385802
0.000385802
0.00154321
0.000771605
0.00115741
0.000385802
0.00192901
0.00154321
0.000385802
0.00115741
0.00270062
0.000385802
0
0
0
0.00887346
0
0
0.00115741
0.00115741
0.000771605
0.000771605
0.00231481
0.00154321
0.00115741
0.00424383
0.00115741
0.000771605
0.00154321
0.00462963
0.00270062
0.00192901
0.00270062
0.00270062
0.00154321
0.000771605
0.00810185
0.00154321
0.00192901
0.00270062
0.00385802
0.00385802
0.00385802
0.0100309
0.00540123
0.00887346
0.00810185
0.00270062
0.00578704
0.0115741
0.00810185
0.0181327
0.00848765
0.0354938
0.00540123
0.0200617
0
0.0335648