0
0.00939055
0.0267413
0.056903
0.0435945
0.0205846
0.00858209
0.0056592
0.00236318
0.0034204
0.00242537
0.00261194
0.00155473
0.0016791
0.00242537
0.00155473
0.00136816
0.00124378
0.00136816
0.000932836
0.000310945
0.00211443
0.000248756
0.000373134
0.000373134
0.000248756
0.000995025
0.000310945
0.000310945
0.000186567
0.000310945
0.000310945
0.000497512
0.000310945
0.000124378
0.000310945
0.000248756
6.21891e-005
0.000124378
0.000186567
0
0
0
0.00292289
0
0
0
6.21891e-005
0
6.21891e-005
6.21891e-005
0.000310945
0.000248756
0.000186567
6.21891e-005
6.21891e-005
0
0.000621891
6.21891e-005
6.21891e-005
0.000248756
0.000186567
0
6.21891e-005
0.000559701
0
0
0.000186567
0.000248756
6.21891e-005
6.21891e-005
0.000186567
0
0.000124378
6.21891e-005
0
0.000248756
0.000186567
0
0.000186567
6.21891e-005
0.000124378
0
6.21891e-005
0
0.0011194
0
0
0
0.000186567
0
0.000186567
0.000124378
0
0.000310945
0
0.000373134
0
0
0.000932836
0.000186567
0.000248756
0.000435323
0.000746269
6.21891e-005
0.000373134
0.00143035
6.21891e-005
0.000310945
0.000310945
0.000124378
0.00068408
0.000559701
0.00143035
0.000310945
0.00118159
0.000373134
0.000995025
0.00068408
0.00105721
0.00161692
0.000932836
0.00068408
0.00130597
0.00124378
0.000870647
0.000559701
6.21891e-005
0.0411692
0.00105721
0.000932836
0.00143035
0.00143035
0.00217662
0.00310945
0.00329602
0.00422886
0.00242537
0.00391791
0.00211443
0.0079602
0.00248756
0.0104478
0.00833333
0.00304726
0.0120025
0.0135572
0.00876866
0.00149254
0.021393
0.00348259
0.0107587
0.00926617
0.00982587
0.00746269
0.0050995
0.0102612
0.00429104
0.00671642
0.00646766
0.00143035
0.00267413
0.00547264
0.00516169
0.00261194
0.00273632
0.00174129
0.000932836
0.00124378
0.000435323
0.0202736
0.000248756
0.000932836
0.00105721
0.000870647
0.00143035
0.00143035
0.00136816
0.00068408
0.00298507
0.000559701
0.00242537
0.000621891
0.0011194
0.00273632
0.00068408
0.000932836
0.00130597
0.000995025
0.000746269
0.000932836
0.00310945
6.21891e-005
0.000497512
0.00124378
0.000373134
0.000932836
0.00118159
0.00149254
0.000124378
0.00068408
0.000497512
0.000808458
0.000497512
0.000995025
0.000746269
0.00068408
0.000559701
0.00068408
0.000248756
0.000248756
6.21891e-005
0
0.00640547
0
0.000186567
0.000559701
0.000559701
0.000559701
0.000746269
0.000746269
0.000435323
0.000870647
0.000621891
0.000559701
0.000808458
0.000373134
0.00186567
0.000808458
0.000186567
0.00130597
0.000870647
0.000746269
0.000559701
0.00186567
0.000497512
0.000808458
0.000995025
0.00130597
0.000870647
0.000932836
0.00174129
0.0011194
0.00149254
0.00155473
0.000995025
0.00130597
0.00199005
0.00211443
0.00192786
0.00223881
0.00242537
0.00217662
0.00310945
0.00298507
0.398818