0.00126823
0.00672162
0.0254914
0.0721623
0.0210526
0.0123018
0.0102727
0.01078
0.01078
0.0120482
0.00786303
0.00925808
0.0111604
0.00900444
0.0131896
0.010019
0.00900444
0.0114141
0.0120482
0.00913126
0.00963855
0.0177552
0.00748256
0.0125555
0.0111604
0.00798985
0.0124287
0.00849715
0.00976538
0.00722892
0.00697527
0.0049461
0.00748256
0.00532657
0.00481928
0.00469245
0.00279011
0.00253646
0.00317058
0.00355105
0.00190235
0.00139505
0
0.0246037
0.000253646
0.00190235
0.00101458
0.00101458
0.00114141
0.00114141
0.00177552
0.00101458
0.00114141
0.00177552
0.000380469
0.00139505
0.000126823
0.00202917
0.00114141
0.000253646
0.00202917
0.000507292
0.000380469
0.000126823
0.00228282
0.000507292
0.000380469
0.000760939
0.000760939
0.000126823
0.000253646
0.00126823
0.000253646
0.000253646
0.00114141
0.000126823
0
0.000634115
0.000634115
0.000253646
0.000253646
0.000507292
0.000126823
0
0
0.00367787
0
0
0.000126823
0.000253646
0.000634115
0.000507292
0.000634115
0
0.000380469
0.000126823
0.000634115
0.000380469
0.000253646
0.000887762
0.000126823
0.000507292
0.000634115
0.000634115
0.000126823
0.000126823
0.0016487
0.000126823
0.000634115
0.000380469
0.000380469
0.000634115
0.00101458
0.00101458
0.000126823
0.000380469
0.000253646
0.000760939
0.000887762
0.000760939
0.000507292
0.00101458
0.000634115
0.000253646
0.000887762
0.000253646
0
0.000126823
0.0206722
0.000634115
0.000887762
0.000887762
0.000887762
0.00139505
0.00152188
0.00253646
0.00202917
0.0016487
0.00355105
0.00202917
0.00190235
0.00202917
0.00380469
0.00355105
0.00215599
0.00532657
0.00697527
0.00583386
0.00342422
0.0135701
0.00786303
0.00621433
0.00722892
0.00545339
0.00519975
0.00253646
0.00634115
0.00545339
0.00367787
0.00456563
0.00177552
0.00355105
0.00443881
0.00291693
0.00215599
0.00126823
0.00215599
0.00139505
0.00139505
0.000507292
0.0106531
0.000507292
0.000380469
0.00101458
0.000760939
0.00190235
0.00202917
0.00152188
0.00139505
0.00177552
0.000380469
0.0016487
0.00114141
0.000634115
0.00291693
0.000887762
0.00101458
0.000887762
0.000507292
0.000760939
0.000507292
0.00253646
0.000507292
0.000507292
0.000760939
0.000126823
0.000887762
0.000253646
0.00126823
0.000253646
0.000887762
0.000253646
0.000760939
0.000253646
0.000634115
0.000380469
0.000507292
0.000253646
0.000253646
0
0.000507292
0
0
0.0112873
0.000634115
0
0.000760939
0.000634115
0.000507292
0.000380469
0.000760939
0.0016487
0.00114141
0.00114141
0.000634115
0.00101458
0.000634115
0.00215599
0.000634115
0.000760939
0.000887762
0.000887762
0.00139505
0.00126823
0.00481928
0.00101458
0.000887762
0.000760939
0.00202917
0.00240964
0.00152188
0.00456563
0.00177552
0.00253646
0.00355105
0.00215599
0.00266328
0.00443881
0.00431198
0.00393152
0.00405834
0.00266328
0.00418516
0.00342422
0.00570704
0.180977