0
0.0307646
0.0388292
0.0352449
0.0179211
0.0131422
0.00477897
0.00537634
0.00238949
0.00179211
0.00268817
0.00149343
0.00119474
0.000298686
0.00149343
0.000298686
0
0.00119474
0.000298686
0.000298686
0
0.000597372
0
0
0
0
0.000298686
0
0
0
0
0
0
0
0.000298686
0.000298686
0
0.000298686
0.000298686
0.000298686
0
0
0
0.00149343
0
0
0
0
0
0
0
0
0
0.000298686
0
0.000298686
0
0
0
0
0
0.000298686
0
0
0.000896057
0
0
0
0.000298686
0
0
0
0
0
0
0
0
0.000298686
0
0
0
0
0
0
0
0.00179211
0
0
0.000298686
0
0
0
0
0
0.000298686
0
0
0.000298686
0
0.000597372
0
0
0.000298686
0.000298686
0
0
0.00149343
0
0
0.000298686
0
0.000298686
0.000298686
0.00119474
0.000298686
0.000298686
0
0
0
0.000597372
0.000298686
0.000298686
0.000597372
0.0020908
0.000597372
0.000597372
0.000896057
0.000298686
0.0695938
0.00298686
0.00298686
0.00537634
0.00507766
0.00686977
0.00507766
0.00388292
0.00448029
0.00985663
0.00686977
0.00686977
0.00716846
0.00477897
0.0134409
0.00866189
0.00358423
0.0110514
0.00597372
0.00925926
0.00746714
0.010454
0.00746714
0.00806452
0.00477897
0.00866189
0.00896057
0.0125448
0.010454
0.0122461
0.015233
0.0146356
0.00806452
0.00567503
0.0107527
0.00716846
0.00567503
0.00686977
0.00507766
0.00567503
0.00298686
0.000298686
0.0176225
0
0.00149343
0.00268817
0.0041816
0.00238949
0.00298686
0.00448029
0.00149343
0.00597372
0.00179211
0.00238949
0.00298686
0.00268817
0.00328554
0.000597372
0.00179211
0.00149343
0.0020908
0.0020908
0.00149343
0.00686977
0.000597372
0.00238949
0.00268817
0.00149343
0.00179211
0.00238949
0.00298686
0.000597372
0.00268817
0.00149343
0.00149343
0.000896057
0.00149343
0.00179211
0.00119474
0.000896057
0.000896057
0.00179211
0.000298686
0.000298686
0
0.0149343
0
0.000597372
0.00119474
0.000896057
0.00149343
0.00119474
0.00268817
0
0.00119474
0.0041816
0.0020908
0.0020908
0.000896057
0.00149343
0.00328554
0.00179211
0.00358423
0.00328554
0.0020908
0.00179211
0.00567503
0.00268817
0.00477897
0.00238949
0.00477897
0.00298686
0.00268817
0.00448029
0.00358423
0.00238949
0.00507766
0.00328554
0.0041816
0.00597372
0.00537634
0.0062724
0.00985663
0.00657109
0.00776583
0.0134409
0.0101553
0.178614