0
0.000260146
0.000260146
0.00312175
0.00806452
0.00182102
0.00338189
0.00390219
0.00208117
0.00442248
0.000260146
0.00338189
0.00234131
0.00156087
0.00260146
0.00260146
0.00182102
0.00156087
0.00104058
0.00156087
0.00130073
0.00728408
0.000260146
0.00130073
0.000520291
0
0.00416233
0.00104058
0.00494277
0.000520291
0.00104058
0
0.0028616
0.000520291
0.000780437
0.00156087
0.00104058
0.000260146
0.000520291
0.00104058
0.000520291
0
0
0.0137877
0
0.000260146
0
0.000780437
0.000260146
0.000520291
0.000780437
0.000260146
0
0.00208117
0.000520291
0.000520291
0.000260146
0.00234131
0.000260146
0
0.00130073
0.000260146
0
0
0.00364204
0
0.000260146
0
0.000780437
0.000260146
0
0.000780437
0
0.000520291
0.000780437
0
0
0.000780437
0
0
0
0
0
0
0
0.00390219
0
0
0
0
0.000260146
0
0
0.000260146
0.000520291
0
0.000260146
0
0
0.000520291
0
0.000260146
0.000780437
0.000260146
0
0
0.00260146
0
0
0.000260146
0
0.000780437
0.000260146
0.00312175
0
0.000520291
0.000260146
0.00130073
0.000520291
0.00182102
0.000520291
0
0.000520291
0.000780437
0.000520291
0
0
0
0.0171696
0
0.000260146
0.000520291
0.00130073
0.00156087
0.00208117
0.00182102
0.00364204
0.00104058
0.00390219
0.00182102
0.00494277
0.00104058
0.00520291
0.0057232
0.00130073
0.00494277
0.0062435
0.00494277
0.00260146
0.0179501
0.0101457
0.0158689
0.0156087
0.0301769
0.0197711
0.0218522
0.0327784
0.0184703
0.0296566
0.028616
0.0104058
0.0130073
0.0202914
0.026795
0.0169095
0.0140479
0.0241935
0.00832466
0.00338189
0.000260146
0.0788241
0.000520291
0.00130073
0.00338189
0.00468262
0.00754422
0.0057232
0.00546306
0.00208117
0.00728408
0.000260146
0.0057232
0.00442248
0.00234131
0.0119667
0.000260146
0.0028616
0.00390219
0.00208117
0.00156087
0.000260146
0.0119667
0
0.000520291
0.0028616
0
0.00364204
0.000520291
0.00676379
0
0.00130073
0.000260146
0.00520291
0.00104058
0.00390219
0.00312175
0.00156087
0.000780437
0.000520291
0
0
0
0
0.0218522
0
0
0.000260146
0.000260146
0.000520291
0.00156087
0.00312175
0.00416233
0.000780437
0.0062435
0.000260146
0.00260146
0
0.00702393
0.00234131
0.000520291
0.00260146
0.00338189
0.000520291
0
0.0111863
0
0.000780437
0.0028616
0.00468262
0.00546306
0.00130073
0.00728408
0.00338189
0.00520291
0.0101457
0.000780437
0.00338189
0.00962539
0.00650364
0.00208117
0.0101457
0.0171696
0.00390219
0.000520291
0.000520291
0.0577523