0
0
0
0.00208117
0.00416233
0.00312175
0
0.00416233
0.00104058
0.00520291
0
0.00208117
0.00104058
0
0.00104058
0
0
0
0.00104058
0.00104058
0
0.00104058
0
0
0
0
0
0.00104058
0
0
0
0
0
0
0
0
0
0
0
0
0
0
0
0.00104058
0
0
0
0
0.00104058
0
0
0
0
0
0
0
0
0
0
0
0
0.00104058
0
0
0
0
0
0
0
0
0
0
0
0
0
0
0
0
0
0
0
0
0
0
0
0.00104058
0
0
0
0
0
0
0
0
0
0
0
0
0
0
0
0
0
0
0
0
0.00104058
0
0
0
0
0
0
0
0
0
0
0
0
0
0
0
0
0
0
0
0
0
0.00104058
0
0
0
0
0
0
0.00104058
0
0.00104058
0.00104058
0
0
0
0.00208117
0.00312175
0
0.00104058
0.00312175
0
0
0.0062435
0.00312175
0.00520291
0.00312175
0.00728408
0.0135276
0.0145682
0.0364204
0.0156087
0.0208117
0.0291363
0.00312175
0.00416233
0.0228928
0.0176899
0.00832466
0.0062435
0.0104058
0.00208117
0.00104058
0
0.221644
0
0.00104058
0.00312175
0.00416233
0.00416233
0.00208117
0.00208117
0.00208117
0.012487
0
0.0260146
0.00208117
0.00104058
0.0312175
0
0.00312175
0.0135276
0.00208117
0.00208117
0
0.0343392
0
0
0.00416233
0.00104058
0.00520291
0.00104058
0.0187305
0
0.00104058
0
0.00936524
0.00104058
0.00208117
0.00208117
0
0
0
0
0
0
0
0.0322581
0
0
0
0
0
0.00520291
0.00208117
0.00520291
0
0.00728408
0
0.00312175
0
0.00832466
0.00208117
0
0.00936524
0.0062435
0
0
0.0291363
0
0.00208117
0.00832466
0.0104058
0.00728408
0.00416233
0.0187305
0.00416233
0.0062435
0.0208117
0.00416233
0.0062435
0.012487
0.00936524
0.00728408
0.0104058
0.012487
0
0
0
0.0530697