0
0.000175809
0.00105485
0.0019339
0.00492264
0.00474684
0.00509845
0.00668073
0.00562588
0.0133615
0.0080872
0.0175809
0.020218
0.0200422
0.0277778
0.0221519
0.0251406
0.0249648
0.027602
0.027602
0.0219761
0.0309423
0.0145921
0.0154712
0.0149437
0.0116034
0.0144163
0.0138889
0.0189873
0.0135373
0.0147679
0.0080872
0.0080872
0.0059775
0.00386779
0.00650492
0.00386779
0.00369198
0.00580169
0.00421941
0.00439522
0.0040436
0.00123066
0.0439522
0.00105485
0.00175809
0.00246132
0.00123066
0.0021097
0.000879044
0.00175809
0.000703235
0.000879044
0.00175809
0.00158228
0.00175809
0.00123066
0.00298875
0.000527426
0.000879044
0.00158228
0.00158228
0.000351617
0.000175809
0.00263713
0.000703235
0.00123066
0.000703235
0.00175809
0.000879044
0.000527426
0.00281294
0.00105485
0.00123066
0.000879044
0.000175809
0.000527426
0.00105485
0.00105485
0.000351617
0.000703235
0.000175809
0.000351617
0.000175809
0
0.00474684
0.000175809
0
0
0.00123066
0.000351617
0.000527426
0.000351617
0.000703235
0.00123066
0.000351617
0.00123066
0.00105485
0.000351617
0.00140647
0.000351617
0.000879044
0.000527426
0.00123066
0.000527426
0.000879044
0.00281294
0.000351617
0.00158228
0.0021097
0.00123066
0.0021097
0.0019339
0.0040436
0.0021097
0.00228551
0.000527426
0.00263713
0.00158228
0.00228551
0.00334037
0.00263713
0.00175809
0.00509845
0.00474684
0.00175809
0.000879044
0.000175809
0.0423699
0.00105485
0.00316456
0.0080872
0.00439522
0.00615331
0.00492264
0.00755977
0.0040436
0.0059775
0.00668073
0.00369198
0.00492264
0.00316456
0.00580169
0.00334037
0.0019339
0.00281294
0.00105485
0.00123066
0.00105485
0.00334037
0.000527426
0.000879044
0.000879044
0.000879044
0.000527426
0.000175809
0.00140647
0.000527426
0.000879044
0.000879044
0.000175809
0.000175809
0.000351617
0.00123066
0.000703235
0.000351617
0.000527426
0.000175809
0.000879044
0.000351617
0.0123066
0
0.000351617
0.000175809
0
0.000351617
0.000527426
0.000879044
0
0.000351617
0.000175809
0.00140647
0.000351617
0
0.0019339
0
0.000351617
0.000175809
0.000351617
0.000175809
0.000175809
0.00562588
0.000175809
0
0.000527426
0
0.000527426
0.000351617
0.0021097
0
0
0.000175809
0.000351617
0.000175809
0.000527426
0.000351617
0
0.000175809
0
0
0
0.000175809
0
0.0131857
0
0
0.000175809
0.000527426
0
0.000351617
0
0.000175809
0.000351617
0.000703235
0.000175809
0
0.000175809
0.0021097
0.000175809
0
0.000351617
0.000175809
0
0
0.00668073
0
0.000527426
0.000175809
0.00140647
0.000351617
0.000175809
0.00474684
0.000175809
0.000879044
0.00316456
0
0.000703235
0.00105485
0.00175809
0.000879044
0.000703235
0.00105485
0.000351617
0.000879044
0.000175809
0.119023