0.00213129
0.0302643
0.0639386
0.0404945
0.0251492
0.028133
0.0200341
0.0144928
0.0213129
0.0119352
0.00767263
0.0170503
0.0110827
0.0187553
0.0191816
0.0247229
0.0225916
0.029838
0.0362319
0.041347
0.0366581
0.0370844
0.0179028
0.0315431
0.0319693
0.0221654
0.0294118
0.014919
0.0196078
0.00468883
0.00852515
0.00767263
0.00767263
0.00511509
0.00341006
0.00468883
0.0029838
0.00127877
0.00255754
0.00213129
0.00127877
0
0
0.0311168
0.000426257
0
0.00170503
0.00213129
0.000852515
0.000852515
0.000426257
0.0029838
0.000426257
0.000426257
0.000426257
0.000426257
0.000426257
0.00468883
0.00127877
0
0.00170503
0.000852515
0.000426257
0.000426257
0.00213129
0
0.000852515
0.000852515
0
0.000426257
0.000852515
0.00127877
0
0.000426257
0
0.00127877
0
0.000426257
0.000426257
0.000852515
0
0.000426257
0.000426257
0
0
0.00213129
0
0
0
0.000852515
0.000426257
0
0.000426257
0
0.000426257
0
0.000852515
0.000426257
0.000852515
0.00127877
0
0.000426257
0.000426257
0.000426257
0
0.000426257
0.00127877
0
0.000426257
0.00170503
0
0.00127877
0
0.000852515
0.000852515
0
0.000426257
0.00127877
0.000426257
0.00127877
0
0
0.00127877
0.000852515
0.000852515
0.000426257
0.000426257
0
0.00937766
0
0.00127877
0
0.000426257
0.000426257
0.000852515
0
0.000426257
0.00255754
0.00170503
0
0.000426257
0.000426257
0.000426257
0.000426257
0
0.000426257
0.000426257
0.000426257
0.000426257
0
0.000426257
0
0.000426257
0.00127877
0.000852515
0.000426257
0.00127877
0.000426257
0
0.000426257
0
0
0
0.000426257
0
0
0
0
0
0
0.000852515
0
0
0
0.000426257
0
0
0
0.000426257
0
0
0
0
0
0.000426257
0
0
0
0
0
0
0
0
0
0
0
0
0
0
0
0
0
0
0
0
0.000426257
0
0
0.00170503
0
0
0
0
0.00724638
0
0
0.000426257
0.000426257
0.000852515
0
0
0.000426257
0
0
0
0.000426257
0
0.000852515
0
0.00127877
0.000852515
0.000426257
0.00127877
0.00127877
0.000852515
0.000426257
0
0
0.000426257
0.000426257
0.000426257
0.000426257
0.00170503
0.00127877
0.00213129
0
0.000852515
0.00426257
0.00341006
0.00213129
0.00341006
0.00255754
0.00511509
0.00682012
0.00682012
0.044757