0.00131839
0.00791035
0.0184575
0.0421885
0.0375742
0.0329598
0.0382334
0.0250494
0.0177983
0.023731
0.0151615
0.0158207
0.0138431
0.0112063
0.0283454
0.0105471
0.00725115
0.0125247
0.0118655
0.00725115
0.00461437
0.0309822
0.00329598
0.00725115
0.00922874
0.00263678
0.0197759
0.0112063
0.0296638
0.00395517
0.00856955
0.00197759
0.0224127
0.00461437
0.0210943
0.0151615
0.00856955
0.00329598
0.00659196
0.00329598
0.00263678
0.000659196
0
0.124588
0.00131839
0.00329598
0.00329598
0.00461437
0.00263678
0.00527357
0.0118655
0.00659196
0.00197759
0.00988794
0.00461437
0.00527357
0.00131839
0.0131839
0.000659196
0
0.00395517
0.00329598
0.00197759
0
0.0131839
0.000659196
0
0.00263678
0.00263678
0.00131839
0.000659196
0.00659196
0.000659196
0.000659196
0.00263678
0
0
0.00197759
0.000659196
0.00197759
0
0.000659196
0
0.000659196
0
0.0138431
0
0
0
0
0
0
0
0
0.00131839
0
0.000659196
0
0.000659196
0.00131839
0.000659196
0.00197759
0
0.000659196
0
0
0.00329598
0
0.000659196
0
0
0
0
0.00131839
0
0.000659196
0
0
0.00131839
0
0
0
0
0.000659196
0
0
0
0
0.00593276
0
0
0.000659196
0
0
0.000659196
0
0
0.000659196
0
0
0
0
0
0
0
0.000659196
0
0
0
0.00131839
0
0
0
0
0
0
0
0
0
0.00131839
0
0
0.000659196
0
0
0
0
0
0
0
0.00461437
0
0
0
0
0
0
0
0
0
0
0
0
0
0.000659196
0
0
0
0
0
0
0.000659196
0
0
0
0
0
0
0.000659196
0
0
0
0
0
0
0
0
0
0
0
0
0
0
0.00197759
0
0
0.000659196
0
0
0
0
0.000659196
0.000659196
0
0.000659196
0
0
0.000659196
0
0.00131839
0.000659196
0.00131839
0.00131839
0
0.00263678
0.00197759
0.000659196
0.00131839
0
0.00329598
0.000659196
0.000659196
0
0.00263678
0.00263678
0.00197759
0
0.00197759
0.00197759
0.00131839
0.00527357
0.00395517
0.00461437
0.00131839
0.00856955
0.0474621