0
0
0.00749625
0.017991
0.0284858
0.0209895
0.0284858
0.0194903
0.0269865
0.0389805
0.0194903
0.0389805
0.0269865
0.0284858
0.0689655
0.0089955
0.0149925
0.0269865
0.023988
0.0164918
0.005997
0.0884558
0
0.0089955
0.0104948
0.0029985
0.0194903
0.0089955
0.041979
0.0029985
0.00449775
0.00149925
0.0164918
0.005997
0.00749625
0.00449775
0.0029985
0.00149925
0.0029985
0.00149925
0
0
0
0.0374813
0
0
0
0
0.00149925
0
0.0029985
0.00149925
0
0.00149925
0
0.0029985
0
0.0029985
0.00149925
0
0
0.0029985
0
0
0.00149925
0
0.00149925
0
0
0
0
0.0029985
0
0.00149925
0
0
0
0
0
0
0
0
0
0
0
0.0029985
0
0
0
0
0.0029985
0
0
0.00149925
0.00149925
0
0
0.00149925
0
0.0029985
0
0
0
0
0
0
0.0029985
0
0
0
0
0.00149925
0.00149925
0.00149925
0
0.00149925
0
0
0
0
0
0.00149925
0
0
0
0.00149925
0
0
0.00149925
0
0
0
0
0
0
0
0
0
0
0
0
0
0.00149925
0.00149925
0
0
0
0
0
0
0
0
0
0
0
0
0
0
0
0
0
0
0
0
0
0
0
0
0
0
0.00149925
0
0
0
0
0
0
0
0
0
0
0
0
0
0
0
0
0
0
0
0
0.00149925
0
0
0
0
0
0
0
0
0
0
0
0
0
0
0
0
0
0
0
0
0
0.00449775
0
0
0
0
0
0
0
0
0
0
0
0
0
0
0
0
0
0
0
0.00149925
0.0089955
0
0
0.00149925
0
0
0.00149925
0.00449775
0
0.00149925
0.00449775
0
0.00449775
0.00149925
0.005997
0
0.00149925
0.0089955
0.00449775
0.00449775
0
0.14093