0
0.000730994
0
0.00146199
0.00438596
0.00365497
0.00511696
0.00730994
0.00657895
0.0263158
0.00804094
0.0226608
0.0263158
0.0226608
0.0307018
0.0204678
0.0299708
0.0255848
0.0292398
0.0343567
0.0270468
0.0263158
0.0168129
0.0219298
0.0204678
0.0175439
0.0182749
0.0226608
0.0204678
0.0146199
0.0116959
0.00730994
0.0109649
0.0102339
0.0109649
0.00877193
0.0102339
0.00804094
0.00804094
0.00219298
0.00511696
0.00804094
0
0.0190058
0.00292398
0.00219298
0.00438596
0.00365497
0.00438596
0.00146199
0.00292398
0.00365497
0.00219298
0.00365497
0.00438596
0
0.00219298
0.00292398
0.00292398
0.00146199
0
0.000730994
0.00146199
0
0.00438596
0.000730994
0.000730994
0.000730994
0
0.00219298
0.00146199
0.00219298
0
0.00219298
0.00146199
0
0.00146199
0
0.000730994
0.000730994
0.000730994
0.000730994
0
0
0
0.00804094
0
0
0
0
0.000730994
0.00146199
0.00146199
0
0.00292398
0
0.00146199
0.00292398
0
0.00219298
0.00146199
0.00146199
0.00219298
0.00292398
0.000730994
0
0.00657895
0
0
0.00146199
0.000730994
0.00292398
0.00219298
0.00292398
0
0.00511696
0.00292398
0.00292398
0.00438596
0.00146199
0.00292398
0.00438596
0.00146199
0.00292398
0.00365497
0.00365497
0.000730994
0
0.0270468
0.000730994
0.00365497
0.00511696
0.000730994
0.00146199
0.00219298
0.00292398
0.00365497
0
0.00511696
0.00219298
0.000730994
0.000730994
0.00365497
0.00219298
0.00146199
0.00584795
0.00292398
0.000730994
0.00146199
0.00511696
0.000730994
0.00219298
0.000730994
0.00146199
0.00146199
0
0.000730994
0
0.000730994
0.000730994
0
0
0.000730994
0
0.000730994
0
0
0
0.000730994
0
0.0160819
0
0
0
0.000730994
0
0
0
0
0.00146199
0
0.000730994
0
0
0.00219298
0.000730994
0
0
0.000730994
0
0
0.00584795
0
0
0
0
0.000730994
0
0.00219298
0
0
0
0
0
0
0
0
0
0
0
0
0
0
0.0116959
0
0
0
0
0.00146199
0
0.00146199
0
0
0.000730994
0
0.000730994
0
0.00365497
0
0
0.000730994
0.000730994
0.000730994
0
0.0102339
0.000730994
0.000730994
0.000730994
0.00146199
0
0
0.00511696
0
0
0.00219298
0
0.000730994
0.00146199
0.00219298
0.00219298
0.00146199
0
0.000730994
0
0.000730994
0.0416667