0.00181214
0.00860767
0.0305044
0.0803383
0.0288433
0.0187255
0.012987
0.0107218
0.0113259
0.0116279
0.00875868
0.0108728
0.00921172
0.00981577
0.0138931
0.00604047
0.00800362
0.00739958
0.00709755
0.00543642
0.00498339
0.0187255
0.00286922
0.00483238
0.00694654
0.00302024
0.00815464
0.00558744
0.0157052
0.00166113
0.00498339
0.00302024
0.0105708
0.00543642
0.0077016
0.00800362
0.00694654
0.00468137
0.00422833
0.00407732
0.00241619
0.000302024
0
0.108728
0
0.00105708
0.00468137
0.00588946
0.00588946
0.00800362
0.0110239
0.00936273
0.00317125
0.0120809
0.00226518
0.00785261
0.000755059
0.0152522
0.00437934
0.000151012
0.00921172
0.00588946
0.00211416
0.000604047
0.0202356
0.000906071
0.00166113
0.00271821
0.00317125
0.00151012
0.000906071
0.00709755
0.000604047
0.00241619
0.0025672
0
0.000604047
0.00226518
0.000604047
0.000453035
0.00120809
0.000453035
0.000151012
0
0
0.0141951
0
0
0.000151012
0.000604047
0.000604047
0.000453035
0.000604047
0.000302024
0.00226518
0.000151012
0.00135911
0.000151012
0.000151012
0.00226518
0.000151012
0.000151012
0.000604047
0.000755059
0.000151012
0.000151012
0.00407732
0
0.000453035
0.00120809
0.000151012
0.000906071
0.000151012
0.00196315
0.000151012
0.000302024
0
0.00135911
0.000453035
0.000755059
0.000604047
0.000151012
0
0.000151012
0.000302024
0.000604047
0
0
0.0169133
0.000302024
0.000906071
0.000604047
0.000151012
0.000755059
0.00105708
0.00105708
0.000906071
0.000755059
0.00226518
0.00151012
0.00135911
0.000755059
0.00120809
0.000604047
0.000755059
0.00120809
0.00105708
0.000604047
0.00105708
0.00196315
0.000604047
0.00120809
0.000755059
0.000302024
0.000906071
0.000151012
0.000604047
0.000151012
0.000151012
0.000604047
0.000151012
0.000151012
0.000604047
0.000151012
0
0.000453035
0.000302024
0.000302024
0
0
0.00437934
0
0
0.000302024
0
0.000453035
0.000151012
0.000453035
0.000453035
0.000453035
0.000151012
0.000302024
0.000302024
0.000453035
0.000755059
0.000302024
0.000453035
0.000151012
0
0.000302024
0
0.000755059
0.000151012
0
0.000151012
0
0.000151012
0
0.000453035
0
0
0
0.000151012
0
0.000151012
0.000302024
0.000151012
0
0
0
0
0
0
0.00437934
0
0
0.000151012
0.000151012
0.000151012
0.000151012
0
0.000151012
0
0.000604047
0
0
0.000302024
0.000302024
0.000755059
0
0.000906071
0.000151012
0
0.000302024
0.00120809
0.000302024
0.000453035
0.000755059
0.000755059
0.000755059
0.000906071
0.00181214
0.000755059
0.000755059
0.00181214
0.00181214
0.00211416
0.00317125
0.00211416
0.00347327
0.00392631
0.00468137
0.00271821
0.00573845
0.00483238
0.145424