0
0.00113613
0.00444123
0.0150795
0.0169386
0.0219996
0.0269572
0.0277835
0.0234456
0.0284032
0.0162157
0.0177649
0.0136335
0.0135303
0.0137368
0.00960545
0.0107416
0.0104317
0.0106383
0.0092956
0.00846932
0.0151828
0.00454452
0.0111547
0.0104317
0.00681677
0.0128073
0.0101219
0.0163189
0.00764305
0.0108449
0.00991531
0.0100186
0.00950217
0.0100186
0.0115679
0.00619707
0.00423466
0.00722991
0.00888246
0.00361496
0.000309853
0
0.0273704
0.000722991
0.00185912
0.00392481
0.00237554
0.00237554
0.0026854
0.00289196
0.00185912
0.00227226
0.00413138
0.00154927
0.00299525
0.000619707
0.00371824
0.0013427
0.000309853
0.00206569
0.00206569
0.000722991
0.000309853
0.00402809
0.00103284
0.0013427
0.00113613
0.0013427
0.000826276
0.00092956
0.00185912
0.000722991
0.00092956
0.00103284
0.000619707
0.000722991
0.00123941
0.00113613
0.000826276
0.000619707
0.000516422
0.000206569
0.000206569
0
0.00619707
0.000103284
0
0.000516422
0.000722991
0.000826276
0.000619707
0.000722991
0.000206569
0.00216897
0.000103284
0.00123941
0.00092956
0.000516422
0.00113613
0.000516422
0.000722991
0.00144598
0.00103284
0.0013427
0.000103284
0.00299525
0.000309853
0.00103284
0.00165255
0.000516422
0.00216897
0.00123941
0.00206569
0.000309853
0.000619707
0.00113613
0.00154927
0.00175584
0.000826276
0.000722991
0.00103284
0.0013427
0.00144598
0.000722991
0.0013427
0.000722991
0
0.0207602
0.00092956
0.00185912
0.00154927
0.00154927
0.00175584
0.00227226
0.00258211
0.0026854
0.00278868
0.00289196
0.00247883
0.00258211
0.00175584
0.00278868
0.0033051
0.00206569
0.00299525
0.0026854
0.00340839
0.00237554
0.00588721
0.00309853
0.00454452
0.00278868
0.00413138
0.00237554
0.00289196
0.00423466
0.00247883
0.00402809
0.00413138
0.0026854
0.00289196
0.00351167
0.00289196
0.0026854
0.00309853
0.00289196
0.00237554
0.00299525
0.000826276
0.0115679
0.00154927
0.00185912
0.00258211
0.00320182
0.00227226
0.00206569
0.0026854
0.00206569
0.00289196
0.00154927
0.00309853
0.00216897
0.00289196
0.00289196
0.00237554
0.00175584
0.00206569
0.00185912
0.0019624
0.00113613
0.00340839
0.000619707
0.000722991
0.00154927
0.00144598
0.00113613
0.00144598
0.00320182
0.000826276
0.00144598
0.00144598
0.00165255
0.00113613
0.00113613
0.00123941
0.0013427
0.00113613
0.00144598
0.00154927
0.000516422
0.000413138
0
0.0104317
0.000206569
0.00092956
0.000619707
0.00113613
0.000826276
0.00103284
0.00144598
0.00113613
0.00092956
0.00123941
0.000619707
0.00123941
0.000619707
0.00258211
0.00144598
0.000722991
0.00175584
0.00154927
0.00113613
0.00092956
0.00413138
0.000826276
0.00175584
0.0013427
0.00237554
0.00123941
0.00092956
0.0033051
0.00289196
0.00237554
0.00247883
0.00123941
0.00206569
0.00289196
0.0026854
0.00206569
0.0026854
0.00247883
0.00299525
0.00227226
0.000413138
0.0774633