0
0.000308642
0.00123457
0.00277778
0.00339506
0.00802469
0.00679012
0.00771605
0.00462963
0.012963
0.00648148
0.0188272
0.017284
0.0225309
0.0240741
0.0216049
0.0305556
0.0296296
0.0277778
0.0243827
0.0256173
0.0299383
0.0185185
0.0188272
0.0203704
0.0138889
0.0234568
0.0219136
0.0200617
0.0191358
0.012963
0.00925926
0.0114198
0.0101852
0.00555556
0.00771605
0.00802469
0.00617284
0.00709877
0.00432099
0.00462963
0.00555556
0.00277778
0.0324074
0.0037037
0.00246914
0.00277778
0.00308642
0.00154321
0.00185185
0.00339506
0.00123457
0.00216049
0.0037037
0.000617284
0.00246914
0.000925926
0.00308642
0.00154321
0.000925926
0.00339506
0.00216049
0.000617284
0.00123457
0.00462963
0.000617284
0
0.00154321
0.00216049
0.000925926
0.00123457
0.00185185
0
0.000925926
0.000617284
0
0.000308642
0.00185185
0.000925926
0.00154321
0.000925926
0.000308642
0
0
0
0.00462963
0
0.000617284
0.000925926
0.000617284
0.00154321
0.000617284
0.000308642
0
0.000925926
0.000925926
0.000925926
0.000925926
0.000308642
0.00154321
0.000925926
0.00154321
0.00123457
0.00123457
0.000617284
0.000617284
0.00462963
0
0.00216049
0.00154321
0.000308642
0.00339506
0.00246914
0.00277778
0.000617284
0.00401235
0.00308642
0.00277778
0.00277778
0.00277778
0.00401235
0.00308642
0.00308642
0.00401235
0.00679012
0.000925926
0.00123457
0
0.0314815
0.000617284
0.00123457
0.0058642
0.00339506
0.00246914
0.00308642
0.00432099
0.00246914
0.0058642
0.00339506
0.000925926
0.00123457
0.000925926
0.00246914
0.00123457
0
0.00308642
0.000617284
0.000925926
0.000308642
0.00216049
0.00154321
0.00123457
0.00123457
0.00123457
0.000925926
0.000308642
0.00123457
0.000308642
0.00123457
0.00123457
0.000617284
0.000308642
0.000308642
0.000308642
0.00123457
0.00154321
0.000617284
0.000308642
0.000308642
0
0.0160494
0
0
0
0.000308642
0.00123457
0.000308642
0.000925926
0.000308642
0.000925926
0
0.00185185
0.000925926
0
0.00185185
0.000308642
0.000617284
0.000925926
0.000617284
0.000308642
0.000308642
0.00648148
0.000308642
0
0.00123457
0
0.000617284
0
0.00216049
0
0.000308642
0
0.000617284
0
0.000925926
0
0
0
0
0
0
0
0
0.0169753
0
0
0
0
0
0.000308642
0
0.00123457
0
0.00185185
0
0
0
0.00462963
0.000308642
0
0.00123457
0
0
0
0.00864198
0.000308642
0.000308642
0
0.00308642
0.000617284
0.000308642
0.00555556
0.000308642
0.000925926
0.0058642
0.000617284
0.000308642
0.0037037
0.00246914
0.00216049
0.000308642
0.000308642
0
0.000308642
0
0.0512346