0
0
0
0
0.0017301
0.00259516
0.000865052
0.00346021
0
0.00259516
0
0.000865052
0.00259516
0
0
0.000865052
0.000865052
0
0
0
0
0.000865052
0
0
0
0
0
0
0.000865052
0
0
0
0
0
0
0
0
0
0
0
0
0
0
0.00259516
0
0
0
0
0
0
0
0
0
0
0
0
0
0
0
0
0
0
0
0
0.00259516
0
0
0
0
0
0
0
0
0
0
0
0
0
0
0
0
0
0
0
0
0.00692042
0
0
0
0
0
0
0
0
0
0
0
0
0
0
0
0
0
0
0
0
0.00519031
0
0
0
0
0
0
0.0017301
0
0
0
0
0
0
0
0
0
0
0
0
0
0
0.0709343
0
0
0
0
0
0
0.000865052
0.0017301
0
0.0103806
0.000865052
0.0017301
0
0.0346021
0.00259516
0.000865052
0.0155709
0.00692042
0.00432526
0.000865052
0.0614187
0.00259516
0.0112457
0.0147059
0.0190311
0.00778547
0.00692042
0.0397924
0.0103806
0.0129758
0.0155709
0.0017301
0.00692042
0.0190311
0.0147059
0.00346021
0.00605536
0.00346021
0.0017301
0
0
0.0942907
0
0
0.000865052
0.0017301
0.00259516
0.000865052
0.00692042
0
0.00605536
0
0.0112457
0.0017301
0.000865052
0.0155709
0
0
0.0017301
0.00259516
0.00259516
0
0.0147059
0
0
0.00346021
0
0.00259516
0.000865052
0.0121107
0
0.00259516
0
0.0121107
0
0.00519031
0.00259516
0.0017301
0
0
0
0
0
0
0.032872
0
0
0
0
0
0.00346021
0.00432526
0.00432526
0
0.00432526
0
0.00605536
0
0.016436
0.000865052
0
0.00432526
0.00865052
0
0
0.0242215
0
0.00519031
0.0121107
0.00865052
0.0121107
0.000865052
0.0224913
0.00346021
0.0112457
0.016436
0
0.016436
0.0181661
0.00951557
0.00519031
0.0207612
0.0207612
0
0
0
0.050173