0
0
0.00367647
0.00183824
0.00275735
0.00367647
0.00459559
0.00367647
0.00275735
0.00183824
0.000919118
0.00183824
0.00183824
0
0.00275735
0.00183824
0.000919118
0.00183824
0
0
0
0.00183824
0
0
0
0
0
0
0.000919118
0
0
0
0
0
0
0.000919118
0
0
0
0
0
0
0
0.00735294
0
0
0
0
0
0
0.000919118
0.000919118
0
0.00183824
0
0
0
0.000919118
0
0
0
0
0
0
0.00183824
0
0
0
0
0
0
0.000919118
0
0
0
0
0
0
0
0
0
0
0
0
0
0.00367647
0
0
0
0
0
0
0
0
0
0
0
0
0
0
0
0
0.000919118
0
0
0
0.000919118
0
0
0
0
0
0
0.000919118
0
0
0
0.000919118
0
0
0
0
0
0
0
0
0
0
0.00459559
0
0
0
0
0
0
0.000919118
0.000919118
0.000919118
0.00183824
0.00367647
0
0.000919118
0.00551471
0.00551471
0.00183824
0.00275735
0.00551471
0.00275735
0
0.0147059
0.00275735
0.00827206
0.00459559
0.00919118
0.00459559
0.00183824
0.0128676
0.00551471
0.00643382
0.0174632
0
0.00367647
0.00643382
0.0110294
0.00459559
0.00735294
0.00275735
0.000919118
0.000919118
0
0.0551471
0
0
0.00183824
0
0.00275735
0.00275735
0.00643382
0.000919118
0.00919118
0
0.0137868
0.000919118
0.00183824
0.0330882
0
0.000919118
0.00459559
0.00275735
0.000919118
0
0.0597426
0
0.00183824
0.00459559
0
0.00459559
0
0.0193015
0
0
0
0.00275735
0.000919118
0.00275735
0
0.000919118
0
0
0
0
0
0
0.0615809
0
0
0
0
0.000919118
0.000919118
0.00183824
0.00459559
0
0.00183824
0
0.00183824
0
0.0147059
0.00275735
0.000919118
0.00735294
0.00459559
0.000919118
0
0.0376838
0
0.00459559
0.015625
0.0110294
0.00827206
0.00367647
0.0238971
0.00735294
0.00919118
0.0202206
0.0110294
0.0165441
0.0349265
0.0238971
0.0202206
0.0358456
0.0147059
0.0386029
0.0183824
0
0.078125