0
0
0
0.00714286
0
0.00119048
0.00119048
0.00238095
0
0.000595238
0
0.00297619
0.00238095
0.00119048
0.00178571
0
0
0.000595238
0.000595238
0
0
0.00238095
0
0
0
0
0
0
0
0
0
0
0
0
0
0
0
0
0
0
0
0
0
0.00178571
0
0
0
0
0
0
0
0
0
0
0
0
0
0
0
0
0
0
0
0
0.000595238
0
0
0
0
0
0
0
0
0
0
0
0
0
0
0
0
0
0
0
0
0.000595238
0
0
0
0
0
0
0
0
0.000595238
0
0
0
0
0
0
0
0
0
0
0
0
0
0
0
0
0
0
0
0
0
0
0
0
0
0
0
0
0
0
0
0
0
0.00119048
0
0
0
0
0
0
0
0
0
0
0
0
0
0.00416667
0.00357143
0
0.00416667
0.0119048
0.00297619
0.00178571
0.0339286
0.0077381
0.022619
0.0184524
0.022619
0.0172619
0.0166667
0.0375
0.00892857
0.0172619
0.0154762
0.00178571
0.00595238
0.0196429
0.0119048
0.0077381
0.0107143
0.00892857
0.00119048
0
0
0.0946429
0
0
0.00119048
0.00416667
0.0047619
0.00238095
0.00119048
0
0.00535714
0.000595238
0.0077381
0.00119048
0.00178571
0.0178571
0
0.00238095
0.00535714
0.000595238
0.00178571
0
0.0267857
0
0
0.00238095
0
0.00297619
0.000595238
0.010119
0
0.000595238
0
0.0047619
0.000595238
0.00238095
0.00119048
0.00238095
0.00119048
0
0
0
0
0
0.0315476
0
0
0
0
0.00119048
0.00357143
0.00119048
0.00238095
0.0047619
0.0077381
0
0.00238095
0
0.00892857
0.00238095
0
0.00416667
0.00238095
0.000595238
0
0.0297619
0.00119048
0.00535714
0.010119
0.010119
0.00833333
0.0047619
0.025
0.0190476
0.0130952
0.0232143
0.0125
0.0172619
0.035119
0.0232143
0.0244048
0.0255952
0.0154762
0.0232143
0.00357143
0
0.0434524