0
0
0
0.00504202
0.00252101
0.00168067
0.000840336
0.000840336
0
0
0
0.00252101
0.000840336
0
0.000840336
0
0
0
0
0
0
0
0
0
0
0
0.000840336
0
0
0
0
0
0
0
0.000840336
0
0
0
0
0
0
0
0
0.000840336
0
0
0
0
0
0
0
0
0
0.000840336
0
0
0
0.000840336
0
0
0
0
0
0
0
0
0
0
0
0
0
0
0
0
0
0
0
0
0
0
0
0
0
0
0
0
0
0
0
0
0
0
0
0
0
0
0
0
0
0
0
0
0
0
0
0
0
0
0
0
0
0
0
0
0
0
0
0
0
0
0
0
0
0
0
0
0
0
0.000840336
0
0
0
0
0
0
0.000840336
0
0
0
0
0.000840336
0.000840336
0.00252101
0.00420168
0.00168067
0.00420168
0.00588235
0.00252101
0.00336134
0.0159664
0.00672269
0.0142857
0.010084
0.0109244
0.0159664
0.0092437
0.0243697
0.00840336
0.0201681
0.0394958
0.00588235
0.0092437
0.0361345
0.0285714
0.0092437
0.010084
0.0092437
0.00252101
0
0
0.211765
0
0
0.00168067
0
0.00336134
0.000840336
0.00504202
0.00168067
0.00672269
0.000840336
0.0151261
0.00420168
0.000840336
0.00840336
0.00252101
0.00252101
0.00504202
0.00336134
0.00168067
0.000840336
0.0218487
0
0
0.00420168
0.000840336
0.00672269
0.00252101
0.010084
0
0.00336134
0.000840336
0.00336134
0.000840336
0.00420168
0.00168067
0
0.00168067
0
0
0
0
0
0.0327731
0
0
0
0.000840336
0.000840336
0.00168067
0.00588235
0.00840336
0.00420168
0.0109244
0
0.00840336
0
0.0134454
0.00336134
0
0.0092437
0.00840336
0.00252101
0
0.0243697
0.000840336
0.00672269
0.00672269
0.00588235
0.00420168
0.00588235
0.010084
0.00420168
0.00840336
0.0151261
0.00504202
0.00672269
0.0176471
0.0134454
0.012605
0.0109244
0.0109244
0.012605
0.00336134
0
0.0310924