0
0
0
0
0
0.00346021
0
0.000865052
0
0.00432526
0
0.00432526
0.0017301
0
0.00259516
0
0
0.000865052
0.0017301
0.000865052
0
0.0017301
0
0
0
0
0
0
0
0
0
0
0.000865052
0
0
0
0
0
0
0
0
0
0
0.00778547
0
0
0
0
0
0
0
0
0
0
0
0
0
0.0017301
0
0
0
0
0
0
0.00259516
0
0
0
0
0
0
0
0
0
0
0
0
0
0
0
0
0
0
0
0
0.00432526
0
0
0
0
0
0
0
0
0
0
0
0
0
0
0
0
0
0
0
0
0.00259516
0
0
0
0
0
0
0
0
0
0
0
0
0
0
0
0
0
0
0
0
0
0.0605536
0
0
0
0
0
0
0
0.000865052
0
0.0129758
0
0.000865052
0.000865052
0.0302768
0.00259516
0
0.00692042
0.00605536
0.00259516
0
0.0925606
0
0.00432526
0.00692042
0.0190311
0.0121107
0.0103806
0.0588235
0.00778547
0.0190311
0.0320069
0.0017301
0.00519031
0.017301
0.0103806
0.00692042
0.00865052
0.00519031
0.00432526
0
0
0.0942907
0
0
0.00346021
0.00346021
0.00432526
0.00259516
0.00346021
0.000865052
0.00432526
0.000865052
0.00605536
0.00432526
0.000865052
0.00951557
0
0.000865052
0.00346021
0.000865052
0.0017301
0
0.0147059
0
0
0.00346021
0
0.00346021
0.0017301
0.0103806
0
0.00259516
0
0.00605536
0
0.0017301
0.0017301
0.0017301
0
0
0
0
0
0
0.0276817
0
0
0
0.0017301
0
0.00346021
0.00259516
0.0017301
0
0.00692042
0
0.00605536
0
0.0138408
0.00259516
0
0.00692042
0.00778547
0
0
0.0181661
0
0.00259516
0.00692042
0.00519031
0.0121107
0
0.017301
0.00432526
0.0121107
0.0216263
0
0.0121107
0.0147059
0.00519031
0.0129758
0.0181661
0.017301
0
0
0
0.0553633