0
0
0
0.00317383
0.000976563
0.000976563
0
0.000488281
0.000244141
0.000732422
0
0.0012207
0
0
0
0
0
0.000488281
0
0
0
0.00195313
0
0
0
0
0
0
0
0
0
0
0
0
0
0
0
0
0
0
0
0
0
0.000976563
0
0
0
0
0
0
0.000244141
0
0
0
0
0
0
0
0
0
0
0
0
0
0
0
0
0
0
0
0
0
0
0
0
0
0
0
0
0
0
0
0
0
0
0
0
0
0
0
0
0
0
0
0
0
0
0
0
0.000244141
0
0
0
0
0
0
0
0
0
0
0
0
0
0
0
0
0
0
0
0
0
0
0
0
0
0
0
0
0.00195313
0
0
0
0
0
0
0
0
0
0.000976563
0
0.000244141
0.000244141
0.00268555
0.00415039
0.0012207
0.0109863
0.0158691
0.0107422
0.00170898
0.0349121
0.00512695
0.0200195
0.0166016
0.0161133
0.0107422
0.00488281
0.0239258
0.00439453
0.0107422
0.0146484
0
0.00195313
0.0107422
0.00805664
0.00488281
0.00317383
0.00170898
0.000244141
0.000244141
0
0.0793457
0
0
0
0.000488281
0.000732422
0.000976563
0.000976563
0.000244141
0.00366211
0
0.00976563
0
0
0.0205078
0
0.000488281
0.000732422
0.0012207
0.000244141
0
0.0444336
0
0.000244141
0.0012207
0
0.000732422
0.000244141
0.010498
0
0.000732422
0
0.00244141
0
0.000732422
0.000732422
0.000732422
0.000244141
0
0
0
0
0
0.060791
0
0
0
0
0.000732422
0.000488281
0.00219727
0.00146484
0
0.00439453
0
0.000976563
0
0.0134277
0.00146484
0
0.00390625
0.00219727
0.000732422
0
0.0368652
0
0.00341797
0.00390625
0.00634766
0.00244141
0.00146484
0.0246582
0.00366211
0.00927734
0.0209961
0.00463867
0.010498
0.0263672
0.0227051
0.0510254
0.0544434
0.015625
0.0705566
0.0178223
0
0.0825195