0
0
0.0637007
0.0323559
0.0444894
0.0222447
0.0252781
0.0252781
0.00960566
0.0262892
0.00606673
0.0192113
0.00859454
0.00707786
0.0217391
0.00252781
0.00606673
0.00556117
0.00505561
0.00303337
0
0.0343782
0
0
0.00202224
0
0.00404449
0.000505561
0.0171891
0
0
0
0.00455005
0
0.00202224
0.000505561
0
0.000505561
0
0
0
0
0
0.102629
0
0
0
0
0
0
0.00101112
0
0
0.00151668
0
0
0
0.00707786
0
0
0.000505561
0
0
0
0.0146613
0
0
0
0
0
0
0.00353893
0
0
0
0
0
0.000505561
0
0
0
0
0
0
0
0.0257836
0
0
0
0
0
0
0
0
0
0
0.000505561
0
0
0.00202224
0
0
0.00101112
0.000505561
0
0
0.0156724
0
0
0
0
0.000505561
0
0.00505561
0
0.000505561
0
0.00303337
0
0.00151668
0.00151668
0.00202224
0
0
0.000505561
0
0
0
0.0682508
0
0
0
0.00202224
0.00101112
0.00556117
0.00606673
0.00455005
0.00101112
0.0065723
0.00151668
0.00151668
0
0.0121335
0.000505561
0
0.00353893
0.000505561
0
0
0.0156724
0
0.000505561
0.00101112
0.00353893
0
0
0.00455005
0
0.00151668
0.00101112
0
0
0.00151668
0
0
0.00101112
0
0
0
0
0.0187058
0
0
0
0
0
0
0
0
0.00202224
0
0.00151668
0
0
0.00101112
0
0
0
0
0
0
0.00101112
0
0
0
0
0
0
0.00101112
0
0
0
0
0
0
0.000505561
0
0
0
0
0
0
0
0.0065723
0
0
0
0
0.000505561
0
0
0
0
0.00151668
0
0.000505561
0.000505561
0.00252781
0
0
0.00252781
0.000505561
0
0
0.00505561
0
0
0
0.00151668
0.000505561
0
0.00353893
0
0.00202224
0.00556117
0
0.000505561
0.00606673
0.00252781
0.00404449
0.00505561
0.00758342
0.00707786
0.00758342
0
0.163802