0.00231481
0.0108025
0.0138889
0.0154321
0.037037
0.0447531
0.0385802
0.0385802
0.0231481
0.0316358
0.0300926
0.0185185
0.029321
0.0262346
0.033179
0.0138889
0.0123457
0.0162037
0.0108025
0.0100309
0.0100309
0.0169753
0.00385802
0.00462963
0.00617284
0.00385802
0.00848765
0.00308642
0.00694444
0.00540123
0.00540123
0.00308642
0.00231481
0.00385802
0.00308642
0.00462963
0.00385802
0.00231481
0.00385802
0
0
0.00154321
0.00154321
0.0401235
0.000771605
0
0.00154321
0.00308642
0.00154321
0.00154321
0.00231481
0
0.00154321
0.00385802
0
0.000771605
0.000771605
0.00154321
0.000771605
0.00154321
0.000771605
0.000771605
0.000771605
0
0.00154321
0
0.000771605
0.000771605
0.000771605
0
0.000771605
0
0
0
0.000771605
0
0
0.00154321
0.000771605
0
0
0
0.00154321
0.000771605
0
0.00385802
0
0
0
0
0.000771605
0
0
0
0
0.000771605
0
0
0
0.000771605
0
0.000771605
0.00154321
0.000771605
0
0.00231481
0.00231481
0
0.000771605
0
0
0.00385802
0.00154321
0.000771605
0.00154321
0.000771605
0.000771605
0.00308642
0.00154321
0
0.00154321
0.00154321
0.000771605
0.00308642
0.000771605
0.00385802
0.000771605
0
0.0216049
0
0.00154321
0.00154321
0
0.000771605
0.00154321
0.000771605
0.000771605
0.00154321
0.000771605
0.000771605
0
0
0.00154321
0
0.00231481
0.00231481
0.00154321
0.000771605
0.000771605
0.00385802
0.000771605
0.00231481
0.00154321
0.00308642
0
0.00385802
0.00462963
0.000771605
0.00231481
0.00385802
0.000771605
0.00154321
0.00385802
0.00308642
0.00231481
0
0.00154321
0.000771605
0.00231481
0.000771605
0.0169753
0
0.000771605
0
0
0.00385802
0
0.000771605
0.000771605
0
0
0.00308642
0
0.000771605
0.00231481
0
0.000771605
0.00154321
0
0
0.000771605
0.00385802
0
0.00154321
0
0.000771605
0.00231481
0
0.00385802
0
0.000771605
0
0.00231481
0
0.00308642
0.00154321
0.000771605
0
0.000771605
0
0.000771605
0
0
0.0177469
0
0
0.000771605
0.000771605
0
0
0
0
0
0.00231481
0.000771605
0
0
0.000771605
0.00231481
0
0.00385802
0.00308642
0.000771605
0
0.00617284
0.00154321
0.000771605
0.00154321
0.00231481
0.00154321
0
0.00617284
0.00231481
0.00231481
0.000771605
0.00154321
0.00231481
0.00154321
0.00231481
0.00231481
0.00231481
0.00308642
0.0108025
0.0115741
0.00617284
0.0810185