0.00130208
0.0234375
0.0494792
0.030816
0.0234375
0.0234375
0.031684
0.0217014
0.0143229
0.03125
0.0208333
0.0190972
0.0199653
0.0169271
0.0269097
0.0138889
0.016059
0.0121528
0.0134549
0.00954861
0.0130208
0.0177951
0.00868056
0.00694444
0.00737847
0.00303819
0.00303819
0.00477431
0.00651042
0.000868056
0.00217014
0.00217014
0.00173611
0.00217014
0.00130208
0.000868056
0.000868056
0.00173611
0.00173611
0.00173611
0
0.000868056
0
0.016059
0
0.000434028
0.000868056
0
0
0
0.00130208
0.000434028
0.000434028
0.000434028
0.000868056
0.000434028
0
0.00173611
0.000868056
0
0
0
0
0
0.00130208
0.000434028
0
0
0
0
0
0.000868056
0
0.000434028
0.000868056
0
0
0
0
0
0.000434028
0
0
0
0
0.00347222
0
0
0
0
0
0
0
0
0.000434028
0
0
0.000868056
0
0.000434028
0
0
0
0.000868056
0.000434028
0.000868056
0.000434028
0
0.000868056
0
0.000434028
0.00130208
0.000434028
0.00217014
0.000434028
0.00130208
0.00217014
0.00130208
0.00130208
0.000868056
0.00173611
0.00173611
0.00217014
0.00173611
0.00130208
0.00130208
0.000434028
0
0.0104167
0.000434028
0.000868056
0.00173611
0.00130208
0.00303819
0.000868056
0.00347222
0.00173611
0.00303819
0.00434028
0.00434028
0.00390625
0.00217014
0.00347222
0.00173611
0.00173611
0.00130208
0.00303819
0.00260417
0.00303819
0.00651042
0.00173611
0.000868056
0.00130208
0.00303819
0.00217014
0.00173611
0.00260417
0.00173611
0.00217014
0.000868056
0.00303819
0.00173611
0.00217014
0.000434028
0.00130208
0.00217014
0.00217014
0.00130208
0.00130208
0.000868056
0.015191
0
0.000434028
0.000868056
0
0.000434028
0.000868056
0.000868056
0
0.000868056
0.000434028
0.00173611
0.00130208
0
0.00477431
0
0.000434028
0.000434028
0
0.000434028
0.000434028
0.00564236
0
0.000434028
0.000434028
0
0.000434028
0.000868056
0.000434028
0
0.000434028
0
0.000868056
0
0.000434028
0.000868056
0.000868056
0.000868056
0.000434028
0.000868056
0.000434028
0.000434028
0
0.016059
0.000434028
0
0.000868056
0.00130208
0
0.000868056
0.00260417
0.000868056
0.00173611
0.000868056
0.000434028
0.000434028
0.00130208
0.00737847
0.000868056
0
0.00217014
0.00217014
0.000434028
0.000434028
0.0134549
0.00130208
0.000434028
0.000434028
0.00217014
0.00260417
0.00130208
0.016059
0.00217014
0.00303819
0.0112847
0.00260417
0.00520833
0.0078125
0.00694444
0.00217014
0.00737847
0.00694444
0.00694444
0.0143229
0.0112847
0.12066