0
0
0.0059512
0.00535608
0.00218211
0.00555445
0.00317397
0.00178536
0.00119024
0.00178536
0.000198373
0.00198373
0.000793493
0.000198373
0.00158699
0.000198373
0.00138861
0.000396747
0.000198373
0.00119024
0.000198373
0.00158699
0
0.000396747
0
0.000396747
0.00119024
0.000198373
0.000991867
0.000793493
0.00059512
0.000198373
0.000198373
0.000198373
0
0.000793493
0.000198373
0.000396747
0.000396747
0.000198373
0.000198373
0
0
0.00257885
0
0
0.00059512
0.000396747
0
0.000198373
0
0.000198373
0
0.000396747
0
0
0
0
0
0
0
0
0.000198373
0
0.000198373
0
0
0.000198373
0
0
0
0
0
0
0
0
0
0
0
0
0.000198373
0
0
0
0
0
0
0
0
0
0
0
0
0
0.000198373
0
0
0
0
0.000198373
0
0
0
0
0
0
0.000198373
0
0
0
0
0
0
0.00059512
0
0
0
0.000198373
0
0
0
0
0.000198373
0
0
0
0
0
0.00198373
0
0
0.000396747
0
0
0.000198373
0.000198373
0.00059512
0.00059512
0.000991867
0.00059512
0.00119024
0.000793493
0.00238048
0.00238048
0.00158699
0.00396747
0.00753819
0.00912517
0.0109105
0.0206308
0.0216227
0.0323349
0.0442373
0.0708193
0.0680421
0.064273
0.0527673
0.0295576
0.0269788
0.0200357
0.00952192
0.0089268
0.0130926
0.00932355
0.00614957
0.0059512
0.0059512
0.00337235
0.00238048
0
0.0315414
0
0.00158699
0.00277723
0.00138861
0.00158699
0.00277723
0.00317397
0.00059512
0.00456259
0.000991867
0.00277723
0.00138861
0.00119024
0.00476096
0.00059512
0.00178536
0.00218211
0.00178536
0.000793493
0.00059512
0.0089268
0
0.00119024
0.00059512
0.00059512
0.00357072
0.000991867
0.00654632
0.00059512
0.00238048
0.000396747
0.00376909
0.00119024
0.00317397
0.00138861
0.000793493
0.000396747
0.000991867
0.000793493
0.000198373
0
0
0.00912517
0
0
0.00059512
0.00158699
0.00119024
0.000991867
0.0029756
0.00218211
0.000793493
0.00158699
0.00138861
0.00178536
0.00138861
0.00456259
0.00198373
0.000396747
0.0029756
0.00218211
0.00337235
0
0.00694307
0.00257885
0.00218211
0.00277723
0.00495933
0.00198373
0.00158699
0.00515771
0.00396747
0.00674469
0.00694307
0.00178536
0.00495933
0.00853005
0.00952192
0.0174569
0.00793493
0.0533624
0.00376909
0.0386828
0
0.0474112