0.004375
0.015625
0.033125
0.03125
0.030625
0.033125
0.034375
0.0225
0.015625
0.02375
0.00875
0.026875
0.014375
0.006875
0.01625
0.009375
0.0075
0.0075
0.0075
0.010625
0.004375
0.008125
0.00375
0.006875
0.005
0.00625
0.00625
0.005625
0.005
0.00375
0.0025
0.003125
0.003125
0.003125
0
0.0025
0
0.003125
0
0.001875
0
0.00125
0
0.005
0.000625
0.000625
0
0
0.00125
0
0
0.000625
0.000625
0.000625
0.000625
0
0
0.000625
0.000625
0
0.000625
0.000625
0
0
0
0
0
0
0
0
0
0
0
0.000625
0
0.000625
0
0.000625
0
0.000625
0.000625
0.000625
0.000625
0
0
0.0025
0
0
0
0
0.000625
0.000625
0.000625
0.000625
0.00125
0
0
0
0
0.001875
0.000625
0.000625
0
0
0
0
0.001875
0
0.00125
0.000625
0.000625
0.001875
0.0025
0
0.000625
0.00125
0.00125
0
0.00125
0.00125
0
0
0.000625
0.003125
0
0.00125
0.00125
0
0.00625
0.000625
0.000625
0.00125
0.000625
0.003125
0.000625
0.000625
0.001875
0.001875
0.0025
0.000625
0.00125
0
0.001875
0.000625
0
0.0025
0.00125
0
0.00125
0.004375
0.00375
0.000625
0.00125
0.004375
0
0.000625
0.003125
0
0
0.003125
0
0
0.003125
0.001875
0
0.00125
0.00125
0.000625
0.00125
0
0.009375
0
0.000625
0.000625
0.0025
0.00125
0
0.000625
0.00125
0.000625
0
0.00125
0.000625
0
0.0025
0.00125
0.000625
0.00125
0
0.000625
0.00125
0.00375
0
0.0025
0
0.000625
0.00125
0.000625
0.005
0.000625
0
0
0
0
0.0025
0.00125
0.000625
0
0
0
0
0
0
0.018125
0
0
0
0.000625
0
0.000625
0.000625
0.001875
0
0.00375
0
0
0.000625
0.01
0.00125
0.00125
0.00125
0.000625
0.001875
0.000625
0.01625
0.0025
0.00125
0.000625
0.00625
0.00125
0.00125
0.0225
0.00125
0.003125
0.025
0.000625
0.00375
0.016875
0.016875
0.005625
0.00375
0.0125
0.01
0.014375
0.01
0.19375