0.00808081
0.0414141
0.069697
0.0474747
0.0333333
0.0222222
0.0232323
0.0272727
0.0151515
0.0171717
0.0161616
0.0131313
0.0161616
0.0121212
0.010101
0.00909091
0.00606061
0.0030303
0.0030303
0.0040404
0.00505051
0.0030303
0.00707071
0.0030303
0.0020202
0.0010101
0.00505051
0.0020202
0
0.0010101
0.0010101
0.0010101
0.0020202
0.0020202
0.0010101
0.0020202
0
0
0.0010101
0
0.0010101
0
0
0.00707071
0
0
0
0.0010101
0
0
0
0
0.0020202
0.0010101
0.0010101
0
0
0
0.0010101
0
0
0
0
0
0.0010101
0
0
0.0010101
0
0
0
0.0020202
0.0010101
0
0
0
0.0010101
0
0
0
0
0.0010101
0
0.0010101
0
0
0
0.0010101
0
0.0020202
0
0
0.0010101
0
0
0
0.0010101
0
0.0010101
0
0
0
0.0010101
0.0010101
0
0
0.0020202
0
0.0010101
0.0020202
0.0010101
0.0010101
0
0.0010101
0.0010101
0
0.0020202
0
0.0010101
0.0020202
0.0010101
0.0010101
0
0
0
0
0.0010101
0
0.0212121
0.0040404
0.0010101
0.0010101
0
0.0040404
0.0020202
0.0020202
0.0020202
0.0010101
0.0010101
0.0020202
0.0030303
0.0010101
0.0020202
0.0020202
0.0020202
0.00606061
0.0030303
0.0010101
0.0040404
0.0030303
0.0040404
0.0020202
0.0010101
0.00606061
0.0040404
0.0030303
0.0010101
0.0020202
0.0020202
0.0010101
0.0010101
0.0010101
0.0030303
0.0010101
0
0.0010101
0
0.0030303
0.0030303
0.0010101
0.0151515
0.0010101
0.0030303
0
0
0
0.0020202
0.0020202
0
0.0020202
0.0020202
0.00505051
0.0010101
0
0.00909091
0.0010101
0.0010101
0.00505051
0
0.0040404
0.0020202
0.0121212
0.0010101
0
0.0030303
0
0.0020202
0.0010101
0.0242424
0.0010101
0.0010101
0
0.00909091
0.0010101
0.0010101
0.0020202
0
0
0
0
0
0
0
0.0222222
0
0.0010101
0
0
0
0
0.0010101
0.0010101
0.0020202
0.0020202
0
0.0010101
0
0.00505051
0.0010101
0
0.0020202
0.0020202
0.0020202
0
0.0040404
0.0020202
0.0020202
0.0040404
0.0030303
0.0030303
0.0010101
0.00606061
0.0020202
0.0020202
0.00707071
0.00707071
0.00505051
0.00909091
0.0161616
0.0131313
0.0161616
0.020202
0.00808081
0.0232323
0.020202
0.0747475