0
0
0
0
0
0
0
0.000505561
0
0.000505561
0
0.000505561
0
0
0.00202224
0
0
0
0
0
0
0.00303337
0
0
0
0
0
0
0
0
0
0
0
0
0
0
0
0
0
0
0
0
0
0.00151668
0
0
0
0
0
0
0
0
0
0
0
0
0
0
0
0
0
0
0
0
0
0
0
0
0
0
0
0
0
0
0
0
0
0
0
0
0
0
0
0
0
0
0
0
0
0
0
0
0
0
0
0
0
0
0
0
0
0
0
0
0
0
0
0
0
0
0
0
0
0
0
0
0
0
0
0
0
0
0
0
0
0
0
0
0.00101112
0
0
0
0
0
0
0
0
0
0
0
0
0
0.000505561
0.00101112
0
0.00101112
0.00151668
0
0
0.00455005
0
0
0.00556117
0.000505561
0.00252781
0
0.012639
0
0.00101112
0.00960566
0
0.000505561
0.00859454
0.00758342
0.00252781
0.000505561
0.000505561
0
0
0
0.178969
0
0
0
0
0.00101112
0.00202224
0.00202224
0
0.00859454
0
0.0283114
0.00151668
0
0.0733064
0
0.000505561
0.00404449
0.00202224
0
0
0.101618
0
0
0.00101112
0
0.00151668
0
0.0424671
0
0.000505561
0
0.00859454
0
0.00353893
0.000505561
0
0
0
0
0
0
0
0.107685
0
0
0
0
0
0
0.00101112
0.00606673
0
0.0176946
0
0.000505561
0
0.0419616
0
0
0.0217391
0.00151668
0
0
0.0773509
0
0
0.0182002
0.0318504
0.00353893
0
0.0525784
0
0.0242669
0.0146613
0
0
0.0111223
0.0116279
0.00455005
0.00303337
0
0
0
0
0.0171891