0
0
0.00259656
0.00389484
0.00243427
0.00113599
0.00113599
0.00097371
0.000486855
0.000811425
0
0.000486855
0.00032457
0
0.00032457
0
0
0.000162285
0.000162285
0.00032457
0
0.00032457
0
0
0
0
0
0
0.000162285
0
0
0
0.000162285
0
0
0
0
0
0
0
0
0
0
0
0
0
0
0
0
0
0
0.000162285
0
0
0
0
0
0
0
0
0.000162285
0
0
0
0
0
0
0
0
0
0
0
0
0
0
0
0
0
0
0
0
0
0
0
0
0.00064914
0
0
0
0
0
0
0
0
0
0
0
0
0
0
0
0
0.000162285
0
0
0
0
0
0
0
0
0
0
0
0
0
0
0
0
0
0
0
0
0
0
0
0
0
0.00032457
0
0
0
0
0
0
0.000162285
0.000162285
0.000162285
0.000162285
0
0.00032457
0
0.000811425
0.000486855
0
0.00162285
0.00227199
0.00567997
0.00714054
0.0197988
0.0298604
0.0348913
0.0457644
0.0673483
0.072866
0.0701071
0.0608569
0.0391107
0.0249919
0.0207725
0.00827653
0.0097371
0.0118468
0.0105485
0.00730282
0.0086011
0.00373255
0.00454398
0.00162285
0
0.0345667
0
0.00032457
0.00227199
0.00275884
0.00308341
0.00243427
0.00357027
0.00194742
0.00454398
0.000486855
0.00616683
0.00405712
0.00097371
0.00665368
0.000811425
0.00113599
0.00373255
0.00340798
0.00162285
0.000486855
0.00567997
0
0.000486855
0.00259656
0.000162285
0.00227199
0.00146056
0.00470626
0.000162285
0.00194742
0.00032457
0.00357027
0.00064914
0.00340798
0.00113599
0.00064914
0.00113599
0.00097371
0.000486855
0
0
0
0.0120091
0
0
0.00064914
0.00146056
0.00064914
0.00113599
0.00097371
0.00259656
0.00113599
0.00438169
0.00194742
0.0021097
0.000162285
0.00373255
0.00194742
0.000811425
0.00357027
0.00178513
0.00292113
0
0.00714054
0.00064914
0.00162285
0.00292113
0.00178513
0.0021097
0.00292113
0.00616683
0.00389484
0.00486855
0.00665368
0.00259656
0.00486855
0.0064914
0.0129828
0.0147679
0.0108731
0.0576112
0.00665368
0.0566375
0
0.0360273