0
0
0.0101093
0.00628415
0.0057377
0.00464481
0.00519126
0.00546448
0.00409836
0.00464481
0.0010929
0.00355191
0.00273224
0.000819672
0.00273224
0.000546448
0.000273224
0.00300546
0.00136612
0.000546448
0
0.00191257
0
0
0.000546448
0
0
0.000546448
0.000546448
0
0
0
0.000546448
0
0.000819672
0.000273224
0.000273224
0
0.000273224
0.000273224
0
0
0
0.00355191
0
0
0
0
0
0
0
0
0
0
0
0.000273224
0
0.000273224
0
0
0.000273224
0
0
0
0
0
0
0
0.000273224
0
0
0.000273224
0
0
0.000273224
0
0
0
0
0
0
0
0
0
0
0.000273224
0
0
0
0
0
0
0
0
0
0
0
0
0
0.000819672
0
0
0
0.000273224
0
0
0.000273224
0
0
0
0
0
0
0
0
0
0
0
0
0
0.000273224
0
0
0
0
0
0
0
0.00218579
0
0
0.000546448
0
0
0.000273224
0.0010929
0.000546448
0.000546448
0.000546448
0.000546448
0.000546448
0.000273224
0.00218579
0.00136612
0.0010929
0.0079235
0.00737705
0.00983607
0.0103825
0.0166667
0.0172131
0.0237705
0.0289617
0.0508197
0.0535519
0.0519126
0.0478142
0.036612
0.0368852
0.0273224
0.015847
0.0144809
0.0120219
0.0117486
0.00846995
0.0106557
0.00928962
0.00601093
0.00382514
0.000546448
0.0286885
0
0.00163934
0.00327869
0.00273224
0.00437158
0.00273224
0.00546448
0.000819672
0.00491803
0.000546448
0.00601093
0.00437158
0.00191257
0.00437158
0.00136612
0.000819672
0.000546448
0.00163934
0.0010929
0.000819672
0.0057377
0
0.00245902
0.00300546
0.000546448
0.00218579
0.00191257
0.00437158
0
0.00327869
0.000546448
0.00327869
0.00136612
0.00273224
0.00273224
0.00163934
0.000546448
0.000546448
0.0010929
0
0
0
0.0112022
0
0
0.00245902
0.000819672
0.000819672
0.00218579
0.00218579
0.00136612
0.00136612
0.00300546
0
0.00245902
0.000273224
0.00546448
0.00273224
0.00191257
0.00382514
0.00163934
0.00163934
0.000819672
0.00546448
0.00218579
0.00191257
0.00273224
0.00464481
0.00464481
0.00191257
0.00327869
0.00191257
0.00546448
0.00601093
0.00546448
0.00437158
0.00819672
0.0112022
0.0169399
0.0079235
0.057377
0.00191257
0.0344262
0
0.0420765