0
0
0
0
0
0
0
0
0
0.000918274
0
0.000918274
0
0
0.00183655
0
0
0
0
0
0
0.00275482
0
0
0
0
0
0
0.000918274
0
0
0
0
0
0
0
0
0
0
0
0
0
0
0.00550964
0
0
0
0
0
0
0
0
0
0
0
0
0
0
0
0
0
0
0
0
0
0
0
0
0
0
0
0
0
0
0
0
0
0
0
0
0
0
0
0
0
0
0
0
0
0
0
0
0
0
0
0
0
0
0
0
0
0
0
0
0
0
0
0
0
0
0
0
0
0
0
0
0
0
0
0
0
0
0
0
0
0
0
0
0.000918274
0
0
0
0
0
0
0.000918274
0
0
0
0
0
0
0
0
0
0.000918274
0
0
0
0.00459137
0
0
0.00183655
0.00367309
0
0
0.00826446
0
0
0.00367309
0
0
0.000918274
0.00459137
0.000918274
0
0
0
0
0
0.111111
0
0
0
0
0.00275482
0.000918274
0.00550964
0
0.0174472
0
0.0532599
0
0
0.110193
0
0
0.00367309
0.000918274
0
0
0.102847
0
0
0.000918274
0
0.00550964
0
0.0817264
0
0.000918274
0
0.0165289
0
0.00642792
0
0
0
0
0
0
0
0
0.111111
0
0
0
0
0
0
0.00183655
0.0128558
0
0.0275482
0
0
0
0.0339761
0
0
0.0312213
0.00275482
0
0
0.0661157
0
0
0.0128558
0.030303
0.00459137
0
0.0358127
0
0.0229568
0.00918274
0
0.000918274
0.00275482
0.00367309
0.00550964
0.00183655
0
0
0
0
0.0174472