0
0
0
0
0
0.00137174
0.00137174
0
0
0
0
0.00137174
0
0
0
0
0
0
0
0
0
0
0
0
0
0
0
0
0
0
0
0
0
0
0
0
0
0
0
0
0
0
0
0
0
0
0
0
0
0
0
0
0
0
0
0
0
0
0
0
0
0
0
0
0
0
0
0
0
0
0
0
0
0
0
0
0
0
0
0
0
0
0
0
0
0.00137174
0
0
0
0
0
0
0
0
0
0
0
0
0
0
0
0
0
0
0
0
0
0
0
0
0
0
0
0
0
0
0
0
0
0
0
0
0
0
0
0
0
0
0.00411523
0
0
0
0.00274348
0
0.00274348
0.00137174
0
0.00137174
0.00274348
0.00137174
0.00274348
0.00137174
0.00274348
0.00274348
0.00274348
0.00411523
0.00548697
0.00823045
0.00548697
0.0164609
0.0123457
0.0137174
0.0164609
0.0260631
0.037037
0.0356653
0.0466392
0.0219479
0.048011
0.0397805
0.00823045
0.0205761
0.0411523
0.0507545
0.0493827
0.037037
0.0123457
0.00548697
0.00137174
0
0.124829
0
0.00274348
0
0.00411523
0.0137174
0.00411523
0.0109739
0.00274348
0.0123457
0.00137174
0.00548697
0.00274348
0.00137174
0.00274348
0.00137174
0.00823045
0.00411523
0.00823045
0.00548697
0
0.0109739
0
0.00274348
0.0137174
0
0.00411523
0.00411523
0.00823045
0
0.00137174
0
0.00137174
0.00137174
0.00137174
0.00548697
0
0.00274348
0.00274348
0
0
0
0
0.0137174
0
0
0
0.00548697
0.00548697
0.00411523
0.00685871
0.00274348
0.00411523
0.00137174
0
0
0.00137174
0.00960219
0.00137174
0.00137174
0.00411523
0.0123457
0.00411523
0
0.0109739
0
0.00411523
0.00823045
0.00137174
0.00411523
0
0.00274348
0
0.00137174
0.00137174
0
0.00274348
0.00137174
0.00548697
0.00137174
0
0
0
0
0
0.00137174