0
0
0.00874404
0.0143084
0.00874404
0.0158983
0.0166932
0.018283
0.00476948
0.0166932
0.00397456
0.0135135
0.00874404
0.00874404
0.0119237
0.00317965
0.00715421
0.00397456
0.00397456
0.00556439
0.000794913
0.0063593
0.000794913
0.00317965
0.00317965
0.000794913
0.00476948
0.00158983
0.00715421
0.000794913
0.00238474
0.000794913
0.00158983
0.00238474
0.00158983
0.00397456
0.00397456
0.00397456
0.00238474
0.00317965
0.000794913
0
0
0.0325914
0
0
0
0
0.000794913
0.00397456
0.00158983
0
0.000794913
0.00158983
0
0
0
0.000794913
0
0
0.000794913
0
0
0
0.000794913
0
0
0
0
0
0
0
0
0
0
0
0
0.000794913
0.000794913
0
0
0
0
0
0
0.00238474
0
0
0
0
0
0
0
0
0
0
0
0
0
0
0
0
0
0
0
0
0.000794913
0
0
0
0
0
0
0.000794913
0
0
0
0
0
0
0
0
0
0
0
0
0
0
0.0063593
0
0
0
0
0
0.000794913
0
0
0
0.000794913
0
0.000794913
0
0.00238474
0.00158983
0
0.00317965
0.00476948
0.00158983
0
0.0174881
0
0.00794913
0.00794913
0.00715421
0.00397456
0.00158983
0.0190779
0.00397456
0.00715421
0.0119237
0
0.0063593
0.0135135
0.00476948
0.00397456
0.00874404
0.00317965
0.000794913
0
0
0.0675676
0
0
0
0
0.00158983
0.00238474
0.000794913
0
0.00556439
0
0.00476948
0.00158983
0.000794913
0.00715421
0
0.000794913
0.00476948
0.00158983
0.00317965
0
0.00794913
0
0
0
0
0.00238474
0.00158983
0.00794913
0
0.00238474
0
0.00238474
0.000794913
0.000794913
0
0
0
0
0
0
0
0
0.0151033
0
0
0
0.000794913
0.000794913
0.00158983
0.000794913
0.00317965
0.00158983
0.00556439
0
0.00158983
0
0.00556439
0.00317965
0.000794913
0.00317965
0.00238474
0
0
0.0127186
0
0.00476948
0.00556439
0.00556439
0.00715421
0.00397456
0.0143084
0.0103339
0.00874404
0.0174881
0.00476948
0.00794913
0.0166932
0.0166932
0.0119237
0.0254372
0.0190779
0.0151033
0.0302067
0
0.154213