0
0
0
0
0
0
0
0.00178253
0
0.00178253
0
0
0.000891266
0
0
0
0
0
0
0
0
0
0
0
0
0
0
0
0
0
0
0
0
0
0
0
0
0
0
0
0
0
0
0
0
0
0
0
0
0
0
0
0
0
0
0
0
0
0
0
0
0
0
0
0
0
0
0
0
0
0
0
0
0
0
0
0
0
0
0
0
0
0
0
0
0
0
0
0
0
0
0
0
0
0
0
0
0
0
0
0
0
0
0
0
0
0
0
0
0
0
0
0
0
0
0
0
0
0
0
0
0
0
0
0
0
0
0
0
0
0
0
0
0
0
0
0
0
0
0
0
0
0
0
0
0
0.000891266
0
0
0.00445633
0.000891266
0.00178253
0.00713012
0.0142602
0.00891266
0.0196078
0.0392157
0.0329768
0.0445633
0.043672
0.0311943
0.026738
0.0579323
0.026738
0.0115865
0.016934
0.0231729
0.00623886
0.00178253
0
0.0882353
0
0
0.0026738
0.00891266
0.013369
0.00534759
0.0115865
0.0026738
0.0124777
0
0.0160428
0.00445633
0.00445633
0.013369
0.000891266
0.00891266
0.0115865
0.0124777
0.00356506
0
0.0151515
0
0
0.016934
0
0.0115865
0.00713012
0.00980392
0
0.0106952
0
0.00713012
0.000891266
0.00356506
0.00980392
0.00713012
0.00534759
0
0
0
0
0
0.0320856
0
0
0
0.00178253
0.0026738
0.00891266
0.00802139
0.00802139
0.000891266
0.00534759
0
0.00891266
0
0.00534759
0.00713012
0
0.00891266
0.0222816
0
0
0.0249554
0
0.013369
0.00713012
0.00802139
0.0124777
0.00534759
0.0187166
0.00802139
0.0115865
0.00445633
0
0
0.0026738
0
0.0026738
0.00356506
0.000891266
0
0
0
0.00445633