0
0.0165755
0.0105947
0.010082
0.00632262
0.00580998
0.0037594
0.00119617
0.000683527
0.00153794
0.000683527
0.00119617
0.000683527
0.000170882
0.00119617
0.000170882
0.000341763
0
0.000170882
0.000341763
0
0.000854409
0
0
0.000512645
0
0.000170882
0.000170882
0.000341763
0
0.000170882
0
0.000512645
0
0.000170882
0
0.000170882
0
0
0
0
0
0
0.0018797
0
0
0
0
0
0
0
0
0
0
0
0
0
0
0
0
0
0
0
0
0
0
0
0
0
0
0
0
0
0
0
0
0
0
0
0
0
0
0
0
0
0.000341763
0
0
0
0
0
0
0
0
0
0
0
0
0
0
0
0
0
0
0.000170882
0
0.000170882
0
0
0
0
0
0
0.000512645
0
0
0
0.000170882
0
0
0
0
0
0
0.000170882
0
0
0
0.00153794
0
0
0
0
0.000170882
0.000341763
0.000341763
0.000683527
0.000512645
0.000341763
0.000512645
0.00205058
0.000341763
0.00256323
0.00205058
0.00273411
0.00495557
0.00512645
0.00512645
0.0037594
0.0208476
0.0124744
0.0128161
0.018797
0.023069
0.0152085
0.0102529
0.0560492
0.00905673
0.0432331
0.0471634
0.00153794
0.00837321
0.0791183
0.0630554
0.0273411
0.00888585
0.00239234
0.000854409
0
0
0.129357
0
0
0.000170882
0.000512645
0.00170882
0.00119617
0.00222146
0.00102529
0.0056391
0.000170882
0.00700615
0.00102529
0.000341763
0.00734792
0.000512645
0.000341763
0.00273411
0.000854409
0.000341763
0
0.00598086
0
0.000341763
0.000170882
0.000341763
0.0018797
0.000170882
0.00495557
0.000170882
0.000341763
0.000341763
0.00153794
0.000683527
0.00102529
0.00136705
0.000512645
0.000512645
0
0.000854409
0
0
0
0.0112782
0
0
0.000854409
0
0.000170882
0.000512645
0.00170882
0.000854409
0.00153794
0.00324675
0.000170882
0.00153794
0.000341763
0.00307587
0.000854409
0.000341763
0.00273411
0.00290499
0.00102529
0.000854409
0.00700615
0.00119617
0.00273411
0.00273411
0.0037594
0.00393028
0.00273411
0.0056391
0.00461381
0.00700615
0.0075188
0.00461381
0.00478469
0.00956938
0.00922761
0.0111073
0.0128161
0.0123035
0.0179426
0.0198223
0.0228982
0.0466507