0
0
0
0
0
0
0
0
0
0
0
0
0
0
0
0
0
0
0
0
0
0
0
0
0
0
0
0
0
0
0
0
0
0
0
0
0
0
0
0
0
0
0
0
0
0
0
0
0
0
0
0
0
0
0
0
0
0
0
0
0
0
0
0
0
0
0
0
0
0
0
0
0
0
0
0
0
0
0
0
0
0
0
0
0
0
0
0
0
0
0
0
0
0
0
0
0
0
0
0
0
0
0
0
0
0
0
0
0
0
0
0
0
0
0
0
0
0
0
0
0
0
0
0
0
0
0
0
0.000505561
0
0
0
0
0
0
0
0
0
0
0
0
0
0
0
0
0
0
0
0
0.000505561
0
0.00101112
0.00252781
0.00606673
0.0101112
0.0293225
0.0409505
0.0490394
0.0667341
0.0687563
0.0389282
0.0308392
0.0480283
0.0364004
0.0156724
0.0202224
0.0283114
0.00859454
0.000505561
0
0.0950455
0
0
0.00151668
0.0156724
0.0121335
0.00606673
0.00707786
0.00505561
0.0176946
0
0.0111223
0.00606673
0.00808898
0.0141557
0.00151668
0.00808898
0.00404449
0.00707786
0.00606673
0
0.0146613
0
0
0.0131446
0
0.00202224
0.0121335
0.0116279
0
0.0171891
0
0.00455005
0
0.00606673
0.020728
0.00606673
0.000505561
0.00101112
0
0
0
0
0.0247725
0
0
0
0
0.00101112
0.00960566
0.0121335
0.00252781
0
0.00505561
0
0.00455005
0
0.00353893
0.00505561
0
0.00252781
0.0106168
0.000505561
0
0.0166835
0
0.00859454
0.00202224
0.012639
0.00404449
0.00101112
0.00455005
0.0121335
0.00758342
0.00353893
0
0.00202224
0.00353893
0.000505561
0
0
0
0
0
0
0