0
0.0132813
0.00546875
0.00546875
0.003125
0.00234375
0.00234375
0.00078125
0.00078125
0.00234375
0.00078125
0.0015625
0.00078125
0.0015625
0.00078125
0
0
0.00078125
0.00078125
0.00078125
0.00078125
0.00078125
0
0
0.00078125
0.00078125
0
0.00078125
0
0
0.00078125
0.00078125
0
0
0
0
0
0
0
0
0
0
0
0
0
0
0
0
0
0
0.00078125
0
0
0
0
0
0
0
0
0
0
0
0
0
0
0
0
0
0
0
0
0
0
0
0
0
0
0
0
0
0
0
0
0
0
0
0
0
0
0
0
0
0
0
0
0
0
0
0
0
0
0
0
0
0
0
0
0
0
0
0
0.00078125
0.00078125
0
0
0
0
0
0
0.00234375
0
0
0.00078125
0
0.0015625
0
0
0
0.0046875
0
0
0
0
0.00078125
0.0015625
0.0015625
0.003125
0.0015625
0.0015625
0
0.00234375
0.00078125
0.003125
0.0015625
0.00078125
0.00625
0.00703125
0.00625
0.00390625
0.009375
0.0101562
0.0171875
0.015625
0.0164062
0.01875
0.0164062
0.0132813
0.0171875
0.01875
0.0164062
0.00625
0.0101562
0.009375
0.0195313
0.00859375
0.0078125
0.0101562
0.00390625
0.0046875
0
0.0882813
0
0.00234375
0.00234375
0.003125
0.0046875
0.00546875
0.015625
0.00390625
0.0148437
0.0015625
0.00390625
0.0015625
0.00546875
0.00859375
0.003125
0.003125
0.0046875
0.00234375
0.003125
0
0.00859375
0
0.00234375
0.0015625
0.003125
0.00546875
0.003125
0.00078125
0.0015625
0.00078125
0
0.0015625
0.0015625
0.00234375
0.003125
0
0.00234375
0.003125
0.00234375
0.00390625
0
0
0.0109375
0.00078125
0.00234375
0.00390625
0.00390625
0.0046875
0.0015625
0.00625
0.00390625
0.003125
0.0046875
0.0046875
0.00390625
0.0015625
0.00703125
0.00390625
0.003125
0.00625
0.00703125
0.00703125
0.0046875
0.0125
0.00703125
0.00625
0.00703125
0.0109375
0.00859375
0.0132813
0.0132813
0.0101562
0.0140625
0.015625
0.00546875
0.0140625
0.0203125
0.0203125
0.0210938
0.0203125
0.0171875
0.0195313
0.025
0.0179687
0.0257812