0
0
0.00462963
0.00555556
0.00324074
0.00185185
0.00648148
0.0101852
0.000462963
0.00925926
0
0.0087963
0.00509259
0.00138889
0.00509259
0
0.00185185
0.00185185
0.00185185
0.00138889
0
0.000462963
0
0
0
0
0
0
0
0
0
0
0
0
0
0
0
0
0
0
0
0
0
0.000925926
0
0
0
0
0
0
0
0
0
0
0
0
0
0
0
0
0
0
0
0
0
0
0
0
0
0
0
0
0
0
0
0
0
0
0
0
0
0
0
0
0
0
0
0
0
0
0
0
0
0
0
0
0
0
0
0
0
0
0
0
0
0
0
0
0
0
0
0
0
0
0
0
0
0
0
0
0
0
0
0
0
0
0
0
0.00185185
0
0
0
0
0
0
0
0
0
0.000462963
0
0
0
0.000925926
0
0
0.00231481
0.00231481
0.00277778
0
0.012963
0.000925926
0.0101852
0.0143519
0.0180556
0.0143519
0.0115741
0.0407407
0.0101852
0.0208333
0.0231481
0.00231481
0.00972222
0.0171296
0.0134259
0.00787037
0.00509259
0.00185185
0.000462963
0
0.000462963
0.0634259
0
0
0
0
0.00185185
0
0.00324074
0
0.00601852
0
0.00601852
0.000925926
0.000462963
0.00925926
0
0.00138889
0.00138889
0
0
0
0.0134259
0
0
0.000925926
0
0.00138889
0.000462963
0.0115741
0
0.00138889
0.000925926
0.00509259
0.000462963
0.00185185
0.00138889
0.00231481
0
0
0
0
0
0
0.0273148
0
0
0
0.000462963
0.000925926
0.00231481
0.000462963
0.00555556
0.000925926
0.00509259
0.000462963
0.00277778
0
0.00787037
0.00416667
0
0.00555556
0.00555556
0.00231481
0
0.025463
0.000925926
0.00231481
0.00462963
0.00925926
0.00694444
0.00555556
0.0236111
0.0106481
0.0175926
0.0273148
0.00787037
0.0152778
0.0273148
0.0351852
0.025463
0.0291667
0.0361111
0.0171296
0.0449074
0
0.103704