0
0
0
0.00073046
0.00073046
0
0
0.00073046
0.00073046
0
0
0
0.00073046
0
0
0
0
0
0
0
0
0
0
0
0
0
0
0.00073046
0
0
0
0
0
0
0
0.00073046
0
0
0
0
0
0
0
0.00146092
0
0
0
0
0
0
0
0
0
0
0
0
0
0
0
0
0
0
0
0
0
0
0
0
0
0
0
0
0
0
0
0
0
0
0
0
0
0
0
0
0
0.00073046
0
0
0
0
0
0
0
0
0
0
0
0
0
0
0
0
0
0
0
0
0
0
0
0
0
0
0
0
0
0
0
0
0
0.00073046
0
0
0
0
0.00073046
0
0
0
0.00073046
0
0
0
0
0
0
0.00146092
0.00146092
0
0.00146092
0.00073046
0.00292184
0.00146092
0.00146092
0.00146092
0.00146092
0.00292184
0.00438276
0.00073046
0.00292184
0.00657414
0.00292184
0.00657414
0.00876552
0.0124178
0.0146092
0.0168006
0.0292184
0.0277575
0.0409058
0.0540541
0.0284879
0.0226443
0.0357925
0.0372535
0.017531
0.0343316
0.0138787
0.00657414
0.0036523
0
0.121256
0.00073046
0
0.0036523
0.0073046
0.0109569
0.00657414
0.0124178
0.00438276
0.0197224
0
0.00949598
0.00949598
0.00584368
0.0109569
0.00438276
0.00511322
0.00657414
0.00803506
0.00803506
0.00073046
0.0204529
0
0
0.00657414
0
0.00511322
0.00657414
0.00803506
0
0.0036523
0
0.00219138
0.00292184
0.0036523
0.00511322
0.0036523
0.00219138
0.00511322
0
0
0
0
0.0233747
0
0
0
0.00146092
0.00657414
0.0036523
0.0073046
0.00146092
0.00219138
0.00657414
0.00073046
0.00657414
0.00073046
0.00876552
0.00219138
0
0.00438276
0.00657414
0.00438276
0
0.0160701
0
0.0124178
0.00803506
0.00876552
0.00657414
0.00511322
0.00949598
0.0102264
0.00803506
0.0124178
0.00219138
0.00511322
0.00657414
0.00146092
0.00073046
0.0036523
0.00219138
0.00073046
0
0
0.0073046