0
0
0
0.009375
0.03125
0.05
0.015625
0.015625
0.009375
0.0375
0.003125
0.021875
0
0.009375
0.015625
0
0.003125
0.015625
0.003125
0.003125
0
0.009375
0
0.00625
0.003125
0
0.009375
0
0.00625
0
0.003125
0.009375
0.003125
0
0
0.003125
0
0
0.003125
0
0
0
0
0.0125
0
0
0
0
0
0
0
0
0
0
0
0
0
0
0
0
0
0
0
0
0.00625
0
0
0
0.003125
0
0
0
0
0
0
0
0
0
0
0
0
0
0
0
0
0.009375
0
0
0
0
0
0
0
0
0
0
0
0
0
0
0
0
0
0
0
0
0.003125
0
0
0.003125
0
0
0
0
0
0
0
0.00625
0
0
0
0.003125
0
0
0
0
0
0
0.00625
0
0
0
0
0
0
0
0
0
0.003125
0
0
0
0.003125
0
0
0.003125
0
0
0
0.003125
0
0
0
0.003125
0.003125
0
0.00625
0
0
0
0
0.003125
0
0.00625
0
0.00625
0
0
0
0
0.021875
0
0
0
0.003125
0.003125
0.003125
0
0.003125
0.003125
0
0.003125
0.00625
0.003125
0
0.003125
0.00625
0
0.003125
0.003125
0.003125
0.00625
0
0.003125
0.0125
0
0.00625
0.003125
0.00625
0.003125
0
0.009375
0
0
0
0.00625
0
0.009375
0.003125
0
0
0
0
0.00625
0
0
0
0.003125
0
0.003125
0.003125
0.003125
0.003125
0.009375
0
0.015625
0
0.00625
0.00625
0.003125
0.00625
0.009375
0
0
0.0125
0
0.00625
0.009375
0.00625
0.009375
0.003125
0.0375
0.01875
0.015625
0.0125
0.009375
0.0125
0.03125
0.00625
0.0125
0.015625
0.01875
0.0125
0
0
0.140625