0.00221893
0.0314349
0.0162722
0.0118343
0.0114645
0.00924556
0.00924556
0.00369822
0.00443787
0.00554734
0.00258876
0.00517751
0.00702663
0.00443787
0.00369822
0.00221893
0.00258876
0.00258876
0.00480769
0.00147929
0.000739645
0.00369822
0.00110947
0.00258876
0.000739645
0
0.00147929
0.00221893
0.00147929
0.000739645
0.00147929
0.00147929
0.00147929
0.00147929
0.000739645
0.00110947
0.000369822
0.00184911
0.00110947
0.00110947
0.00184911
0.000369822
0
0.00369822
0
0
0.000369822
0
0.00110947
0.000739645
0
0
0.000739645
0.000739645
0
0.000369822
0
0.000739645
0
0
0
0
0.000369822
0
0.000739645
0.000369822
0.000369822
0
0
0
0
0.000739645
0
0.000369822
0.000369822
0
0
0
0
0
0.000369822
0.000739645
0
0
0
0.00147929
0
0
0
0
0.000739645
0.000369822
0
0
0
0
0
0
0
0.000369822
0
0.000369822
0
0.000739645
0
0.000369822
0.00184911
0
0.000369822
0
0
0
0
0.000739645
0
0.000369822
0.000369822
0.000739645
0.00110947
0.00110947
0
0.000739645
0
0.00110947
0.000369822
0
0.000369822
0
0.00628698
0.000739645
0.00110947
0.00258876
0.000369822
0.000739645
0.00184911
0.00295858
0.00258876
0.00295858
0.00184911
0.00221893
0.00480769
0.00258876
0.00739645
0.00406805
0.00628698
0.00887574
0.00517751
0.00406805
0.00961538
0.0207101
0.00776627
0.0162722
0.0177515
0.0251479
0.0232988
0.0173817
0.0181213
0.0122041
0.0122041
0.0188609
0.0033284
0.00480769
0.0107249
0.0066568
0.00628698
0.00480769
0.00443787
0.00295858
0.00406805
0.000739645
0.0643491
0.00110947
0.00221893
0.000739645
0.00184911
0.00221893
0.00221893
0.00591716
0.00295858
0.00406805
0.00147929
0.00924556
0.00147929
0.00295858
0.0129438
0.00221893
0.000739645
0.00295858
0.00221893
0.00147929
0.000369822
0.0155325
0.00184911
0.00184911
0.00184911
0.000739645
0.00221893
0.00147929
0.00517751
0
0.00110947
0.000739645
0.00295858
0.000369822
0.00184911
0.00110947
0.000369822
0.000739645
0.000369822
0.00110947
0.00147929
0.000369822
0
0.0133136
0
0.000369822
0.00184911
0.00147929
0.000369822
0.00184911
0.000739645
0.000369822
0.00221893
0.000739645
0.00110947
0.0033284
0.000369822
0.00517751
0.00221893
0.00147929
0.00110947
0.0033284
0.00295858
0.000739645
0.00591716
0.00406805
0.00221893
0.00110947
0.00406805
0.00295858
0.00295858
0.00554734
0.00258876
0.00480769
0.00924556
0.00813609
0.00406805
0.00813609
0.0122041
0.00739645
0.0118343
0.00887574
0.00776627
0.0210799
0.0602811
0.075074