0
0
0
0
0
0
0.000434216
0.000434216
0
0
0
0.000868432
0
0
0.000868432
0
0
0.000434216
0
0
0
0.00173686
0
0.000434216
0
0
0
0.000434216
0.000434216
0
0
0
0
0
0.000434216
0.000434216
0
0
0
0
0
0
0
0.000868432
0
0
0
0
0
0
0
0
0
0
0
0
0
0
0
0
0
0
0
0
0
0
0
0
0
0
0
0
0
0
0
0
0
0
0
0
0
0
0
0
0
0.000434216
0
0
0
0
0
0
0
0
0
0
0
0
0
0
0
0
0
0
0
0
0.000434216
0
0
0
0
0
0
0
0
0
0
0
0
0
0
0
0
0.000434216
0
0
0
0
0
0
0
0.000434216
0
0
0.000434216
0
0.000434216
0
0.000434216
0
0.000434216
0
0.000434216
0
0.000868432
0.0026053
0.000868432
0.00173686
0.000434216
0.00651324
0.00217108
0.0121581
0.0230135
0.0503691
0.0646982
0.0625271
0.0516717
0.038211
0.048198
0.038211
0.0108554
0.0156318
0.0247503
0.0199739
0.0117238
0.00781589
0.00694746
0.00825011
0.000868432
0
0.0486322
0
0
0.00303951
0.00825011
0.00781589
0.00564481
0.00390795
0.00477638
0.0108554
0.000868432
0.0117238
0.00651324
0.00217108
0.0169344
0.00130265
0.00607903
0.00434216
0.00955276
0.00607903
0
0.0247503
0
0
0.00825011
0.000434216
0.00477638
0.00607903
0.0151976
0
0.00825011
0
0.0104212
0.0026053
0.00477638
0.00651324
0.00955276
0.00434216
0.000434216
0
0
0
0
0.0395137
0
0
0.000434216
0.00130265
0.00651324
0.00738168
0.0117238
0.00173686
0.00347373
0.00651324
0
0.00998697
0
0.0151976
0.00694746
0
0.00607903
0.0151976
0.00130265
0
0.0195397
0
0.0108554
0.00303951
0.00781589
0.00217108
0.00303951
0.00738168
0.00521059
0.00303951
0.00390795
0
0.00130265
0.00434216
0.000434216
0.000434216
0.000434216
0.000868432
0
0
0
0.00521059