0
0.0382429
0.0645995
0.0366925
0.0320413
0.025323
0.0186047
0.0211886
0.0129199
0.0180879
0.00620155
0.0113695
0.0155039
0.0113695
0.0113695
0.00568475
0.00878553
0.00775194
0.0108527
0.00878553
0.00465116
0.0155039
0.00258398
0.00878553
0.00826873
0.00258398
0.0113695
0.00516796
0.0129199
0.00516796
0.00775194
0.00568475
0.0108527
0.00930233
0.00775194
0.00981912
0.00930233
0.00671835
0.00826873
0.00516796
0.00413437
0
0
0.0661499
0.000516796
0.00361757
0.00361757
0.00620155
0.00620155
0.00826873
0.00878553
0.00826873
0.00361757
0.00620155
0.00155039
0.00723514
0.00206718
0.00826873
0.00826873
0.00103359
0.00568475
0.00310078
0.00155039
0
0.00878553
0.00103359
0.00155039
0.00413437
0.00206718
0
0.000516796
0.00413437
0
0.00103359
0.000516796
0.00103359
0.000516796
0.00206718
0.00155039
0.000516796
0.00103359
0.00103359
0
0
0
0.00981912
0
0
0
0.00103359
0.00155039
0.000516796
0.00103359
0.000516796
0.00206718
0.000516796
0.00103359
0.00206718
0
0.00310078
0
0.00155039
0
0.00258398
0.00103359
0
0.00310078
0
0.00103359
0.000516796
0.000516796
0.00361757
0
0.00206718
0
0.00206718
0.000516796
0.00103359
0
0.00103359
0.00258398
0.000516796
0.00103359
0.000516796
0.00258398
0.00103359
0
0
0.0134367
0
0
0
0.000516796
0
0
0
0.000516796
0
0.000516796
0
0
0
0.00155039
0
0
0.000516796
0.000516796
0
0
0.00258398
0
0
0
0.00155039
0.000516796
0
0.00155039
0
0.00103359
0.000516796
0
0
0.00103359
0
0
0.00103359
0
0
0
0
0.00310078
0
0
0
0.000516796
0.000516796
0.00103359
0
0
0.000516796
0
0.000516796
0
0
0
0
0
0
0
0
0
0.000516796
0
0
0.000516796
0
0.000516796
0
0
0
0
0
0
0
0.000516796
0
0
0.000516796
0
0
0.000516796
0
0
0.00103359
0
0
0.000516796
0
0
0
0.000516796
0.000516796
0
0.00103359
0
0
0
0
0
0
0.000516796
0.00103359
0
0.000516796
0
0
0
0
0.000516796
0
0.000516796
0.00103359
0.000516796
0.00103359
0.00310078
0
0
0.00206718
0.000516796
0.00155039
0.00103359
0.00258398
0.00155039
0.00413437
0.00155039
0.164858