0
0
0.0220588
0.0183824
0.0625
0.0330882
0.0294118
0.0257353
0.0294118
0.0330882
0
0.0330882
0.0257353
0.0183824
0.0404412
0.0220588
0.0294118
0.00735294
0.0110294
0.0220588
0.0110294
0.0220588
0.0147059
0.0257353
0.0220588
0.0220588
0.0183824
0.00735294
0.0183824
0.00367647
0.00735294
0.00735294
0.00367647
0
0
0.0110294
0.0110294
0.00367647
0
0.00367647
0.00367647
0
0
0.0477941
0
0
0
0
0.00367647
0.00367647
0.00735294
0.00367647
0
0
0
0.00367647
0
0
0
0
0
0
0
0
0
0
0
0
0
0
0
0
0
0
0
0
0
0
0.00367647
0
0
0
0
0
0
0
0
0
0
0
0
0
0
0
0
0
0
0
0
0
0
0
0
0
0
0
0
0
0
0
0
0
0
0
0
0
0
0
0
0
0
0
0
0
0
0
0
0
0.0147059
0
0
0
0
0
0
0
0
0
0.00367647
0
0
0
0.00367647
0
0
0
0
0
0
0.00735294
0
0
0
0.00367647
0
0
0
0
0
0
0
0
0
0
0
0
0
0
0
0
0.00367647
0
0
0
0
0
0
0
0
0
0
0
0
0
0
0
0
0
0
0
0
0
0
0
0
0
0
0
0
0
0
0
0
0
0
0
0
0
0
0
0
0
0
0.00367647
0
0
0
0
0
0
0
0
0
0
0
0
0
0
0
0
0.00367647
0
0
0
0
0.00367647
0
0.00367647
0
0
0
0
0
0.00367647
0.00367647
0
0
0.00367647
0.00367647
0.00735294
0.00735294
0.0110294
0.0110294
0.00735294
0
0.136029