0
0
0.0138408
0.00692042
0.0103806
0.0242215
0.0311419
0.0761246
0.0346021
0.0380623
0.0276817
0.0657439
0.0449827
0.00692042
0.0934256
0.0207612
0.00692042
0.017301
0.0207612
0.0138408
0.00692042
0.083045
0
0.00346021
0.00692042
0
0.0311419
0.0103806
0.0346021
0.00346021
0.00346021
0
0.017301
0
0.00692042
0.00346021
0
0
0.00346021
0
0
0
0
0.017301
0
0
0
0
0
0
0
0
0
0
0
0.00346021
0
0.00346021
0
0
0
0.00346021
0
0
0.00692042
0
0
0
0
0
0
0
0
0
0
0
0
0
0
0
0
0
0
0
0
0.00692042
0
0
0
0
0
0
0
0
0
0
0.00346021
0
0
0
0
0
0
0
0
0
0.00346021
0
0
0
0
0
0
0
0
0
0
0
0
0
0
0
0
0
0
0
0
0
0.00346021
0
0
0
0
0
0
0
0
0
0
0
0
0
0
0
0
0
0
0
0
0
0
0
0
0
0
0
0
0
0
0
0
0
0
0
0
0
0
0
0
0
0
0
0
0
0
0
0
0
0
0
0
0
0
0
0
0
0
0
0.00346021
0
0
0
0
0
0
0
0
0
0
0
0
0
0
0
0
0
0
0
0
0
0
0
0
0.0103806
0
0
0
0
0
0
0
0
0
0
0
0
0
0
0
0
0
0.00346021
0.00346021
0
0.00692042
0
0.00346021
0
0.00346021
0
0
0.00346021
0
0
0
0
0
0
0.00692042
0.00692042
0.00346021
0
0.00346021
0.00346021
0
0.117647