0
0.0163594
0.0532258
0.0470046
0.024424
0.0221198
0.016129
0.0170507
0.0126728
0.0435484
0.00368664
0.0447005
0.0230415
0.0133641
0.0829493
0.009447
0.0168203
0.0580645
0.0357143
0.009447
0.00207373
0.081106
0.00437788
0.00299539
0.0184332
0.000921659
0.0209677
0.00529954
0.0168203
0.000460829
0.00207373
0.000460829
0.0103687
0.000230415
0.00230415
0.00115207
0.000921659
0.000460829
0
0.000230415
0
0
0
0.0191244
0
0
0
0
0.000460829
0
0.000230415
0.00115207
0
0.00276498
0
0.000460829
0
0.00230415
0.000230415
0
0.00253456
0
0
0
0.00529954
0
0.000230415
0
0.000921659
0
0
0.00460829
0
0
0.00276498
0
0
0.00138249
0.000691244
0.000230415
0
0
0
0
0
0.0147465
0
0
0
0
0
0
0.00138249
0
0.00345622
0
0.00506912
0.000230415
0
0.00599078
0
0
0.00230415
0
0
0
0.0142857
0
0
0.00184332
0
0.00460829
0.00115207
0.00737327
0
0.0016129
0.000460829
0.00599078
0
0.00276498
0.00207373
0.00184332
0.00115207
0.00138249
0.000921659
0.000460829
0.000230415
0
0.0232719
0.0016129
0.000921659
0.000460829
0.00138249
0.000691244
0.000460829
0.0016129
0.000921659
0.000460829
0.00138249
0
0.000691244
0.000460829
0.00184332
0.000230415
0
0.00115207
0.000230415
0
0.000460829
0.00276498
0.000230415
0.00115207
0.000230415
0.000691244
0.000460829
0
0.00230415
0.000460829
0
0.000460829
0
0
0.000460829
0.000230415
0.000230415
0
0.000230415
0
0
0
0.00576037
0
0
0
0
0.000230415
0.000230415
0
0
0
0
0.000460829
0
0
0.000921659
0
0.000230415
0
0
0.000230415
0
0.00115207
0
0
0
0
0.000460829
0
0.000460829
0
0
0
0.000230415
0
0
0.000230415
0
0
0.000230415
0
0
0
0
0.00184332
0
0
0.000230415
0
0
0.000230415
0.000230415
0
0
0.00115207
0
0
0.000230415
0.00115207
0.000230415
0
0.000460829
0.00138249
0
0
0.00184332
0.000460829
0.000460829
0.000460829
0.0016129
0.000460829
0.000460829
0.00207373
0.000460829
0.00115207
0.00276498
0
0.000230415
0.00115207
0.00368664
0.00391705
0.00207373
0.00299539
0.00345622
0.00391705
0.00207373
0.05