0
0
0
0
0.000110742
0.000110742
0.000442968
0.000221484
0
0.00155039
0
0.00155039
0.000775194
0.000221484
0.00265781
0.000110742
0.00121816
0.0013289
0.00221484
0.000775194
0.000110742
0.00509413
0
0.000221484
0.00166113
0.000332226
0.000996678
0.00110742
0.00276855
0
0.000221484
0.000221484
0.00121816
0.000442968
0.000885936
0.000996678
0.000110742
0.000332226
0.000221484
0.000110742
0.000221484
0
0
0.00586932
0
0.000110742
0
0
0.000110742
0
0.000442968
0.000221484
0
0.000885936
0
0
0.000110742
0.000332226
0.000221484
0
0
0
0.000110742
0
0.000996678
0
0.000110742
0
0
0.000221484
0
0.000775194
0
0.000221484
0.000442968
0
0
0.000221484
0
0
0
0.000110742
0
0
0
0.00199336
0
0
0
0
0
0
0.000332226
0.000110742
0
0.000110742
0.000332226
0.000110742
0
0.000442968
0
0
0.000221484
0.000221484
0
0.000110742
0.000885936
0
0
0.000221484
0
0.00055371
0
0.000664452
0
0
0
0.000332226
0
0.00055371
0.000885936
0.000332226
0.000332226
0.000664452
0.000110742
0
0
0
0.00609081
0
0.000442968
0.000442968
0.000664452
0.000442968
0.000996678
0.00110742
0.00232558
0.000885936
0.00177187
0.000442968
0.0021041
0.000885936
0.00376523
0.00321152
0.00177187
0.00609081
0.0055371
0.00542636
0.00520487
0.0179402
0.0106312
0.0236988
0.0375415
0.065227
0.0457364
0.0330011
0.0331118
0.0127353
0.0214839
0.0204873
0.00841639
0.00675526
0.0272425
0.0300111
0.0159468
0.00852713
0.00609081
0.0047619
0.00321152
0.000442968
0.0859358
0.000221484
0.0013289
0.00166113
0.0021041
0.00332226
0.00276855
0.00376523
0.000332226
0.00819491
0.000332226
0.00775194
0.00166113
0.000996678
0.0158361
0.000332226
0.00055371
0.00520487
0.000775194
0.000442968
0
0.0255814
0
0.00055371
0.00055371
0.000442968
0.00431894
0
0.00985604
0
0.000221484
0.000442968
0.00808416
0.000332226
0.00199336
0.000664452
0.000110742
0.000110742
0.000110742
0.000110742
0
0
0
0.0352159
0
0
0.000110742
0
0.000110742
0.000664452
0.000664452
0.00575858
0.000332226
0.0152824
0
0.000332226
0
0.0122924
0.000110742
0
0.0265781
0.000996678
0.000221484
0
0.0405316
0.000221484
0.000442968
0.00354374
0.0393134
0.00055371
0
0.0359911
0.000221484
0.00586932
0.00609081
0.000110742
0.000110742
0.00741971
0.00575858
0.00155039
0.000332226
0.000221484
0.000221484
0.000221484
0
0.0213732