0.0110605
0.062134
0.0354587
0.0208198
0.0169161
0.0198439
0.0126871
0.00910865
0.0120364
0.0146389
0.00813273
0.00813273
0.00845804
0.00780742
0.00683149
0.00780742
0.0071568
0.00422902
0.00813273
0.00683149
0.00487964
0.00845804
0.00390371
0.00520494
0.00748211
0.00618087
0.00390371
0.00553025
0.00845804
0.00390371
0.00748211
0.00845804
0.00455433
0.00748211
0.00585556
0.00585556
0.00422902
0.00455433
0.00553025
0.00325309
0.00455433
0.00260247
0.000325309
0.0429408
0.00130124
0.00227716
0.00260247
0.00195185
0.00195185
0.0035784
0.00325309
0.00227716
0.00292778
0.00227716
0.00227716
0.00227716
0.00195185
0.00455433
0.00227716
0.000650618
0.00130124
0.00422902
0.00195185
0
0.00650618
0.00162655
0.00162655
0.000650618
0.00162655
0.000975927
0.000325309
0.00292778
0.000975927
0
0.00195185
0.000650618
0.000650618
0.000650618
0.000975927
0.000650618
0.000975927
0.000325309
0
0
0
0.00487964
0.000325309
0
0.000650618
0
0.000650618
0.000650618
0.000325309
0.000325309
0.000975927
0.000975927
0.000650618
0
0.000325309
0.000650618
0.000650618
0.000975927
0.000975927
0.000650618
0.00130124
0.000325309
0.00162655
0.000325309
0.000975927
0.000650618
0
0.00292778
0.000325309
0.00227716
0.000650618
0.000325309
0.00227716
0.00130124
0.00130124
0.00195185
0.000650618
0.000650618
0.00227716
0.00260247
0.000975927
0.00195185
0.00195185
0.000325309
0.0393624
0.000650618
0.00292778
0.000975927
0.00162655
0.000975927
0.00292778
0.00162655
0.00162655
0.00260247
0.00487964
0.00130124
0.00162655
0
0.00195185
0.00195185
0.000975927
0.00162655
0.0035784
0.000325309
0.00195185
0.00813273
0.000650618
0.00162655
0.00130124
0.00390371
0.00130124
0.00130124
0.00390371
0.00162655
0.00162655
0.00325309
0
0.000325309
0.00162655
0.00227716
0.00227716
0.00195185
0.000975927
0.000650618
0
0.000975927
0.0123617
0.000325309
0.000325309
0.000325309
0
0.000325309
0.000650618
0
0
0.000975927
0.000975927
0.000325309
0.000325309
0.000650618
0.00227716
0.000650618
0.000650618
0.000650618
0.000325309
0.000325309
0.000325309
0.00195185
0.000325309
0.000325309
0.000650618
0.000325309
0.000650618
0.000650618
0.000650618
0
0.000325309
0.000650618
0.00130124
0.000325309
0.000975927
0
0
0.000325309
0.000650618
0.000325309
0.000325309
0.000325309
0
0.00618087
0
0.000650618
0
0.000325309
0.000975927
0.000325309
0.000975927
0.000650618
0.000325309
0.000650618
0.000650618
0.00162655
0.000325309
0.00162655
0.00130124
0.000975927
0.00195185
0.00130124
0.00227716
0.000975927
0.00260247
0.000650618
0.00195185
0.00227716
0.00227716
0.00292778
0.00227716
0.00195185
0.00292778
0.00195185
0.00130124
0.00260247
0.00520494
0.00845804
0.00390371
0.00325309
0.00618087
0.00618087
0.00585556
0.00910865
0.0130124
0.171763