0
0
0
0
0
0
0
0
0
0
0
0
0
0
0.000844595
0
0
0
0
0.000844595
0
0.00337838
0
0
0.000844595
0
0
0
0.000844595
0
0.000844595
0
0.000844595
0
0.000844595
0
0
0
0
0
0
0
0
0.00168919
0
0
0
0
0
0
0
0
0
0
0
0
0
0
0
0
0
0
0
0
0
0
0
0
0
0
0
0
0
0
0
0
0
0
0
0
0
0
0
0
0
0
0
0
0
0
0
0
0
0
0
0
0
0
0
0
0
0
0
0
0
0
0
0
0
0
0
0
0
0
0
0
0
0
0
0
0
0
0
0
0
0
0
0
0.00253378
0
0
0
0
0
0
0
0
0
0
0
0
0
0
0
0
0
0
0
0
0.00253378
0
0
0.00253378
0.00168919
0.000844595
0
0.00844595
0
0.00337838
0.0109797
0
0.00168919
0.0109797
0.00844595
0.00929054
0.00506757
0
0
0
0
0.125845
0
0
0
0
0.00168919
0
0.00253378
0
0.00844595
0
0.03125
0
0
0.111486
0
0.000844595
0.00675676
0
0
0
0.118243
0
0
0
0
0.00760135
0
0.0996622
0
0
0
0.0211149
0
0.00422297
0.000844595
0
0
0
0
0
0
0
0.130912
0
0
0
0
0
0
0
0.00591216
0
0.0337838
0
0
0
0.0405405
0
0
0.0337838
0
0
0
0.0523649
0
0
0.000844595
0.0236486
0
0
0.0236486
0
0.00337838
0.0126689
0
0
0.00506757
0.00253378
0
0
0
0
0
0
0.0109797