0
0.00663781
0.0233766
0.0551227
0.0513709
0.0291486
0.0207792
0.0256854
0.0106782
0.011544
0.0106782
0.012987
0.0109668
0.011544
0.0167388
0.00836941
0.00634921
0.015873
0.00808081
0.0040404
0.00634921
0.0248196
0.0023088
0.0049062
0.00692641
0.0034632
0.00634921
0.004329
0.0141414
0.001443
0.0037518
0.0025974
0.00865801
0.0040404
0.00606061
0.00894661
0.0040404
0.0025974
0.011544
0.0046176
0.000865801
0.0002886
0
0.0718615
0
0.0002886
0.0017316
0.0046176
0.0031746
0.0049062
0.0049062
0.0037518
0.0017316
0.0040404
0.0002886
0.0031746
0.0002886
0.00577201
0.0020202
0.0002886
0.0031746
0.0017316
0
0
0.00836941
0
0.0002886
0.0002886
0.000865801
0.0002886
0
0.0031746
0.000577201
0.001443
0.0011544
0
0.000865801
0.000577201
0.0011544
0
0
0.0002886
0
0
0
0.0112554
0
0
0
0
0.000577201
0.0002886
0.0002886
0
0.000577201
0.0002886
0.0011544
0
0
0.0037518
0.000577201
0
0.0002886
0.0002886
0.0002886
0.0002886
0.00663781
0
0.0002886
0.000577201
0.0002886
0.001443
0.0002886
0.0025974
0.0002886
0.000577201
0.000577201
0.0020202
0.0002886
0.0034632
0.0017316
0.000865801
0.001443
0.0023088
0.000865801
0.0011544
0.000577201
0
0.0262626
0.0002886
0.000577201
0.0002886
0.0002886
0.000865801
0.0017316
0.00519481
0.00663781
0.0023088
0.00721501
0.000577201
0.010101
0
0.0196248
0.0152958
0.0002886
0.0176046
0.0285714
0.00721501
0.0002886
0.0392496
0.0020202
0.017316
0.00923521
0.010101
0.00606061
0.004329
0.0124098
0.001443
0.001443
0.0040404
0.0002886
0.0002886
0.001443
0.000865801
0.0002886
0.0002886
0
0
0
0
0.0106782
0
0
0
0
0
0.0002886
0
0
0
0
0.0002886
0
0
0.000577201
0
0
0
0
0
0
0.000865801
0
0
0
0
0
0
0.000865801
0
0
0
0
0
0
0
0
0
0.0002886
0
0
0
0
0.0025974
0
0
0
0
0
0
0
0.0002886
0
0.000865801
0
0.0002886
0
0.0011544
0
0
0.0002886
0.000577201
0
0
0.0017316
0
0.000577201
0
0.000577201
0.000865801
0.0002886
0.0011544
0.000577201
0.0002886
0.0017316
0.0002886
0.0011544
0.0020202
0.0020202
0.0002886
0.0011544
0.0020202
0.0020202
0.0037518
0.0031746
0.0337662