0.0131313
0.0449495
0.0272727
0.030303
0.0181818
0.0176768
0.0146465
0.0121212
0.0106061
0.0136364
0.0111111
0.00808081
0.00656566
0.00808081
0.00454545
0.0020202
0.00353535
0.00757576
0.00454545
0.0040404
0.0030303
0.00252525
0.00151515
0.00151515
0.0040404
0.0030303
0.0040404
0.00353535
0.00454545
0.00353535
0.00151515
0.0010101
0.0020202
0.0020202
0.0010101
0.0010101
0.00151515
0.0010101
0.0010101
0.0020202
0.000505051
0
0
0.0252525
0
0.000505051
0.000505051
0.0010101
0.000505051
0.00151515
0.0010101
0.0010101
0
0.000505051
0.00151515
0.0010101
0
0.00151515
0
0.0010101
0.000505051
0.0010101
0.00353535
0
0.000505051
0.000505051
0.000505051
0.000505051
0
0
0
0.000505051
0.0020202
0.000505051
0.0010101
0.000505051
0
0
0
0
0
0
0
0.000505051
0
0.0040404
0
0
0.00151515
0
0
0.000505051
0
0.000505051
0
0.000505051
0.00151515
0.000505051
0.000505051
0.00252525
0
0.000505051
0
0
0
0.000505051
0.00252525
0
0.000505051
0
0
0.00151515
0
0.00151515
0.000505051
0
0.00252525
0.0010101
0.0010101
0.0010101
0.00252525
0.0030303
0.0030303
0.00353535
0.00151515
0.00252525
0.00252525
0.0010101
0.05
0
0.0030303
0.0010101
0.000505051
0.00252525
0.00252525
0.000505051
0.00606061
0.00151515
0.00252525
0.00151515
0.0040404
0.00151515
0.00252525
0.0020202
0.000505051
0.0030303
0.00252525
0.000505051
0.0010101
0.0111111
0.0010101
0.0020202
0.000505051
0.0030303
0.000505051
0.00151515
0.0040404
0
0.000505051
0.0020202
0.000505051
0.00353535
0.00252525
0.00252525
0.000505051
0.0010101
0.0010101
0
0.0010101
0
0.0106061
0
0
0.000505051
0.0020202
0.0010101
0.000505051
0.0010101
0.0010101
0.000505051
0
0.000505051
0.0010101
0.000505051
0.00151515
0.00151515
0.0020202
0.000505051
0
0.00151515
0
0.0010101
0
0.000505051
0.00151515
0.00151515
0.000505051
0.0020202
0.0020202
0.000505051
0.00151515
0.0020202
0
0.000505051
0.0010101
0.0010101
0
0
0
0
0
0
0
0.00757576
0.000505051
0.00151515
0
0.000505051
0
0.0010101
0.00252525
0.00151515
0.000505051
0.0010101
0.000505051
0.00353535
0.0010101
0.0030303
0.00151515
0.000505051
0.00252525
0.0010101
0.00151515
0.0010101
0.00353535
0.0030303
0.00353535
0.0030303
0.0040404
0.0010101
0.00151515
0.0030303
0.0040404
0.00353535
0.00454545
0.0040404
0.0020202
0.00555556
0.00757576
0.0040404
0.00606061
0.00959596
0.0121212
0.00606061
0.0136364
0.288889