0
0
0
0
0
0
0.00137931
0
0
0
0
0
0.00137931
0
0.00137931
0
0
0
0
0
0
0.00137931
0
0
0
0
0
0
0.00275862
0
0
0
0.00137931
0
0
0
0
0
0.00137931
0
0
0
0
0
0
0
0
0
0
0
0
0
0
0
0
0
0
0
0
0
0
0
0
0
0
0
0
0
0
0
0
0
0
0
0
0
0
0
0
0
0
0
0
0
0
0
0
0
0
0
0
0
0
0
0
0
0
0
0
0
0
0
0
0
0
0
0
0
0
0
0
0
0
0
0
0
0
0
0
0
0
0
0
0
0
0
0
0
0
0
0
0
0
0
0
0
0
0
0
0
0
0
0
0
0
0
0
0.00275862
0
0.00137931
0
0
0
0
0.00275862
0
0.00689655
0.00413793
0.00965517
0.00551724
0
0.00137931
0.00965517
0.00137931
0
0.00827586
0.00413793
0
0
0
0.0413793
0
0
0
0.00137931
0.00413793
0.00137931
0.00827586
0.00413793
0.0248276
0
0.0648276
0.00275862
0
0.0758621
0.00137931
0
0.0165517
0.00275862
0
0
0.102069
0
0
0.00137931
0
0.00965517
0.00137931
0.14069
0
0.00275862
0
0.0386207
0
0.0124138
0.00551724
0.00275862
0.00137931
0
0
0
0
0
0.124138
0
0
0
0
0
0.00275862
0.00965517
0.0124138
0
0.017931
0
0.00689655
0
0.0275862
0.00551724
0
0.0124138
0.0137931
0
0
0.0441379
0
0.0124138
0.00965517
0.00827586
0.00689655
0.00137931
0.0137931
0.00137931
0.00827586
0.0124138
0
0
0.00275862
0.00275862
0.00137931
0
0
0
0
0
0.00413793