0
0.00245098
0.00816994
0.00980392
0.0106209
0.00980392
0.0106209
0.0114379
0.00735294
0.00980392
0.00898693
0.0114379
0.0171569
0.0130719
0.00898693
0.0138889
0.00816994
0.0179739
0.00735294
0.0114379
0.0196078
0.0163399
0.0318627
0.0294118
0.0261438
0.0334967
0.0449346
0.0482026
0.0375817
0.0392157
0.0245098
0.0245098
0.0147059
0.00816994
0.0114379
0.0122549
0.00490196
0.00408497
0.00735294
0.00490196
0.00245098
0.00163399
0
0.0792484
0.00163399
0.00245098
0.00163399
0.000816993
0.000816993
0.000816993
0
0
0.000816993
0
0
0
0
0
0
0
0
0
0
0
0.000816993
0
0
0
0
0
0
0
0
0
0
0
0
0
0
0
0
0.000816993
0
0
0
0
0.000816993
0
0
0
0
0
0
0
0
0
0
0
0
0
0
0
0
0
0
0
0
0
0
0
0
0
0
0
0
0
0
0
0
0
0
0.000816993
0
0
0
0
0
0
0.00163399
0
0
0.000816993
0
0
0
0
0
0
0
0
0.000816993
0.000816993
0
0.000816993
0
0
0
0
0
0.000816993
0
0.000816993
0
0
0
0
0
0
0
0
0
0
0
0
0
0
0
0
0
0
0
0
0
0
0
0
0
0
0
0
0
0.000816993
0
0
0
0
0
0
0
0
0
0
0
0.000816993
0
0.000816993
0
0.000816993
0
0
0
0.000816993
0
0.000816993
0
0
0.000816993
0.000816993
0.000816993
0
0.000816993
0
0.000816993
0.0138889
0
0
0
0
0.000816993
0
0
0
0
0
0
0
0
0
0.000816993
0
0.00163399
0
0.000816993
0.000816993
0.000816993
0.000816993
0.000816993
0
0
0
0.000816993
0
0.000816993
0
0
0.00163399
0.000816993
0
0
0.000816993
0.000816993
0.00326797
0.00408497
0.00490196
0.00490196
0.202614