0
0
0
0.000555556
0
0.00222222
0.00111111
0
0
0.00111111
0
0.000555556
0.000555556
0.000555556
0.000555556
0
0
0.00111111
0
0
0.000555556
0.000555556
0
0
0
0
0.000555556
0
0.00111111
0
0
0
0
0
0
0
0
0
0
0
0
0
0
0.000555556
0
0
0
0
0
0
0
0
0
0
0
0
0
0
0
0
0
0
0
0
0.000555556
0
0
0
0
0
0
0
0
0
0
0
0
0
0
0
0
0
0
0
0
0
0
0
0
0
0
0
0
0
0
0
0
0
0
0
0
0
0
0
0
0
0
0
0
0
0
0
0
0
0
0
0
0.000555556
0
0
0
0
0.00111111
0
0
0
0
0
0
0
0
0
0
0
0
0
0
0
0
0.000555556
0
0
0
0.00111111
0
0.00111111
0.00111111
0.000555556
0.000555556
0.00555556
0.00277778
0.00722222
0.00722222
0.0105556
0.0122222
0.0144444
0.0194444
0.0166667
0.02
0.0255556
0.00333333
0.0122222
0.0377778
0.0283333
0.0183333
0.0277778
0.0272222
0.00777778
0.00277778
0
0.196667
0.000555556
0
0.00388889
0.00944444
0.0188889
0.0188889
0.0172222
0.00277778
0.0216667
0.00111111
0.0205556
0.0111111
0.00277778
0.025
0.00166667
0.00555556
0.02
0.00833333
0.00333333
0
0.0338889
0
0.000555556
0.0127778
0
0.015
0.00444444
0.0222222
0
0.00777778
0
0.00888889
0.000555556
0.005
0.00833333
0.0116667
0.00277778
0
0
0
0
0
0.04
0
0
0
0
0.00111111
0.00666667
0.0111111
0.00833333
0.000555556
0.0127778
0
0.01
0
0.00666667
0.00555556
0
0.005
0.0105556
0
0
0.0127778
0
0.00111111
0.00333333
0.00111111
0.00166667
0
0.00222222
0.000555556
0
0.00222222
0
0
0.000555556
0.000555556
0.000555556
0
0
0
0
0
0.00555556