0
0.0167341
0.0601889
0.0631579
0.0380567
0.0283401
0.0205128
0.0161943
0.0107962
0.0137652
0.00728745
0.0118758
0.00836707
0.00809717
0.0116059
0.00674764
0.00539811
0.00620783
0.00269906
0.00458839
0.00512821
0.017274
0.00296896
0.00458839
0.00431849
0.00215924
0.00296896
0.00296896
0.00836707
0.00107962
0.00134953
0.000539811
0.00350877
0.000809717
0.00296896
0.00107962
0.00188934
0.00134953
0.000269906
0.000269906
0.000809717
0.00107962
0
0.0251012
0.000809717
0.00134953
0.000269906
0.00134953
0.000809717
0.000539811
0.00215924
0.00161943
0.000269906
0.00323887
0.00107962
0.00215924
0.000539811
0.00566802
0.00269906
0.000269906
0.00242915
0.00242915
0.000269906
0.000269906
0.00593792
0.000539811
0.000539811
0.000539811
0.00269906
0.000539811
0.00107962
0.00431849
0.000269906
0.000539811
0.00296896
0.000539811
0
0.00242915
0.00188934
0.000809717
0.000809717
0.000539811
0.000269906
0
0
0.0183536
0
0.000269906
0
0.000539811
0.000809717
0
0.00161943
0.000809717
0.00512821
0
0.00458839
0.00134953
0.000539811
0.00620783
0.000539811
0.000809717
0.00512821
0.00296896
0.00188934
0.000269906
0.014305
0.000269906
0.000269906
0.00269906
0.000809717
0.00647773
0.00188934
0.00944669
0.00107962
0.00215924
0.00107962
0.00539811
0.00242915
0.00674764
0.00566802
0.00242915
0.00134953
0.00215924
0.00161943
0.00215924
0.00188934
0.000539811
0.0448043
0.00107962
0.00107962
0.00296896
0.00215924
0.00350877
0.00431849
0.00539811
0.00647773
0.00269906
0.00674764
0.00269906
0.00539811
0.00215924
0.00917679
0.00377868
0.00215924
0.00458839
0.00269906
0.00269906
0.00350877
0.0137652
0.00512821
0.00458839
0.00350877
0.00350877
0.00323887
0.00269906
0.00809717
0.00269906
0.00215924
0.00269906
0.00134953
0.00107962
0.00296896
0.00269906
0.00296896
0.00134953
0.00134953
0.00134953
0.000539811
0.000269906
0.0294197
0.000269906
0.000539811
0
0.000269906
0.00161943
0.00134953
0.00134953
0.000539811
0.00107962
0
0.000809717
0.00107962
0.000539811
0.00215924
0
0.000539811
0.000269906
0.000269906
0.000809717
0.000539811
0.00215924
0
0
0.000269906
0
0.000269906
0.000269906
0.00215924
0.000269906
0
0
0.000539811
0
0.00107962
0.000809717
0
0
0.000809717
0
0
0
0
0.00458839
0
0
0
0.000539811
0.000269906
0.000539811
0.00107962
0
0.000539811
0.00107962
0
0.000539811
0.000269906
0.00161943
0.000809717
0
0.00107962
0.000539811
0.000269906
0.000539811
0.00269906
0
0.000539811
0.000539811
0.00242915
0.000809717
0.00134953
0.00161943
0.000269906
0.00161943
0.00215924
0.000809717
0.00161943
0.00431849
0.00242915
0.00269906
0.00188934
0.00512821
0.00188934
0.00431849
0.00242915
0.0882591