0.00731452
0.0282132
0.0417973
0.0386625
0.0386625
0.0344828
0.0271682
0.0292581
0.0208986
0.0292581
0.0177638
0.0229885
0.0198537
0.014629
0.0208986
0.00417973
0.00940439
0.00835946
0.00835946
0.00522466
0.00522466
0.0282132
0.00208986
0.00522466
0.015674
0.00940439
0.015674
0.0135841
0.0229885
0.00208986
0.00731452
0.00208986
0.015674
0.00417973
0.0135841
0.0031348
0.00940439
0.00208986
0.00417973
0.00208986
0.00104493
0.00104493
0
0.0804598
0
0
0
0.00208986
0.00208986
0.00417973
0.00417973
0.00522466
0.00104493
0.00835946
0.00104493
0.0031348
0.00104493
0.00626959
0.0031348
0
0
0.00417973
0
0
0.00626959
0
0
0.00208986
0.00104493
0
0
0.00208986
0
0.00208986
0.00104493
0
0
0.00208986
0.00208986
0.00104493
0.00104493
0
0
0
0
0.00208986
0
0
0
0
0
0
0.00104493
0
0
0
0.00104493
0
0
0.00208986
0
0.00104493
0.00104493
0
0
0.00104493
0.00208986
0
0
0.00104493
0
0
0
0.0031348
0
0.00104493
0
0.00208986
0
0.00104493
0
0
0
0
0
0
0
0
0.0125392
0
0
0
0.00522466
0.00104493
0.00208986
0
0
0
0
0.0031348
0.00104493
0.00104493
0.00208986
0.00104493
0
0
0
0
0
0.00208986
0
0
0
0.00104493
0
0
0
0
0
0
0
0
0.00104493
0
0
0
0
0
0
0
0.00208986
0
0
0
0
0
0
0
0
0
0
0
0
0
0
0
0
0
0
0
0
0.0031348
0
0
0
0
0
0
0
0
0
0.00104493
0
0
0
0
0
0
0
0
0
0
0
0.0167189
0
0
0
0
0
0
0
0.00208986
0
0
0
0
0
0
0
0
0
0
0.00104493
0.00208986
0.00208986
0.00104493
0
0.00104493
0
0.00417973
0.00104493
0.00104493
0.00208986
0.00208986
0.00104493
0
0.00208986
0.00104493
0.00104493
0.00626959
0.00417973
0.00522466
0.0114943
0.00417973
0.00731452
0.0992685