0
0.00244678
0.00660631
0.00513824
0.00415953
0.0056276
0.00391485
0.0034255
0.00367017
0.0034255
0.00171275
0.00464889
0.00391485
0.00880842
0.0078297
0.0090531
0.0078297
0.00929777
0.0124786
0.0129679
0.014436
0.0234891
0.0254465
0.0300954
0.0367017
0.0337656
0.0411059
0.0391485
0.0305848
0.0391485
0.0408613
0.0320529
0.0269146
0.0227551
0.0198189
0.021287
0.0185955
0.013702
0.00685099
0.0090531
0.00685099
0.00513824
0.00318082
0.084414
0.00244678
0.000978713
0.00146807
0.000244678
0.000734035
0.000489357
0.000978713
0.000489357
0.000734035
0.000489357
0
0
0
0.000734035
0
0
0
0.000489357
0
0
0
0.000244678
0
0.000244678
0.000244678
0
0
0
0
0
0
0
0
0
0
0
0.000244678
0
0
0
0
0
0
0
0
0
0
0
0
0
0
0
0
0
0
0
0
0
0
0
0
0
0
0
0
0
0
0
0.000489357
0
0
0
0
0
0
0
0
0
0
0
0
0.000244678
0
0
0.0107658
0
0
0
0
0
0
0
0
0
0
0
0
0
0
0
0
0
0
0
0
0
0.000244678
0
0
0
0
0
0
0
0.000244678
0
0
0
0
0.000489357
0.000244678
0
0.000244678
0.000244678
0
0
0.000244678
0
0
0
0
0
0
0
0
0
0
0
0
0
0
0
0
0
0
0
0
0
0
0.000244678
0
0
0
0
0
0
0.000244678
0
0
0
0
0
0
0.000244678
0
0.000244678
0
0
0.000244678
0.00489357
0
0
0
0
0
0
0
0
0
0
0
0
0
0
0
0
0
0
0
0
0
0
0
0.000489357
0
0
0
0
0
0.000244678
0
0.000244678
0
0
0
0.000489357
0.000244678
0
0.000244678
0.000489357
0.000489357
0.223881