0
0
0
0
0.000299491
0
0.000299491
0.000598982
0
0.000299491
0.000299491
0.000299491
0.000299491
0
0.000898473
0
0.000299491
0.00119796
0.000299491
0.000598982
0
0.00359389
0
0
0.000898473
0
0.000299491
0.000299491
0.00179695
0
0
0.000299491
0.000898473
0
0.000299491
0.000299491
0
0
0
0
0
0
0
0.00269542
0
0
0.000299491
0.000299491
0.000299491
0.000299491
0
0
0
0.000299491
0
0.000299491
0.000299491
0.000598982
0
0.000299491
0.000299491
0
0
0
0.00119796
0
0.000299491
0
0.000598982
0
0
0.000598982
0.000299491
0
0.000299491
0
0.000299491
0
0
0
0
0.000299491
0
0
0
0.00179695
0
0
0
0
0
0
0.000299491
0
0
0
0.00119796
0
0
0.000598982
0
0
0.000299491
0
0.000598982
0
0.00179695
0.000299491
0
0.000299491
0.000299491
0.000598982
0
0.000598982
0
0.000299491
0
0
0
0
0.000598982
0.000299491
0
0.000299491
0
0
0
0
0.00449236
0
0.000898473
0.000299491
0.000898473
0.000299491
0.000898473
0.00149745
0.00299491
0.00119796
0.00449236
0.00149745
0.00149745
0.00209644
0.00359389
0.00389338
0.00239593
0.00838574
0.00838574
0.00449236
0.00239593
0.0104822
0.00808625
0.00778676
0.00778676
0.015274
0.00898473
0.0101827
0.017071
0.00808625
0.015274
0.0122791
0.00539084
0.0065888
0.0251572
0.0197664
0.0140761
0.00688829
0.00449236
0.00389338
0.00449236
0
0.152141
0
0.00119796
0.000598982
0.00179695
0.00299491
0.00359389
0.00539084
0
0.0113807
0.000299491
0.0242588
0.000898473
0.000299491
0.0491165
0.000299491
0.000598982
0.00808625
0.00119796
0.000898473
0
0.0733753
0
0
0.000299491
0
0.00569033
0
0.0524109
0
0
0.000299491
0.00778676
0
0.00179695
0.000898473
0
0
0
0
0
0
0
0.0784666
0
0
0.000299491
0.000299491
0
0.000299491
0
0.00419287
0
0.0224618
0
0.000598982
0
0.0185684
0.000299491
0
0.0206649
0
0
0
0.0464211
0
0
0.00149745
0.0266547
0
0.000299491
0.0218628
0
0.00119796
0.00928422
0
0
0.0116801
0.00598982
0.000299491
0
0
0.000299491
0
0
0.01767