0
0.011034
0.0290038
0.0580076
0.054855
0.0372005
0.0249054
0.0236444
0.0148172
0.0239596
0.0075662
0.0249054
0.0107188
0.011034
0.0349937
0.00535939
0.00315259
0.00882724
0.00441362
0.00441362
0.00283733
0.0662043
0.00283733
0.0037831
0.00346784
0.000630517
0.00662043
0.000945776
0.0198613
0.00126103
0.00315259
0.000630517
0.00693569
0.000315259
0.00346784
0.00220681
0
0.000945776
0.000945776
0.000945776
0
0
0
0.0876419
0
0
0.000315259
0
0.000315259
0.000630517
0.00189155
0.0037831
0
0.00851198
0
0.000630517
0
0.0100883
0
0
0.00315259
0.000630517
0
0
0.017024
0
0
0
0.00189155
0.000315259
0
0.0075662
0
0
0.00220681
0
0
0
0.000315259
0
0
0.000315259
0
0
0
0.028058
0
0
0
0
0
0
0.000315259
0
0.000630517
0
0.00220681
0
0
0.00725095
0
0
0.000630517
0
0
0
0.0113493
0
0
0.000315259
0
0.00189155
0.000945776
0.00788146
0.000315259
0.000945776
0
0.00315259
0.000945776
0.00283733
0.00157629
0.000315259
0.00189155
0.000630517
0
0.000945776
0
0
0.0375158
0
0
0
0
0
0.000315259
0.000315259
0.000630517
0
0.00157629
0
0
0
0.00189155
0
0.000315259
0.000630517
0
0
0
0.00189155
0
0
0
0
0
0
0.000945776
0
0
0
0
0
0
0
0
0
0
0
0
0
0.00409836
0
0
0
0
0
0
0
0
0
0
0
0
0
0
0
0
0
0
0
0
0.000630517
0
0
0
0
0
0
0.000315259
0
0
0
0
0
0
0
0
0
0
0
0
0
0
0.00662043
0
0
0
0
0
0
0
0
0
0.000315259
0
0
0
0
0
0
0
0
0
0
0.00598991
0
0
0.000315259
0
0.000315259
0
0.00283733
0
0.000315259
0.00220681
0
0.000315259
0.000630517
0.00189155
0.000315259
0.00252207
0.00157629
0.000315259
0.000315259
0
0.179067