0
0.0021645
0.0194805
0.021645
0.0194805
0.017316
0.025974
0.017316
0.0238095
0.034632
0.00649351
0.025974
0.0151515
0.021645
0.034632
0.0021645
0.0108225
0.012987
0.00649351
0.00649351
0.0021645
0.0367965
0
0.00649351
0.004329
0.0021645
0.0108225
0
0.0281385
0.0021645
0.004329
0.0021645
0.004329
0.0021645
0.0108225
0.0021645
0.0021645
0
0
0
0
0
0
0.047619
0
0
0
0
0
0.0021645
0.0021645
0
0
0
0
0.004329
0
0.0108225
0
0
0.004329
0.0021645
0
0
0.004329
0
0
0
0.0021645
0.0021645
0
0.00649351
0
0
0
0
0
0
0
0
0
0
0
0
0
0.0194805
0
0
0
0
0
0
0
0
0
0.0021645
0.004329
0
0
0.00865801
0
0
0
0.0021645
0
0
0.00865801
0
0
0
0
0.004329
0.0021645
0.004329
0
0
0
0.0021645
0
0.0021645
0.0021645
0
0
0
0.0021645
0
0
0
0.0281385
0
0
0
0
0
0
0.004329
0.0021645
0
0
0
0
0
0.00649351
0.0021645
0
0
0
0
0
0.0151515
0
0
0.0021645
0.0021645
0.0021645
0
0.004329
0
0
0.0021645
0
0
0.0021645
0
0
0
0
0
0
0
0.0238095
0
0
0
0
0
0
0
0
0
0
0
0
0
0.00649351
0
0
0
0
0
0
0.0021645
0.0021645
0
0
0
0
0.0021645
0
0.0021645
0
0
0.0021645
0
0
0.0021645
0.0021645
0
0.0021645
0
0
0
0
0.0108225
0
0.0021645
0
0
0
0
0
0.004329
0.0021645
0.0021645
0
0.0021645
0
0
0
0
0.004329
0
0
0.0021645
0.004329
0.00649351
0
0
0.004329
0
0.004329
0.00865801
0.004329
0.00649351
0.0021645
0
0.004329
0.0151515
0.0021645
0.00649351
0.00649351
0.004329
0.012987
0.0108225
0
0.145022