0.0047619
0.0304762
0.0447619
0.0409524
0.0219048
0.0228571
0.0257143
0.0180952
0.02
0.0142857
0.012381
0.00761905
0.0161905
0.0142857
0.0142857
0.0219048
0.0171429
0.0295238
0.0219048
0.02
0.0104762
0.0295238
0.0104762
0.0133333
0.0133333
0.0180952
0.0152381
0.0171429
0.0247619
0.00666667
0.00952381
0.00952381
0.0142857
0.0104762
0.00666667
0.0114286
0.00761905
0.00761905
0.0104762
0.00285714
0.00285714
0.000952381
0
0.0428571
0
0.000952381
0.00285714
0.000952381
0.000952381
0.000952381
0.000952381
0
0.00285714
0.00380952
0
0.000952381
0.00190476
0.000952381
0.000952381
0
0
0.000952381
0
0
0
0
0
0
0
0
0
0.000952381
0
0
0.000952381
0
0.000952381
0
0.000952381
0.000952381
0
0.000952381
0
0
0
0.00190476
0
0
0
0
0.000952381
0.000952381
0
0
0
0.000952381
0.000952381
0
0
0
0.000952381
0
0
0.000952381
0.000952381
0.000952381
0.000952381
0.000952381
0.000952381
0
0
0.000952381
0
0.000952381
0.000952381
0
0
0.000952381
0
0.000952381
0.000952381
0
0
0.000952381
0
0
0
0
0.00761905
0
0
0
0
0
0
0
0
0
0
0
0
0
0
0
0
0
0
0
0.000952381
0
0
0.000952381
0
0
0.000952381
0
0
0
0
0
0
0
0
0.000952381
0.000952381
0
0
0
0
0
0.000952381
0
0
0
0
0
0
0
0
0
0
0
0
0
0
0
0
0
0
0
0
0.000952381
0
0
0
0
0
0.000952381
0
0
0.000952381
0.000952381
0
0.000952381
0
0
0
0
0
0
0
0
0
0.00666667
0
0
0
0
0
0
0.000952381
0.000952381
0.000952381
0.000952381
0.000952381
0
0.000952381
0.000952381
0.00285714
0.000952381
0.000952381
0
0.000952381
0
0.000952381
0.000952381
0
0
0.00285714
0.00380952
0.00285714
0.00380952
0.00380952
0.00190476
0.0047619
0.000952381
0.00285714
0.0047619
0.00285714
0.00380952
0.00857143
0.00571429
0.00857143
0.00285714
0.00952381
0.126667