0
0.0202569
0.0390316
0.0434783
0.0301383
0.0256917
0.0197628
0.0271739
0.0123518
0.0128458
0.00296443
0.0133399
0.00741107
0.00494071
0.00938735
0.00247036
0.00247036
0.00395257
0.00395257
0.000988142
0.000494071
0.0118577
0.000988142
0.0034585
0.0034585
0.0034585
0.006917
0.00197628
0.00790514
0.000988142
0.000988142
0.00148221
0.0034585
0.000988142
0.0034585
0.000494071
0.000988142
0.00197628
0
0
0
0
0
0.0261858
0
0
0
0
0
0.000988142
0.000494071
0.000494071
0
0.00296443
0.000494071
0
0
0.00247036
0
0
0.000988142
0
0
0
0.00592885
0
0.000494071
0
0.000494071
0
0
0.000988142
0
0
0.00148221
0
0
0.000494071
0
0
0.000494071
0
0
0
0
0.0177866
0
0
0
0
0
0.000494071
0.000988142
0
0.000988142
0
0.00444664
0.000988142
0
0.0034585
0
0
0.00148221
0
0
0
0.00839921
0
0
0
0.000494071
0.00247036
0
0.006917
0
0.000494071
0
0.00642292
0.000988142
0.00741107
0.00444664
0.00296443
0.00148221
0.000988142
0
0.00148221
0.000494071
0
0.0523715
0
0.000494071
0.000988142
0.00148221
0.00197628
0.00197628
0.00395257
0.00296443
0.000494071
0.00543478
0.000494071
0.000494071
0
0.00543478
0.00197628
0
0.00247036
0.00395257
0
0
0.0281621
0
0.00148221
0.000494071
0.00444664
0.000494071
0.000494071
0.00889328
0
0.000988142
0.0034585
0
0
0.00148221
0.00148221
0.000494071
0
0
0
0
0
0.0192688
0
0.000494071
0.00296443
0.00247036
0.00444664
0.00197628
0.0113636
0.00444664
0.00741107
0.0034585
0.00444664
0.00592885
0.00395257
0.00494071
0.00197628
0.000494071
0.00148221
0.000988142
0.000494071
0
0.00741107
0
0
0.000494071
0.000988142
0.00296443
0.00296443
0.00296443
0
0.000988142
0.000988142
0.0034585
0.00148221
0.00148221
0
0.000494071
0
0.00247036
0.000494071
0
0
0
0.0133399
0
0
0
0.00197628
0.00197628
0.00148221
0.000988142
0.00148221
0.00148221
0.00247036
0.000988142
0.00444664
0.000494071
0.00642292
0.00296443
0
0.00247036
0.00197628
0.00148221
0.000988142
0.0118577
0.00247036
0.00148221
0.00197628
0.00148221
0.000494071
0.00247036
0.00642292
0.00296443
0.00543478
0.00592885
0.000988142
0.00395257
0.00444664
0.00592885
0.006917
0.00642292
0.0128458
0.00741107
0.0177866
0
0.131423