0
0.0279167
0.03125
0.025
0.0225
0.01625
0.0120833
0.0116667
0.0116667
0.0108333
0.00166667
0.01125
0.00791667
0.00708333
0.0233333
0.00416667
0.00291667
0.0158333
0.00458333
0.00416667
0.00166667
0.03875
0.0025
0.00375
0.00625
0.00208333
0.01
0.00333333
0.0175
0
0.00125
0.000833333
0.00958333
0.000416667
0.00541667
0.00125
0.000833333
0
0
0
0
0
0
0.0491667
0
0
0
0
0
0
0
0.000416667
0
0.000833333
0
0.000833333
0
0.00291667
0
0
0.000833333
0.000416667
0.000416667
0
0.0108333
0
0
0
0.000833333
0
0
0.00166667
0
0.000416667
0.000833333
0
0
0
0.000416667
0.000416667
0.000416667
0
0
0
0
0.01
0
0
0
0.000416667
0.000416667
0
0.00166667
0
0.00291667
0
0.00166667
0.000416667
0.000416667
0.00125
0.000416667
0.000416667
0.00166667
0.000416667
0.000833333
0
0.00791667
0
0.000416667
0.00166667
0.000416667
0.00375
0.00208333
0.00458333
0
0.00125
0
0.00375
0.000416667
0.00333333
0.00458333
0.00333333
0.00166667
0.00125
0.00125
0
0.000833333
0
0.04375
0
0.00125
0.00166667
0.00208333
0.00166667
0.00125
0.00166667
0.00416667
0.00166667
0.0025
0.000833333
0.00625
0
0.0166667
0.0170833
0.00166667
0.0241667
0.0279167
0.0116667
0
0.0641667
0.000833333
0.0225
0.0116667
0.0120833
0.00666667
0.0025
0.01125
0.000416667
0.0025
0.00625
0
0.000416667
0.00333333
0.000833333
0.000416667
0.000416667
0
0
0
0
0.0204167
0
0
0
0
0
0
0
0
0
0
0.000833333
0.000416667
0
0.00166667
0
0.000416667
0
0
0
0
0.00166667
0
0
0
0
0
0
0.00166667
0
0
0
0.00166667
0
0.000416667
0.000416667
0.000833333
0
0.00125
0
0
0
0
0.00833333
0
0
0
0
0.000833333
0
0.000416667
0
0
0
0
0.000416667
0
0.00291667
0.000833333
0
0
0.000416667
0.000416667
0
0.00625
0.000833333
0.000833333
0.00125
0.00208333
0.00208333
0.00125
0.0025
0.000833333
0.0025
0.00416667
0.00125
0.00208333
0.00333333
0.00416667
0.00375
0.00541667
0.00458333
0.00416667
0.00791667
0.00666667
0.0770833