0
0.00378788
0.00094697
0.00094697
0.00284091
0.00189394
0
0.00378788
0
0.00189394
0
0.00284091
0.00094697
0
0.00189394
0.00189394
0.00284091
0.00189394
0.00094697
0.00094697
0.00094697
0.00473485
0.00094697
0.00094697
0.00189394
0.00094697
0.00568182
0.00189394
0.00189394
0.00189394
0.00284091
0.00189394
0.00568182
0
0.00284091
0.00568182
0.00378788
0.00568182
0.00284091
0.00662879
0.00757576
0.00189394
0
0.0416667
0.00094697
0.00189394
0.00662879
0.0094697
0.00378788
0.00378788
0.00662879
0.00757576
0.00473485
0.00189394
0
0.00662879
0.00189394
0.00852273
0.00378788
0
0.00568182
0.00662879
0.00094697
0
0.00662879
0.00189394
0.00094697
0.00284091
0.00473485
0.00284091
0.00189394
0.00568182
0.00189394
0.00189394
0.00473485
0.00094697
0.00094697
0.00094697
0.00094697
0.00284091
0.00189394
0
0
0
0
0.0170455
0
0
0
0.00189394
0
0
0.00284091
0.00189394
0.00284091
0
0.00568182
0.00284091
0.00094697
0.0104167
0
0.00189394
0.00189394
0.00284091
0
0
0.0113636
0
0.00094697
0
0
0.00189394
0
0.00473485
0
0
0
0
0
0.00189394
0.00094697
0.00189394
0.00094697
0.00094697
0.00094697
0
0
0
0.0179924
0
0
0.00094697
0.00189394
0.00094697
0.00094697
0.00284091
0.00094697
0.00189394
0.00662879
0.00094697
0.00189394
0
0.00189394
0.00189394
0
0.00284091
0.00284091
0.00284091
0.00662879
0.0123106
0.0123106
0.0094697
0.0151515
0.0208333
0.0454545
0.0359848
0.0558712
0.110795
0.0539773
0.0246212
0.03125
0.0151515
0.0151515
0.0094697
0.00662879
0.00662879
0.00473485
0.0104167
0.00284091
0.00284091
0.0104167
0.00094697
0
0.00189394
0
0.00189394
0.00189394
0.00189394
0.00094697
0.00094697
0.00094697
0
0.00094697
0
0.00189394
0
0.00094697
0
0.00094697
0.00094697
0
0.00094697
0.00094697
0
0.00284091
0
0.00189394
0.00189394
0
0.00094697
0
0
0.00094697
0.00189394
0
0.00284091
0.00094697
0.00094697
0
0
0
0
0
0.00094697
0.00284091
0.00284091
0
0
0.00094697
0
0.00094697
0.00094697
0
0.00094697
0.00094697
0
0.00094697
0.00189394
0.00189394
0
0.00094697
0.00284091
0.00189394
0
0.00284091
0
0.00094697
0.00189394
0.00189394
0
0
0.00094697
0
0
0.00094697
0
0.00094697
0
0
0.00094697
0
0
0
0
0
0.0170455