0
0
0
0.00189036
0.00378072
0
0.00378072
0.00189036
0
0
0
0.00378072
0
0
0.00189036
0
0
0
0.00189036
0.00189036
0.00189036
0
0
0.00189036
0
0
0
0
0
0
0
0
0
0
0
0
0
0
0
0
0
0
0
0
0
0
0
0.00189036
0
0
0
0
0
0
0
0
0
0
0
0
0
0
0
0
0
0
0
0
0
0
0
0
0
0
0
0
0
0
0
0
0
0
0
0
0
0
0
0
0
0
0
0
0
0
0
0
0
0
0
0
0
0
0
0
0
0
0
0
0
0
0
0
0
0
0
0
0
0
0
0
0
0
0
0
0
0
0
0
0
0
0
0
0
0
0
0
0
0
0
0.00189036
0
0
0
0
0
0.00378072
0
0.00378072
0.00378072
0.00756144
0.00756144
0.0151229
0.0226843
0.020794
0.0302457
0.0434783
0.0586011
0.0661626
0.126654
0.126654
0.0831758
0.0396975
0.0302457
0.0245747
0.0302457
0.00756144
0.0189036
0.00756144
0.0094518
0
0.0170132
0.00567108
0.00756144
0.00378072
0.00756144
0.00378072
0.00567108
0.00189036
0.00567108
0.00378072
0.00189036
0.00567108
0.00189036
0.00189036
0.00189036
0.00189036
0
0.00189036
0.00189036
0.00378072
0
0.00189036
0
0.00378072
0.00189036
0.00189036
0.00378072
0.00189036
0.00378072
0
0
0
0
0
0.00189036
0.00567108
0
0
0
0.00189036
0
0
0
0.00189036
0
0
0
0.00189036
0
0.00189036
0.00378072
0
0.00189036
0
0.00378072
0
0
0
0.00189036
0
0
0.00189036
0
0.00189036
0.00189036
0
0
0.00189036
0
0.00189036
0
0.00189036
0
0.00189036
0
0.00378072
0.00189036
0.00567108
0.00567108
0.0094518
0.00189036
0
0.00378072
0
0
0.00756144