0
0
0
0.000892061
0.00594707
0.0145703
0.00951531
0.00773119
0.00327089
0.0187333
0.00118941
0.0115968
0.0083259
0.0038656
0.01011
0.000297354
0.00267618
0.00297354
0.00237883
0.000892061
0
0.0044603
0
0
0
0
0.000892061
0
0.000297354
0
0
0
0
0
0
0
0
0
0
0
0
0
0
0.000892061
0
0
0
0
0
0
0
0
0
0
0
0
0
0
0
0
0
0
0
0
0
0
0
0
0
0
0
0
0
0
0
0
0
0
0
0
0
0
0
0
0
0.000297354
0
0
0
0
0
0
0
0
0
0
0
0
0
0
0
0
0
0
0
0
0
0
0
0
0
0
0
0
0
0
0
0
0
0
0
0
0
0
0
0
0
0
0.000594707
0
0
0
0
0.000297354
0
0
0
0
0
0
0.000297354
0
0
0
0
0
0.000594707
0
0.000594707
0.00505501
0.00356824
0.0044603
0.00713649
0.0124888
0.00773119
0.0163544
0.0187333
0.0196253
0.0276539
0.0398454
0.0627416
0.053821
0.170086
0.0484686
0.0508475
0.0184359
0.0110021
0.00743384
0.00327089
0
0.0484686
0
0
0.00237883
0.00475766
0.00624442
0.00178412
0.00297354
0.00118941
0.0044603
0
0.0044603
0.00148677
0.000297354
0.00713649
0.000594707
0.00178412
0.00208147
0.000892061
0.000594707
0
0.00654178
0
0
0.00148677
0
0.00148677
0.000594707
0.0038656
0
0.00118941
0
0.00178412
0
0.00118941
0.000594707
0.000892061
0
0
0
0
0
0
0.0184359
0
0
0
0
0
0.000297354
0
0.00267618
0
0.00327089
0
0.000297354
0
0.0083259
0.000297354
0
0.00237883
0
0
0
0.0163544
0
0.000594707
0.00118941
0.00208147
0.000594707
0.000297354
0.0115968
0
0.00267618
0.00921796
0
0.000297354
0.00773119
0.0038656
0.00505501
0.00148677
0.000594707
0
0
0
0.0862325