0
0
0
0.0010582
0.0021164
0.0026455
0.0010582
0.0047619
0.0010582
0.00793651
0
0.00687831
0.0042328
0.0015873
0.0121693
0.0026455
0.0015873
0.0031746
0.0026455
0.0037037
0.0015873
0.0153439
0
0.0010582
0.0021164
0.000529101
0.0037037
0.0042328
0.0037037
0.0010582
0.0042328
0.0010582
0.00634921
0.0010582
0.0026455
0
0.0015873
0.0015873
0.000529101
0
0
0
0
0.026455
0
0
0
0.0010582
0
0.0010582
0.0015873
0.0021164
0.0010582
0.0010582
0
0.0010582
0
0.0037037
0.0015873
0
0.000529101
0.0015873
0
0
0.00687831
0
0
0
0.0015873
0.000529101
0.000529101
0.0010582
0
0
0
0.000529101
0.000529101
0.0010582
0.0010582
0
0.000529101
0.0010582
0
0
0
0.00952381
0
0
0
0.000529101
0
0.000529101
0.0015873
0
0.0010582
0
0.0021164
0
0.000529101
0.0021164
0
0.0010582
0.0021164
0.0010582
0.0015873
0
0.0042328
0
0.000529101
0.0010582
0.000529101
0.0010582
0
0.0031746
0
0.000529101
0
0.0031746
0.0010582
0.0015873
0.0010582
0.000529101
0
0
0.000529101
0.0010582
0
0
0.0343915
0
0.000529101
0.000529101
0.0015873
0.000529101
0.0031746
0.0047619
0.00529101
0.0015873
0.0042328
0.0047619
0.00582011
0.0042328
0.0121693
0.00582011
0.0026455
0.0116402
0.00687831
0.00899471
0.00582011
0.0195767
0.010582
0.0137566
0.0111111
0.0169312
0.0121693
0.021164
0.0333333
0.0243386
0.0661376
0.062963
0.0417989
0.0417989
0.042328
0.0243386
0.0100529
0.00740741
0.00687831
0.0026455
0.0026455
0
0.0333333
0
0
0.0015873
0.0021164
0.0021164
0.0015873
0.0015873
0.000529101
0.0047619
0.000529101
0.0015873
0.0010582
0.0010582
0.0042328
0.0010582
0
0.0010582
0.000529101
0.0015873
0.0010582
0.0047619
0
0
0.0010582
0.000529101
0.0015873
0
0.0047619
0
0.0021164
0
0.0026455
0
0.0010582
0.000529101
0.000529101
0.000529101
0
0.000529101
0
0
0
0.00952381
0
0
0.0015873
0.000529101
0.0010582
0
0.000529101
0.0010582
0.000529101
0.0010582
0
0.0010582
0
0.0047619
0.000529101
0
0.0015873
0.000529101
0
0
0.00634921
0.000529101
0.0015873
0
0
0.0010582
0.000529101
0.00687831
0.0015873
0.0015873
0.0037037
0.000529101
0.0015873
0.0026455
0.0021164
0.0010582
0.0021164
0.0031746
0.0021164
0.000529101
0
0.0428571