0
0
0
0
0.00127551
0.00382653
0.00340136
0.00382653
0.00042517
0.0085034
0.00042517
0.00977891
0.00212585
0.00085034
0.0106293
0.00170068
0.00170068
0.00255102
0.00297619
0.00042517
0
0.00637755
0
0.00085034
0
0
0.00042517
0
0.00042517
0
0
0
0
0
0
0
0
0
0
0
0
0
0
0.00170068
0
0
0
0
0
0
0
0
0
0
0
0
0
0
0
0
0
0
0
0
0.00085034
0
0
0
0
0
0
0
0
0
0
0
0
0
0
0
0
0
0
0
0
0
0
0
0
0
0
0
0
0
0
0
0
0
0
0
0
0
0
0
0
0
0.00042517
0
0
0
0
0
0
0.00042517
0
0
0
0
0
0
0
0
0
0
0
0
0
0
0.00170068
0
0
0
0
0
0
0
0
0
0
0
0
0
0
0
0
0
0
0
0
0.00127551
0.00127551
0.00382653
0.00552721
0.00467687
0.0114796
0.0165816
0.0238095
0.0208333
0.0361395
0.0548469
0.0807823
0.0684524
0.169643
0.0488946
0.0344388
0.0182823
0.0144558
0.00935374
0.00382653
0
0.0548469
0
0
0.00255102
0.00595238
0.00595238
0.00297619
0.00212585
0.00212585
0.00170068
0.00042517
0.00255102
0.00212585
0
0.00722789
0
0.00170068
0.00382653
0
0.00297619
0
0.0131803
0
0
0.00127551
0
0.00127551
0.00127551
0.0085034
0
0.00170068
0
0.00552721
0
0.00042517
0.00042517
0.00042517
0.00042517
0
0
0
0
0
0.0221088
0
0
0
0
0
0
0.00042517
0.00042517
0
0.00297619
0
0.00085034
0
0.0110544
0
0
0.00085034
0.00042517
0
0
0.0216837
0
0
0.00085034
0.00297619
0
0
0.0144558
0.00042517
0.00042517
0.00977891
0
0
0.00722789
0.0042517
0.00212585
0.00170068
0.00085034
0
0
0
0.0646259