0
0.000692425
0.00110788
0.00290818
0.00346212
0.00193879
0.00249273
0.00263121
0.00166182
0.00304667
0.00166182
0.00332364
0.00304667
0.0027697
0.00595485
0.00360061
0.00373909
0.00595485
0.00429303
0.0055394
0.00498546
0.0109403
0.00387758
0.00470849
0.00526243
0.00304667
0.0083091
0.00650879
0.00872455
0.00401606
0.00609334
0.00623182
0.00678576
0.00775516
0.00581637
0.00526243
0.00415455
0.00415455
0.00332364
0.00235424
0.00152333
0.000415455
0
0.0198034
0.000138485
0.000969395
0.00166182
0.000692425
0.00235424
0.00193879
0.00332364
0.00249273
0.00083091
0.00221576
0.00027697
0.00235424
0.000138485
0.00484697
0.00110788
0.000415455
0.00318515
0.0018003
0.000138485
0
0.00346212
0
0.000138485
0.00083091
0.00083091
0.00055394
0.000415455
0.00221576
0.00027697
0.00055394
0.00152333
0
0.000415455
0.000969395
0.000692425
0.00027697
0.00027697
0
0.000138485
0.000138485
0
0.00318515
0
0
0.000138485
0.000138485
0.000415455
0.00055394
0.00027697
0
0.00055394
0.000138485
0.00110788
0.00055394
0
0.00152333
0.000138485
0.000692425
0.000415455
0.00027697
0.00027697
0.000692425
0.00110788
0
0.000138485
0.00055394
0.000415455
0.000969395
0.00083091
0.00152333
0.00055394
0.000969395
0.00027697
0.00110788
0.000415455
0.00110788
0.00110788
0.00138485
0.00083091
0.00110788
0.00083091
0.000969395
0.000692425
0
0.0275585
0.000138485
0.000692425
0.00138485
0.00124636
0.00110788
0.00263121
0.00304667
0.00263121
0.00152333
0.00249273
0.00346212
0.00332364
0.00401606
0.00401606
0.00387758
0.00387758
0.00692425
0.00526243
0.00540091
0.0055394
0.0102479
0.00761667
0.00858607
0.0112173
0.0121867
0.023127
0.164936
0.181692
0.0256197
0.0192494
0.0138485
0.0119097
0.00803213
0.00955546
0.00526243
0.00498546
0.00373909
0.00332364
0.00221576
0.00166182
0.0018003
0.00429303
0.00138485
0.00083091
0.0018003
0.000692425
0.00166182
0.000969395
0.00152333
0.00110788
0.00124636
0.000969395
0.00110788
0.00124636
0.000692425
0.00138485
0.000692425
0.00083091
0.00110788
0.000969395
0.000969395
0.000692425
0.00138485
0.00027697
0.00027697
0.000138485
0.000692425
0.00110788
0.00027697
0.000692425
0.00055394
0.000138485
0
0.00083091
0
0.00027697
0
0.00055394
0
0.000415455
0.00027697
0.00027697
0
0
0.00761667
0.00027697
0
0
0.000415455
0
0
0
0
0.000138485
0.000415455
0.00027697
0.000138485
0.000138485
0.00055394
0.000692425
0.000415455
0.000415455
0.000138485
0.00027697
0
0.00138485
0.000692425
0.00083091
0.000138485
0.000415455
0.00083091
0.000415455
0.00055394
0.00027697
0.000969395
0.000969395
0.00027697
0.00055394
0.00055394
0.000969395
0.000692425
0.00055394
0.000692425
0.00027697
0.000415455
0
0.0538707