0
0.000162285
0.00032457
0.00146056
0.00097371
0.00097371
0.00113599
0.00097371
0.000486855
0.00129828
0.00113599
0.00194742
0.00113599
0.00113599
0.00129828
0.00064914
0.00097371
0.00113599
0.00162285
0.000486855
0.00097371
0.0021097
0.00064914
0.00064914
0.00113599
0.000811425
0.00113599
0.00064914
0.00146056
0.00064914
0.00162285
0.00129828
0.00097371
0.000486855
0.00032457
0.000811425
0.00097371
0.00064914
0.00032457
0.00064914
0.000162285
0.000811425
0
0.0131451
0.00032457
0.000162285
0.000486855
0.000162285
0.00032457
0.000162285
0.000162285
0.00032457
0.000162285
0.00032457
0.000162285
0
0.000162285
0.000162285
0.00032457
0.000162285
0.000162285
0.000486855
0.000162285
0
0.00129828
0
0.000162285
0.000162285
0.000162285
0.00032457
0.00032457
0.00129828
0.000162285
0.00032457
0.00032457
0
0.000162285
0.00032457
0
0.000162285
0
0.000162285
0
0
0
0.00292113
0
0
0
0
0
0
0.000486855
0
0.00064914
0
0.00032457
0.000162285
0
0.000486855
0.00032457
0.00032457
0.000162285
0.00032457
0.000162285
0.000162285
0.00129828
0
0.000162285
0.000162285
0.00032457
0.00064914
0.000162285
0.00113599
0.000162285
0.00064914
0
0.00113599
0.000811425
0.00032457
0.000811425
0.000486855
0.000162285
0.00064914
0.000486855
0.000162285
0.00032457
0
0.0172022
0
0.00129828
0.000811425
0.00162285
0.00162285
0.00162285
0.00357027
0.00292113
0.0021097
0.00503083
0.00259656
0.00438169
0.00454398
0.0053554
0.00697825
0.00454398
0.0120091
0.00762739
0.0100617
0.0118468
0.0305096
0.0266147
0.0266147
0.0271016
0.0331061
0.0355404
0.0494969
0.141026
0.217949
0.0655631
0.0201233
0.0118468
0.00989938
0.0108731
0.00714054
0.00438169
0.00470626
0.00373255
0.00227199
0.00162285
0.000486855
0.0181759
0.00032457
0.000486855
0.00097371
0.00113599
0.00113599
0.000486855
0.00178513
0.00097371
0.00146056
0.000162285
0.000811425
0.000811425
0.000162285
0.00146056
0.000162285
0.00064914
0.00113599
0.00032457
0.000486855
0.000486855
0.0032457
0.000162285
0.00032457
0.00032457
0.000162285
0.000162285
0.00032457
0.00097371
0
0
0
0.000811425
0.000162285
0.000486855
0.00032457
0.00032457
0
0
0.000162285
0
0
0
0.00567997
0
0
0
0.000486855
0.00032457
0.00032457
0.000162285
0.00032457
0
0.00032457
0.000162285
0
0.000162285
0.000486855
0
0
0.00064914
0.000162285
0
0.000162285
0.00129828
0
0.000162285
0.000811425
0.000162285
0.00032457
0.000486855
0.00097371
0
0.000486855
0.00146056
0
0
0
0.000486855
0.00032457
0.000486855
0.000811425
0.000811425
0
0.000162285
0.023369