0
0.00132275
0.0026455
0.0026455
0.0026455
0.00132275
0.00396825
0
0
0
0.00396825
0
0.00661376
0
0
0
0.0026455
0.00132275
0.00132275
0.00132275
0
0.00132275
0
0.00132275
0.00132275
0.0026455
0
0
0
0
0
0
0.00132275
0
0
0
0.00132275
0
0
0
0
0
0
0
0
0
0
0
0
0
0
0
0.00132275
0
0
0
0
0
0
0
0
0
0
0
0
0
0
0
0
0.00132275
0
0
0
0
0
0
0
0
0
0
0
0
0
0
0
0
0
0
0
0
0
0
0
0
0
0
0.00132275
0
0
0
0
0
0
0
0
0
0
0
0
0
0
0
0
0
0
0
0
0
0
0
0
0
0
0
0
0
0
0
0
0
0
0
0
0
0
0
0
0
0
0
0
0
0.0026455
0.0026455
0
0
0.00132275
0.0026455
0.00529101
0.00793651
0.010582
0.00925926
0.021164
0.0291005
0.0304233
0.0410053
0.0648148
0.0899471
0.156085
0.111111
0.0634921
0.0304233
0.0238095
0.021164
0.015873
0.021164
0.0119048
0.00529101
0.0119048
0.00529101
0.0119048
0
0.00396825
0.00396825
0.00529101
0.00529101
0.0026455
0.00396825
0.00529101
0.0026455
0.00132275
0.00132275
0.00132275
0.00396825
0.00396825
0.00396825
0.00132275
0.00132275
0.00132275
0.00132275
0.0026455
0.00132275
0.0026455
0.0026455
0.00132275
0
0
0
0.00396825
0
0.00132275
0
0
0
0.0026455
0
0
0
0.00132275
0.0026455
0
0
0
0.0026455
0
0
0
0
0
0
0
0
0.00132275
0.00132275
0
0.00132275
0.00132275
0
0
0.00132275
0.00132275
0.00132275
0
0.00132275
0.0026455
0.00132275
0
0
0.00396825
0
0
0.00132275
0
0
0
0
0.00132275
0.00529101
0.00396825
0.0026455
0.00529101
0.00793651
0.010582
0.0026455
0
0.00793651