0
0.0114943
0.0344828
0.0666667
0.0747126
0.0712644
0.0517241
0.0390805
0.0321839
0.045977
0.0264368
0.0264368
0.0298851
0.0390805
0.0448276
0.0252874
0.0137931
0.0241379
0.0114943
0.0103448
0.00229885
0.0183908
0.00114943
0
0.00114943
0
0
0
0.00344828
0
0
0
0
0
0
0
0
0
0
0
0
0
0
0.0252874
0
0
0
0
0
0
0
0
0
0
0
0
0
0
0
0
0
0
0
0
0.00114943
0
0
0
0
0
0
0
0
0
0
0
0
0
0
0
0
0
0
0
0
0.0045977
0
0
0
0
0
0
0
0
0
0
0
0
0
0
0
0
0
0
0
0
0.00344828
0
0
0
0
0
0
0
0
0
0
0
0
0
0
0
0
0
0
0
0
0
0.0091954
0
0
0
0
0
0
0
0
0
0
0
0
0
0
0
0
0
0
0
0
0
0
0
0
0
0
0
0
0
0
0
0
0
0
0
0
0
0
0
0
0
0.0091954
0
0
0
0
0
0
0
0
0
0
0
0
0
0
0
0
0
0
0
0
0.00344828
0
0
0
0
0
0
0
0
0
0
0
0
0
0
0
0
0
0
0
0
0
0.0218391
0
0
0
0
0
0
0
0
0
0
0
0
0
0
0
0
0
0
0
0
0.00804598
0
0
0
0
0
0
0.00114943
0.00114943
0
0
0.00114943
0
0.00344828
0
0.00114943
0.00114943
0.00114943
0.00229885
0.00229885
0
0.193103