0
0.000483092
0.00193237
0.00338164
0.00434783
0.0057971
0.00434783
0.00289855
0.000966184
0.00676329
0.00144928
0.00772947
0.000966184
0.00289855
0.00434783
0.000483092
0.00289855
0.00338164
0.000966184
0.00289855
0.00193237
0.00386473
0.000483092
0.000966184
0.00193237
0.000966184
0.00193237
0.00144928
0.00193237
0.000483092
0
0.000483092
0
0.000483092
0
0.000966184
0.000966184
0
0.000483092
0
0
0
0
0.00628019
0
0
0
0
0.000483092
0
0
0
0.000483092
0.000483092
0
0
0
0.000483092
0
0
0
0
0
0
0.000966184
0
0
0
0
0
0
0
0
0
0
0
0
0
0
0
0
0
0
0
0
0.00193237
0
0
0
0
0
0
0
0
0.000483092
0
0
0
0
0.000483092
0
0
0
0
0
0
0.00144928
0
0
0
0
0.000483092
0
0.000483092
0
0
0
0.000483092
0
0
0
0
0
0.000483092
0
0
0
0
0.0115942
0
0
0
0
0.000483092
0.000483092
0.000483092
0.000966184
0.000483092
0.00289855
0.000966184
0.00144928
0.00241546
0.00628019
0.000966184
0.00144928
0.00869565
0.00434783
0.00628019
0.00386473
0.0120773
0.00917874
0.0120773
0.0164251
0.0173913
0.00966184
0.00821256
0.0280193
0.0144928
0.0231884
0.0270531
0.00724638
0.0154589
0.0222222
0.0144928
0.0188406
0.0120773
0.010628
0.00144928
0.000966184
0
0.102899
0
0
0.00193237
0.00241546
0.00434783
0.00483092
0.00193237
0.000966184
0.0115942
0
0.0111111
0.00386473
0.000966184
0.0169082
0.000966184
0.000966184
0.00772947
0.00144928
0.00144928
0.000483092
0.0236715
0
0.000966184
0.000966184
0
0.00724638
0.00144928
0.00772947
0
0.000483092
0.000483092
0.00531401
0
0.00628019
0.00338164
0.000483092
0.000483092
0
0.000966184
0
0
0
0.0270531
0
0
0
0
0.000483092
0.00241546
0.00193237
0.00434783
0.000483092
0.00628019
0
0.00144928
0
0.0120773
0.000966184
0
0.0101449
0.00628019
0
0
0.0231884
0
0.00628019
0.00628019
0.0120773
0.00628019
0.00144928
0.0140097
0.0101449
0.0149758
0.0188406
0
0.0217391
0.0338164
0.00772947
0.00434783
0.010628
0.0193237
0.000966184
0
0.000483092
0.0478261