0
0.0606061
0.0603577
0.0407352
0.0250869
0.0226031
0.0116741
0.0136612
0.00596125
0.0144064
0.00496771
0.0119225
0.00620964
0.00695479
0.0168902
0.00496771
0.00422255
0.00496771
0.00571287
0.00322901
0.000993542
0.0230999
0
0.0017387
0.0034774
0.000496771
0.0052161
0.00149031
0.0131644
0.000248386
0.00198708
0.000496771
0.010929
0.000496771
0.00397417
0.00322901
0.0017387
0.00124193
0.000745156
0
0
0
0
0.0484352
0
0
0.000745156
0.000745156
0.000496771
0.000993542
0.0017387
0.00248386
0.000496771
0.0017387
0.000248386
0.000745156
0
0.00422255
0.000248386
0
0.00198708
0.000248386
0
0
0.00819672
0
0.000248386
0.000248386
0.000496771
0.000248386
0
0.00198708
0
0.000248386
0.000496771
0
0
0.000745156
0.000248386
0.000248386
0
0
0
0
0
0.0104322
0
0
0
0
0
0
0.000745156
0
0.000248386
0
0.000993542
0.000496771
0
0.00223547
0
0
0.000745156
0.000496771
0
0
0.00198708
0
0
0
0
0.000496771
0.000496771
0.000496771
0
0.000496771
0
0.0017387
0
0.000745156
0.000496771
0.000248386
0.000248386
0
0
0
0
0
0.0191257
0.000248386
0.000496771
0.0017387
0.00397417
0.00149031
0.0052161
0.00919026
0.00745157
0.00596125
0.0121709
0.00769995
0.0104322
0.00596125
0.0223547
0.0176354
0.00968703
0.0136612
0.00869349
0.00943865
0.00198708
0.017387
0.00322901
0.00720318
0.00422255
0.00397417
0.00223547
0.00298063
0.00372578
0.0017387
0.0034774
0.0052161
0.000248386
0.0017387
0.00198708
0.000993542
0.00149031
0.00149031
0.000248386
0
0
0
0.0191257
0
0
0
0.000248386
0.000496771
0.000496771
0.000993542
0
0.000248386
0.000496771
0.000993542
0.000745156
0.000248386
0.00149031
0
0.000248386
0.000745156
0.000745156
0.000496771
0
0.00447094
0
0
0.000993542
0.000248386
0.000496771
0.000248386
0.00149031
0.000248386
0.000248386
0
0.000248386
0.000248386
0.000248386
0
0.000496771
0.000496771
0.000496771
0.000248386
0
0
0
0.00695479
0
0
0.000496771
0
0.000248386
0.000248386
0.00124193
0.000248386
0.00149031
0.000993542
0.000496771
0.000993542
0
0.00273224
0.00124193
0.000248386
0.000248386
0.000745156
0
0.000248386
0.00695479
0.000745156
0.00149031
0.000248386
0.00322901
0.000496771
0.000496771
0.00471932
0.0017387
0.0017387
0.00273224
0.00124193
0.0017387
0.00596125
0.00149031
0.00273224
0.00596125
0.00769995
0.0104322
0.0114257
0.0149031
0.113264