0
0
0.0012
0.0016
0.0032
0.004
0.0008
0.0032
0.0028
0.0036
0.0016
0.0036
0.002
0.0028
0.0016
0.0024
0.0032
0.0028
0.0028
0.0036
0.002
0.0036
0.0004
0.0012
0.0016
0.0004
0.0004
0.0008
0.0028
0.0008
0.0008
0.0004
0.0028
0.0012
0.0004
0.0008
0
0
0
0.0004
0
0
0
0.0052
0
0
0.0004
0
0
0.0004
0
0.0004
0
0
0
0
0
0.0008
0.0004
0
0
0.0004
0
0
0.0004
0
0
0
0
0
0
0
0.0004
0
0.0004
0
0
0
0
0
0
0
0
0
0
0.0012
0
0
0
0
0
0
0
0
0
0
0.0004
0
0
0
0
0
0.0008
0
0
0
0.0012
0
0
0.0004
0
0
0
0
0
0
0
0
0
0
0.0004
0.0004
0
0
0.0008
0
0
0
0.0032
0
0
0
0.0004
0
0.0012
0.0004
0.0008
0.0012
0.0016
0.0008
0.0024
0.0024
0.0024
0.004
0.002
0.0036
0.0044
0.0036
0.0036
0.0124
0.0064
0.008
0.0104
0.01
0.0124
0.0056
0.028
0.0072
0.0264
0.0312
0.0052
0.0104
0.0272
0.0312
0.0156
0.0172
0.0052
0.004
0.0024
0
0.1184
0
0
0.0012
0.0032
0.0024
0.004
0.0048
0.0004
0.0112
0.0008
0.0128
0.0024
0.0004
0.0184
0.0004
0.0016
0.0048
0.0024
0.002
0
0.0272
0
0
0.0008
0
0.004
0.0012
0.0156
0.0004
0.0016
0
0.0064
0.0012
0.004
0.0016
0
0
0.0004
0
0
0
0
0.0384
0
0
0
0.0004
0.0004
0.002
0.0048
0.0048
0
0.0052
0.0008
0.0032
0
0.0088
0.0008
0
0.006
0.0048
0
0
0.024
0
0.002
0.006
0.0072
0.0076
0.006
0.0124
0.0164
0.0236
0.0168
0.0008
0.0116
0.0436
0.0104
0.0032
0.01
0.0268
0.0008
0.0004
0
0.0372