0
0
0
0.000976563
0.00683594
0.00292969
0.000976563
0.00488281
0
0.000976563
0
0.00195313
0.00195313
0.000976563
0.00195313
0
0
0
0
0
0.000976563
0
0
0
0
0
0
0
0
0
0
0
0
0
0
0
0
0
0
0
0
0
0
0.00292969
0
0
0
0
0
0
0
0
0
0.000976563
0
0
0
0.00195313
0
0
0
0
0
0
0
0
0
0
0
0
0
0.000976563
0
0
0
0
0
0
0
0
0
0
0
0
0
0.00195313
0
0
0
0
0
0
0
0
0
0
0
0
0
0.000976563
0
0
0
0
0
0
0
0
0
0
0
0.000976563
0
0.000976563
0
0
0
0
0
0
0.000976563
0
0
0
0
0
0
0
0.00585938
0
0
0.000976563
0
0.000976563
0.00195313
0.000976563
0
0
0
0
0.00195313
0
0.00976563
0.00195313
0.000976563
0.0078125
0.00292969
0
0.000976563
0.00878906
0.00292969
0.0078125
0.00195313
0.00488281
0.00585938
0.00390625
0.0185547
0.0107422
0.00878906
0.0195313
0.00976563
0.00683594
0.0205078
0.00976563
0.00585938
0.0175781
0.00683594
0
0.00195313
0
0.150391
0
0
0.000976563
0
0.00390625
0.00683594
0.00195313
0
0.0107422
0.000976563
0.0244141
0.00292969
0.00292969
0.0439453
0
0.00195313
0.00878906
0.000976563
0.00195313
0.000976563
0.0625
0
0
0.00195313
0.000976563
0.00292969
0.00585938
0.0166016
0
0.00195313
0
0.0078125
0
0.00585938
0.00488281
0.000976563
0.000976563
0.000976563
0
0
0
0
0.0380859
0
0
0
0.00292969
0.000976563
0.00195313
0.00585938
0.0078125
0.000976563
0.00683594
0
0.00976563
0
0.0166016
0.00292969
0
0.0126953
0.00878906
0.00195313
0
0.03125
0.000976563
0.00292969
0.00585938
0.00683594
0.00488281
0.00683594
0.0205078
0.00683594
0.015625
0.015625
0.00878906
0.00585938
0.0126953
0.0146484
0.0078125
0.00878906
0.0185547
0.00976563
0
0
0.0498047