0
0.0280971
0.0332056
0.0395913
0.0344828
0.0242656
0.0217114
0.0191571
0.0102171
0.00893997
0.0063857
0.0140485
0.0063857
0.0114943
0.00766284
0.00255428
0.00766284
0.0063857
0.00510856
0.0102171
0.00255428
0.0191571
0
0.0063857
0.00510856
0.00255428
0.00893997
0.00255428
0.0127714
0.00127714
0.0063857
0.00127714
0.0114943
0.00383142
0.00255428
0.00766284
0.00255428
0.00255428
0.00255428
0
0
0
0
0.0344828
0
0
0
0.00255428
0.00127714
0.00127714
0.00255428
0.00383142
0
0.00510856
0
0
0
0.00383142
0.00383142
0
0.00383142
0.00255428
0
0
0.00255428
0
0
0
0.00127714
0
0.00127714
0.00510856
0
0.00127714
0.00383142
0
0
0
0
0
0
0
0
0
0
0.00255428
0
0
0
0
0
0.00255428
0.00127714
0
0.00127714
0.00127714
0.00127714
0.00127714
0.00127714
0.00127714
0
0
0
0.00127714
0
0
0.00255428
0
0
0.00127714
0
0
0.00127714
0.00127714
0
0.00127714
0
0.00127714
0
0.00127714
0.00383142
0.00383142
0
0.00127714
0
0
0
0
0.0153257
0.00127714
0.00383142
0.00255428
0.0063857
0.00766284
0.00510856
0
0.00127714
0.00383142
0.00766284
0.00127714
0.00127714
0.00255428
0
0.00383142
0.00383142
0.00510856
0.00383142
0.00383142
0.00127714
0.00766284
0.00127714
0.00383142
0
0.00383142
0.00510856
0.00127714
0.00383142
0.00383142
0.00893997
0.00127714
0.00383142
0.00127714
0.00510856
0.00127714
0.00255428
0
0.00383142
0
0.00127714
0
0.0140485
0
0.00255428
0.00383142
0.00127714
0.00127714
0.00127714
0
0.00127714
0.00127714
0
0.00255428
0.00255428
0
0
0
0.00255428
0.00127714
0.00127714
0
0
0
0
0
0
0
0.00255428
0.00127714
0.00383142
0.00127714
0
0.00255428
0.00255428
0.00127714
0
0.00127714
0.00255428
0.00127714
0
0.00127714
0.00255428
0
0
0.00510856
0
0
0.00383142
0.00255428
0
0.00127714
0.00255428
0.00255428
0
0.00255428
0.00127714
0.00127714
0
0.00383142
0.00127714
0.00127714
0.00383142
0.00255428
0.00255428
0.00127714
0.00766284
0.00383142
0.00510856
0.00383142
0.00383142
0.00383142
0.00510856
0.00893997
0.00893997
0.0102171
0.00383142
0.00766284
0.00510856
0.0114943
0.00766284
0.0102171
0.0140485
0.0102171
0.0268199
0.0166028
0.0191571
0.0485313