0
0.0165289
0.0192837
0.0229568
0.0339761
0.0247934
0.0165289
0.0174472
0.0128558
0.0238751
0.0183655
0.0238751
0.0128558
0.0220386
0.0339761
0.0284665
0.0220386
0.020202
0.0367309
0.0183655
0.0321396
0.0192837
0
0.0156107
0.00642792
0.00275482
0
0.000918274
0.00459137
0
0.000918274
0.000918274
0
0
0.000918274
0
0
0
0
0.000918274
0
0
0
0.00826446
0
0
0.000918274
0
0
0
0
0.000918274
0
0.000918274
0
0
0
0
0
0
0
0
0
0
0.00183655
0
0.000918274
0
0
0
0.000918274
0.000918274
0
0
0
0
0
0
0
0
0
0
0
0
0
0.00183655
0
0
0
0
0
0
0
0
0.000918274
0
0
0
0
0.000918274
0
0
0
0
0
0
0.00275482
0
0
0
0
0
0
0.00183655
0
0
0
0
0
0
0
0
0
0
0
0
0
0
0.00918274
0
0.00183655
0.000918274
0.00183655
0.000918274
0.00183655
0.00367309
0.00183655
0.00275482
0.00459137
0
0.00275482
0
0.00459137
0.00918274
0.000918274
0.00918274
0.00275482
0.00275482
0
0.010101
0.00459137
0.00367309
0.00459137
0.00826446
0.00826446
0.00183655
0.00826446
0.00734619
0.00459137
0.00459137
0.000918274
0.00183655
0.00275482
0.00642792
0.000918274
0.00550964
0.00275482
0.000918274
0.000918274
0
0.00826446
0
0
0.000918274
0.00183655
0.000918274
0.000918274
0.00183655
0.00183655
0.00275482
0
0.00275482
0
0.00275482
0.00183655
0.00183655
0
0.000918274
0.000918274
0
0.00183655
0.000918274
0.000918274
0.00367309
0.00275482
0.000918274
0.00183655
0.00183655
0
0.000918274
0.000918274
0
0.00183655
0.00275482
0.00275482
0
0
0
0.000918274
0.00183655
0
0
0
0.00550964
0
0
0.000918274
0.00367309
0.000918274
0.000918274
0.00183655
0.000918274
0.000918274
0.00275482
0.000918274
0
0.00275482
0.00642792
0.00183655
0.000918274
0.00367309
0.000918274
0.00183655
0
0.00734619
0.00183655
0.00367309
0.00275482
0.00275482
0.00183655
0.00275482
0.00734619
0.00367309
0.00367309
0.00642792
0.00183655
0.000918274
0.00826446
0.00918274
0.00734619
0.00642792
0.020202
0.0156107
0.0128558
0.0220386
0.0716253