0
0
0.00255102
0.00382653
0.00510204
0.00510204
0.00510204
0.00510204
0
0.00255102
0.00255102
0.00127551
0
0.00510204
0.00127551
0
0
0.00382653
0
0.00255102
0.00255102
0.00127551
0.00255102
0
0
0.00127551
0
0
0.00127551
0.00127551
0.00127551
0
0.00255102
0.00127551
0
0
0.00255102
0
0
0
0
0
0
0.00127551
0
0
0
0
0
0
0.00127551
0.00127551
0
0.00127551
0
0
0
0
0
0
0
0.00127551
0
0
0.00255102
0
0
0.00255102
0
0
0
0
0
0
0
0
0
0
0
0
0
0
0
0
0
0
0
0
0
0
0
0
0
0
0
0
0.00127551
0
0
0.00127551
0
0
0
0
0
0
0.00127551
0
0
0
0
0
0
0.00127551
0
0
0
0
0
0.00127551
0.00127551
0
0
0
0
0
0
0
0.00510204
0
0
0
0
0
0
0.00127551
0.00127551
0.00255102
0.00255102
0.00127551
0.00255102
0.00637755
0.00637755
0.0102041
0.00382653
0.00765306
0.00127551
0.0140306
0.00510204
0.0191327
0.0204082
0.0229592
0.0382653
0.0471939
0.0484694
0.0561224
0.0382653
0.0293367
0.0229592
0.0267857
0.00892857
0.0242347
0.0102041
0.00765306
0.0114796
0.00637755
0.00637755
0.00510204
0.00255102
0
0.0369898
0
0.00255102
0.00510204
0.00510204
0.00382653
0.00255102
0.00637755
0
0.00892857
0.00255102
0.00892857
0.00255102
0.00255102
0.00510204
0.00382653
0.00510204
0.00637755
0.00510204
0.00255102
0
0.00382653
0
0.00255102
0.00127551
0.00127551
0.00510204
0
0.00127551
0
0.00127551
0.00127551
0.00255102
0.00127551
0.00637755
0.00382653
0.00255102
0
0.00127551
0
0.00127551
0
0
0.0178571
0
0.00127551
0.00382653
0
0
0.00127551
0.00382653
0.00382653
0.00127551
0.00255102
0.00127551
0.00510204
0.00127551
0.00510204
0.00255102
0.00127551
0.00510204
0.00255102
0
0
0.00255102
0.00637755
0.00255102
0.00127551
0.00637755
0.00892857
0.00255102
0.0127551
0.00892857
0.00892857
0.0178571
0.00510204
0.00382653
0.00637755
0.0127551
0.0114796
0.00510204
0.00637755
0.00765306
0.0127551
0
0.0293367