0
0
0.000198413
0.00125661
0.000462963
0.000396825
0.000396825
0.000396825
0.000595238
0.00112434
0.000661376
0.0010582
0.000727513
0.000462963
0.000727513
0.000396825
0.000198413
0.000396825
0.000330688
6.61376e-005
6.61376e-005
6.61376e-005
6.61376e-005
6.61376e-005
0
0
0
6.61376e-005
6.61376e-005
0
0
0
6.61376e-005
0
0
0
0
0
0
0
0
0
0
0.000132275
0
0
0
0
0
6.61376e-005
0
0
0
0
0
0
0
0
0
0
0
0
0
0
0
6.61376e-005
0
0
0
0
0
0
0
0
0
0
0
0
6.61376e-005
0
0
0
0
0
0
6.61376e-005
0
0
0
0
0
0
0
0
6.61376e-005
0
0
0
0
0
0
0
0
0
0
0
0
0
0
6.61376e-005
0
0
0
0
0
0
0
0
0
0
0
0
0
0
0
0
0
0
0.000529101
0
0
0
6.61376e-005
0
0.000198413
0
0.000132275
0.000132275
6.61376e-005
6.61376e-005
0
0
0.000330688
0.000330688
0.000198413
0.000396825
0.000462963
0.00145503
0.00178571
0.00416667
0.00906085
0.0246693
0.0574735
0.119114
0.12963
0.0892857
0.0656746
0.0397487
0.0267857
0.0152116
0.00787037
0.00667989
0.0102513
0.0100529
0.00634921
0.00720899
0.00436508
0.00291005
0.00145503
0
0.0337963
0
0.000132275
0.00251323
0.00198413
0.00185185
0.00198413
0.00357143
0.000462963
0.0047619
0.000727513
0.0047619
0.00224868
0.00112434
0.00601852
0.000992064
0.000925926
0.00238095
0.00138889
0.00132275
0.00026455
0.00740741
0
0.00119048
0.00165344
0.000198413
0.00145503
0.00125661
0.00443122
0
0.00178571
0.00026455
0.00238095
0.00112434
0.00145503
0.000992064
0.000330688
0.000727513
0.00191799
0
0
0
0
0.00859788
0
0
0
0.0021164
0.000727513
0.000793651
0.00171958
0.00231481
0.000925926
0.00119048
0.000859788
0.00363757
0
0.00291005
0.00363757
0.000132275
0.00403439
0.00297619
0.00555556
0
0.010582
0.00291005
0.00833333
0.0136243
0.00297619
0.0187831
0.0117725
0.018254
0.0308201
0.0220238
0.014418
0.014418
0.00820106
0.0042328
0.00661376
0.00231481
0.00152116
0.00231481
0.00171958
0.000198413
0
0.00509259