0
0
0
0
0
0
0
0
0
0
0
0.00132275
0
0
0
0
0
0
0
0
0
0.00132275
0
0
0
0
0
0
0
0
0
0
0
0
0
0
0
0
0
0
0
0
0
0.00661376
0
0
0
0
0
0
0
0
0
0
0
0
0
0
0
0
0
0
0
0
0.00132275
0
0
0
0
0
0
0
0
0
0
0
0
0
0
0
0
0
0
0
0
0
0
0
0
0
0
0
0
0
0
0
0
0
0
0
0
0
0
0
0
0
0
0
0
0
0
0
0
0
0
0
0
0
0
0
0
0
0
0
0
0
0
0
0.00132275
0
0
0
0
0
0
0
0
0
0
0
0
0
0
0
0
0
0
0
0
0.00396825
0
0.00132275
0.00396825
0
0.00132275
0
0.010582
0
0.0026455
0.0145503
0
0.00661376
0.0132275
0.026455
0.0145503
0.104497
0.00396825
0
0
0
0.285714
0
0
0
0.00132275
0.00925926
0.00529101
0.0171958
0
0.0277778
0
0.026455
0.00396825
0
0.0396825
0
0
0.0119048
0
0
0
0.0515873
0
0
0.00132275
0
0.00925926
0
0.026455
0
0
0
0.0198413
0
0.00661376
0.00396825
0
0
0
0
0
0
0
0.0582011
0
0
0
0
0
0
0
0.00396825
0
0.0171958
0
0
0
0.0132275
0
0
0.015873
0
0
0
0.0357143
0
0
0.00132275
0.0145503
0
0
0.0145503
0
0.00132275
0.0224868
0
0
0.00661376
0.0026455
0
0
0
0
0
0
0.0251323