0
0
0.000250063
0.000125031
0.000500125
0.00137534
0.000750188
0.00150038
0
0.00175044
0.000125031
0.00225056
0.00125031
0.000125031
0.00512628
0.000250063
0.000500125
0.00175044
0.00125031
0.000500125
0.000125031
0.00487622
0
0.000375094
0.000750188
0.000375094
0.00175044
0.000750188
0.00237559
0
0.000750188
0.000500125
0.00175044
0.000375094
0.00137534
0.000875219
0
0.000125031
0.000250063
0
0
0
0
0.00975244
0
0
0
0.000250063
0.000125031
0.000375094
0.000250063
0.000750188
0.000125031
0.000875219
0
0.000250063
0
0.000625156
0
0
0.000375094
0.000250063
0
0
0.00162541
0
0
0
0.000125031
0
0.000125031
0.000875219
0
0
0.000125031
0
0.000125031
0.000125031
0
0
0
0
0
0
0
0.00337584
0
0
0
0
0.000125031
0.000125031
0
0
0.000125031
0
0.000375094
0.000250063
0
0.000375094
0
0.000125031
0.000250063
0
0
0
0.00212553
0
0
0.000250063
0
0.000250063
0.000125031
0.00212553
0
0.000125031
0.000250063
0.00112528
0.000250063
0.000500125
0.000500125
0.000375094
0.000250063
0.000250063
0.000375094
0
0.000125031
0
0.0130033
0
0.000250063
0.000875219
0.000750188
0.00150038
0.00112528
0.00162541
0.00150038
0.00100025
0.00412603
0.00125031
0.00287572
0.00187547
0.00725181
0.00300075
0.000750188
0.00525131
0.00512628
0.00300075
0.00100025
0.0196299
0.00175044
0.00700175
0.00937734
0.0131283
0.0107527
0.00425106
0.0317579
0.00487622
0.020005
0.0237559
0.00187547
0.00525131
0.0457614
0.0273818
0.00900225
0.00700175
0.00350088
0.00137534
0.000625156
0.000250063
0.130658
0
0.000250063
0.000750188
0.00100025
0.00237559
0.0020005
0.00275069
0.000125031
0.00700175
0
0.0116279
0.00162541
0.000250063
0.0195049
0
0.000500125
0.00350088
0.000375094
0.000125031
0.000250063
0.0350088
0
0
0.000750188
0.000125031
0.00325081
0.000750188
0.0117529
0
0.000375094
0.000125031
0.00625156
0
0.000750188
0.000750188
0.000125031
0.000125031
0
0
0.000125031
0
0
0.0517629
0
0
0.000125031
0
0.000125031
0.000250063
0.000125031
0.000750188
0.000125031
0.00750188
0
0.000625156
0
0.0100025
0.000625156
0
0.00637659
0.000375094
0.000250063
0
0.0326332
0
0.000250063
0.0020005
0.0181295
0.000625156
0.000125031
0.0643911
0.000250063
0.0156289
0.0117529
0.000500125
0
0.0220055
0.052013
0.0225056
0.00250063
0.000875219
0.000375094
0.000125031
0
0.055889