0
0
0
0
0
0
0.000918274
0.000918274
0
0.00275482
0
0.000918274
0
0
0.00275482
0
0
0
0
0
0
0.00275482
0
0
0.000918274
0
0
0
0.00183655
0
0
0
0
0
0
0
0
0
0
0
0
0
0
0.00734619
0
0
0
0
0
0
0
0
0
0
0
0
0
0
0
0
0
0
0
0
0
0
0
0
0
0
0
0
0
0
0
0
0
0
0
0
0
0
0
0
0
0
0
0
0
0
0
0
0
0
0
0
0
0
0
0
0
0
0
0
0
0
0.000918274
0
0
0
0
0
0
0
0
0
0
0
0
0
0
0
0
0
0
0
0
0
0.00275482
0
0
0
0
0
0
0
0
0
0
0
0
0
0.00275482
0
0
0.000918274
0
0
0
0.0119376
0
0
0.00183655
0.00642792
0
0
0.0174472
0
0.00550964
0.020202
0
0
0.00826446
0.0110193
0.00275482
0.00367309
0
0
0
0
0.229568
0
0
0
0
0.000918274
0.000918274
0.00367309
0
0.00550964
0
0.0156107
0.00183655
0
0.0624426
0
0
0.00459137
0.00183655
0
0
0.0964187
0
0
0.000918274
0
0.00183655
0
0.0247934
0
0
0
0.0110193
0
0.00275482
0
0
0
0
0
0
0
0
0.0853994
0
0
0
0
0
0
0
0.00642792
0
0.0156107
0
0
0
0.0330578
0
0
0.0137741
0
0
0
0.0624426
0
0
0.00550964
0.0348944
0
0
0.0339761
0
0.00550964
0.0137741
0
0
0.0275482
0.020202
0.0119376
0.00642792
0
0
0
0
0.0413223