0
0
0.00264423
0.00264423
0.00576923
0.003125
0.00120192
0.000721154
0.000721154
0.00264423
0.00168269
0.000961538
0.000721154
0.000721154
0
0.000480769
0.000240385
0.000240385
0
0
0
0.000240385
0
0.000240385
0.000240385
0
0
0
0
0
0
0
0
0
0
0
0
0
0
0
0
0
0
0
0
0
0
0
0
0
0
0.000240385
0
0
0
0
0
0
0
0
0
0
0
0
0
0
0
0
0
0
0
0
0
0
0
0
0
0
0
0
0
0
0
0
0
0
0
0
0
0
0
0
0
0
0
0
0
0
0
0
0
0
0
0
0
0
0
0
0
0
0
0
0
0
0
0
0
0
0
0
0
0
0
0
0
0
0
0
0.000240385
0
0
0
0
0
0
0
0
0
0
0
0
0
0.000961538
0
0.000240385
0.000961538
0.000961538
0.00264423
0.00649038
0.0165865
0.0233173
0.0314904
0.0387019
0.0709135
0.0831731
0.100721
0.0574519
0.0230769
0.0194712
0.0146635
0.00841346
0.00889423
0.0149038
0.0125
0.00600962
0.00600962
0.00360577
0.00456731
0.00120192
0
0.0358173
0
0
0.00456731
0.00192308
0.00240385
0.003125
0.00432692
0.000721154
0.00504808
0.00144231
0.00408654
0.00288462
0.000480769
0.00745192
0.00192308
0.000961538
0.00360577
0.00240385
0.00120192
0
0.00649038
0
0.000480769
0.00264423
0
0.00264423
0.000240385
0.00408654
0.000240385
0.000721154
0.000721154
0.00288462
0.000961538
0.00264423
0.00144231
0.000961538
0.000721154
0.000961538
0
0
0
0
0.0129808
0
0
0.000240385
0.00192308
0.00144231
0.00120192
0.00264423
0.00360577
0.00192308
0.00384615
0.000961538
0.000961538
0.000480769
0.00649038
0.00336538
0
0.00528846
0.00360577
0.00336538
0
0.00985577
0.00240385
0.00336538
0.00649038
0.00360577
0.00432692
0.00504808
0.00817308
0.00721154
0.00697115
0.0144231
0.00769231
0.0129808
0.0307692
0.0274038
0.015625
0.0288462
0.00697115
0.0137019
0.00985577
0
0.0230769