0
0.00816326
0.00163265
0.0114286
0.00571429
0.00571429
0.00571429
0.00489796
0.00408163
0.00326531
0.000816327
0.00163265
0.00408163
0.00163265
0.00408163
0.000816327
0.00244898
0.00408163
0
0
0
0.00163265
0
0
0.00163265
0
0
0
0
0
0
0
0.000816327
0
0
0.000816327
0
0
0
0
0
0
0
0.00244898
0
0
0.000816327
0
0
0
0.000816327
0
0.000816327
0
0
0.000816327
0
0.000816327
0
0
0
0
0
0
0.000816327
0
0
0
0
0
0.000816327
0.000816327
0
0.000816327
0
0
0
0.000816327
0
0
0
0
0
0
0
0.00163265
0
0
0
0
0
0
0
0
0
0
0
0
0
0
0
0
0
0
0
0
0
0
0
0
0
0
0
0
0
0
0
0
0
0
0
0.000816327
0
0
0
0
0
0
0.00163265
0
0
0
0.000816327
0.000816327
0.00163265
0
0.000816327
0.00163265
0.00163265
0.000816327
0.00244898
0.00244898
0.000816327
0.00816326
0.00244898
0.00326531
0.00653061
0.00653061
0.00408163
0.0146939
0.00571429
0.0285714
0.044898
0.0661224
0.0481633
0.0293878
0.0310204
0.0195918
0.0244898
0.0253061
0.00979592
0.0138776
0.0228571
0.00816326
0.0106122
0.0163265
0.0130612
0.00571429
0.00571429
0
0.0302041
0.000816327
0
0.00408163
0.00163265
0.00571429
0.00408163
0.00408163
0.00326531
0.00897959
0.000816327
0.00408163
0.00244898
0.00244898
0.00571429
0.00408163
0.00326531
0.00489796
0.00244898
0.00244898
0.00244898
0.00734694
0.000816327
0.00163265
0.00244898
0.00244898
0.00326531
0.00326531
0.00244898
0
0.00244898
0.00244898
0.000816327
0.00163265
0.00408163
0.00326531
0.00163265
0.000816327
0.00326531
0.00163265
0.000816327
0
0
0.00734694
0
0.000816327
0.00326531
0.000816327
0.00408163
0.000816327
0.000816327
0.000816327
0.00163265
0.00244898
0.00163265
0.00653061
0.000816327
0.00408163
0.00244898
0.000816327
0.00244898
0.00244898
0.00489796
0.00244898
0.00734694
0.00326531
0.00326531
0.00734694
0.00408163
0.00244898
0.00408163
0.00244898
0.00734694
0.00326531
0.00653061
0.00326531
0.00408163
0.00897959
0.0106122
0.0130612
0.0244898
0.0204082
0.0285714
0.0228571
0.00734694
0.0302041