0
0.004375
0.006875
0.005625
0.005625
0.00375
0.005
0.005625
0.00375
0.0025
0.00125
0.001875
0.001875
0.001875
0.001875
0.000625
0.00125
0.000625
0
0
0
0.00125
0
0.000625
0
0
0
0
0.00125
0
0.000625
0
0.000625
0
0
0
0.001875
0.000625
0.000625
0
0
0
0
0.004375
0
0
0
0
0
0
0.000625
0.000625
0
0.00125
0
0
0
0.00125
0
0
0
0
0
0
0
0
0
0.000625
0
0
0
0.000625
0
0
0
0
0
0
0
0
0
0
0
0
0
0.00125
0
0
0
0
0
0
0
0
0
0
0
0
0
0
0
0
0
0
0
0
0.001875
0
0
0
0
0.00125
0
0.000625
0
0
0
0
0
0.000625
0
0
0.000625
0
0
0
0
0
0.005
0
0
0.000625
0
0.001875
0
0.00125
0.00125
0.00125
0.00125
0.0025
0.001875
0.00125
0.005
0.00375
0.0025
0.0025
0.001875
0.0025
0.00375
0.01875
0.011875
0.021875
0.0425
0.065
0.0425
0.038125
0.03375
0.028125
0.02375
0.03125
0.011875
0.014375
0.015
0.009375
0.011875
0.008125
0.005625
0.0075
0.004375
0
0.029375
0
0.001875
0.003125
0.001875
0.00375
0.00375
0.0025
0.003125
0.003125
0
0.0025
0.00125
0.005
0.008125
0.003125
0.003125
0.003125
0.003125
0.001875
0.00125
0.00875
0.000625
0.0025
0.00375
0.00125
0.001875
0.001875
0.00625
0.00125
0.0025
0.00125
0.001875
0.000625
0.00125
0.001875
0.000625
0.001875
0.00125
0.000625
0
0
0
0.011875
0
0
0.000625
0
0.001875
0.001875
0.001875
0.0025
0.00125
0.003125
0.00125
0.0025
0.000625
0.00625
0.0025
0.001875
0.005625
0.0025
0.00125
0
0.006875
0.001875
0.003125
0.005
0.005625
0.00125
0.00375
0.01
0.003125
0.009375
0.005625
0.005
0.004375
0.01
0.015
0.013125
0.023125
0.0275
0.044375
0.0125
0.00875
0.04125