0
0
0.00204559
0.00379895
0.00350672
0.00350672
0.00496785
0.00263004
0.00204559
0.00175336
0.00146113
0.00233781
0.000292227
0.00146113
0.00204559
0.00087668
0.00204559
0.000584454
0.00146113
0.000292227
0.000292227
0.00175336
0.000292227
0.000292227
0.000292227
0
0
0
0.000584454
0
0.000292227
0
0
0
0
0
0
0
0
0
0
0
0
0.00146113
0
0
0
0
0
0
0
0
0
0
0
0
0
0
0
0
0
0
0
0
0
0
0
0
0
0
0
0
0
0
0
0
0
0
0
0
0
0
0
0
0
0.000292227
0
0
0
0
0
0
0
0
0
0
0
0
0
0.000292227
0.000292227
0
0
0
0
0
0.000584454
0
0
0
0
0
0
0.00087668
0
0
0
0
0
0
0
0
0
0
0
0
0
0
0.000584454
0
0
0
0
0
0
0
0.000292227
0.000292227
0.000292227
0
0
0
0.000584454
0
0.000584454
0.00233781
0.00409117
0.00526008
0.00847458
0.0163647
0.0216248
0.0248393
0.0376973
0.0607832
0.0946815
0.0888369
0.0561075
0.0368206
0.0233781
0.0169492
0.00964348
0.0075979
0.0119813
0.00905903
0.00672122
0.00496785
0.0043834
0.00555231
0.00087668
0
0.0315605
0
0.00175336
0.00292227
0.00116891
0.00175336
0.00204559
0.00233781
0.00087668
0.00292227
0.00116891
0.00321449
0.00233781
0.00146113
0.0043834
0.00116891
0.00146113
0.00233781
0.00233781
0.00204559
0
0.00584454
0
0.000584454
0.00233781
0.000292227
0.00204559
0.00116891
0.00701344
0.000292227
0.00116891
0.000584454
0.00350672
0.000584454
0.00116891
0.00146113
0.00116891
0.00087668
0.000584454
0.000584454
0
0
0
0.0108124
0
0
0.000584454
0.00116891
0.000584454
0.00116891
0.00321449
0.00233781
0.00116891
0.00292227
0.00116891
0.00146113
0.000292227
0.00379895
0.00116891
0.000292227
0.00526008
0.00204559
0.00204559
0
0.00847458
0.00175336
0.00204559
0.0043834
0.00350672
0.00555231
0.00613676
0.00672122
0.00467563
0.00818235
0.0210403
0.0119813
0.0116891
0.0353594
0.0312683
0.00993571
0.0280538
0.00818235
0.0111046
0.00701344
0
0.024547