0
0
0
0
0
0
0
0
0
0.000977517
0
0.00293255
0
0
0.00293255
0
0
0.000977517
0
0
0
0
0
0
0
0
0
0
0
0
0
0
0
0
0
0
0
0
0
0
0
0
0
0.00488759
0
0
0
0
0
0
0
0
0
0
0
0
0
0
0
0
0
0
0
0
0
0
0
0
0
0
0
0.000977517
0
0
0
0
0
0
0
0
0
0
0
0
0
0.000977517
0
0
0
0
0
0
0
0
0
0
0
0
0
0
0
0
0
0
0
0
0
0
0
0
0
0
0
0
0
0
0
0.000977517
0
0
0
0
0
0
0
0
0
0
0.00195503
0
0
0
0
0
0
0.000977517
0
0
0
0
0
0
0
0
0
0.00195503
0
0
0
0.00977517
0
0.00195503
0.00293255
0.00195503
0
0
0.0185728
0
0.00195503
0.00782014
0
0
0.0136852
0.00879765
0.00488759
0
0.000977517
0
0
0
0.212121
0
0
0
0
0.00391007
0.00488759
0.00684262
0
0.0205279
0
0.028348
0.00195503
0
0.0606061
0
0.000977517
0.00879765
0
0
0
0.124145
0
0
0.00195503
0
0.00879765
0
0.0371457
0
0
0
0.0127077
0
0.00293255
0
0
0
0
0
0
0
0
0.0977517
0
0
0
0
0
0
0.000977517
0.0058651
0
0.0127077
0
0
0
0.0244379
0
0
0.0146628
0.000977517
0
0
0.0400782
0
0
0.00195503
0.0371457
0.000977517
0
0.0195503
0
0.0156403
0.0185728
0
0
0.0244379
0.0166178
0.00684262
0.000977517
0
0
0
0
0.0293255