0
0
0.00122449
0.00408163
0.00204082
0.00122449
0.00122449
0.00163265
0.00204082
0.00122449
0.00244898
0.00244898
0.000408163
0.00122449
0.00244898
0.00163265
0
0.000816327
0.000816327
0.00163265
0.00163265
0.00244898
0.000408163
0.00163265
0.000816327
0.00122449
0.000816327
0.00163265
0.000816327
0.000408163
0.00163265
0.00163265
0.000408163
0
0.00122449
0.000408163
0.000816327
0
0.000816327
0.000408163
0
0
0
0.00489796
0
0
0
0
0
0
0
0
0
0
0
0
0
0.000816327
0
0
0
0
0
0
0.00122449
0
0
0
0
0
0
0.000408163
0
0
0.000408163
0
0
0
0
0
0
0
0
0
0
0.00204082
0
0
0
0
0
0
0
0
0
0
0.000408163
0
0
0.000408163
0
0
0
0
0
0
0.000816327
0
0
0
0
0
0
0.000408163
0
0
0
0.000408163
0
0
0
0
0
0
0
0
0
0
0.00163265
0
0
0
0
0
0
0
0
0
0.000816327
0
0
0.000408163
0.00163265
0.00122449
0.00326531
0.00489796
0.0077551
0.00857143
0.0077551
0.0134694
0.0134694
0.0163265
0.0228571
0.0306122
0.04
0.0591837
0.0685714
0.0538776
0.0444898
0.0387755
0.0187755
0.0142857
0.015102
0.00897959
0.00653061
0.00938775
0.00489796
0.00530612
0.00367347
0.000408163
0.0314286
0.000408163
0.000816327
0.00367347
0.00489796
0.00285714
0.00244898
0.00285714
0.00326531
0.00653061
0.000408163
0.00408163
0.00489796
0.000816327
0.00653061
0.000816327
0.00204082
0.00204082
0.00204082
0.00204082
0.00122449
0.00367347
0.000816327
0.000408163
0.00204082
0.000408163
0.00244898
0.00163265
0.00367347
0.000816327
0.00204082
0.000816327
0.00285714
0.00122449
0.00326531
0.00122449
0
0.00122449
0.00244898
0.000816327
0
0
0
0.00897959
0
0.000408163
0.00163265
0.00285714
0.000408163
0.00244898
0.00163265
0.000408163
0.00163265
0.00163265
0.000816327
0.00244898
0
0.00326531
0.00367347
0.000408163
0.00326531
0.00204082
0.00204082
0.000408163
0.00571429
0.00204082
0.00285714
0.00244898
0.00204082
0.00244898
0.00571429
0.00612245
0.00408163
0.0102041
0.00897959
0.0114286
0.0195918
0.0118367
0.0461225
0.015102
0.0285714
0.0159184
0.00979592
0.0126531
0.000408163
0.0306122