0
0
0
0
0
0
0.000355999
0
0
0.000711997
0.000711997
0
0.000711997
0.000355999
0
0
0
0.000355999
0
0
0
0.000711997
0
0.000355999
0
0
0.000355999
0
0.001068
0
0.000355999
0
0
0
0
0
0
0
0
0
0.000355999
0
0
0.00142399
0
0
0
0
0
0
0
0
0
0
0
0
0
0
0
0
0
0
0
0
0
0
0
0
0
0
0
0
0
0
0
0
0
0
0
0
0
0
0
0
0
0
0
0
0
0
0
0
0
0
0
0
0
0
0
0
0
0
0
0
0
0
0
0
0
0
0
0
0
0
0
0
0
0
0
0
0
0
0
0
0
0
0
0
0.000711997
0
0
0
0
0
0
0
0
0
0
0
0
0.000355999
0
0
0
0.001068
0.000355999
0.00177999
0.000711997
0.00533998
0.00355999
0.00640797
0.012104
0.0234959
0.0345319
0.0555358
0.0612318
0.0459238
0.0509078
0.0477038
0.0206479
0.0170879
0.0309719
0.0252759
0.0135279
0.0156639
0.00889996
0.00569598
0.00249199
0
0.106088
0
0.000711997
0.00498398
0.00462798
0.00747597
0.00640797
0.011748
0.00249199
0.01246
0.00213599
0.00996796
0.00498398
0.00355999
0.012104
0.00213599
0.00320399
0.00569598
0.00783197
0.00284799
0.001068
0.0160199
0
0.00355999
0.00747597
0
0.00676397
0.00427198
0.01246
0
0.00498398
0.00213599
0.00498398
0.00533998
0.00284799
0.00498398
0.00427198
0.00391598
0.00498398
0.000711997
0
0
0
0.0284799
0
0
0.001068
0.00391598
0.00462798
0.00711997
0.00355999
0.00213599
0.00605198
0.00676397
0.00355999
0.00747597
0.001068
0.00925596
0.00711997
0.000711997
0.00889996
0.00533998
0.00925596
0
0.0142399
0.00640797
0.00818797
0.00711997
0.00427198
0.00640797
0.00747597
0.00462798
0.00605198
0.00498398
0.00462798
0.001068
0.001068
0.00142399
0
0.000711997
0.000355999
0
0
0
0.000355999
0.00213599