0
0.0347594
0.0445633
0.0614973
0.0579323
0.0463458
0.0320856
0.0338681
0.0187166
0.0374332
0.0178253
0.0329768
0.0365419
0.040107
0.0472371
0.0320856
0.0276292
0.0196078
0.0187166
0.0151515
0.00802139
0.0160428
0
0.00178253
0.00713012
0.00356506
0.00445633
0
0.0026738
0.00178253
0
0
0.00445633
0.000891266
0.000891266
0
0
0
0.000891266
0.000891266
0.000891266
0.000891266
0
0.00623886
0
0
0
0
0
0
0
0
0.000891266
0.00178253
0.000891266
0.000891266
0.000891266
0
0
0
0.00178253
0
0
0
0.000891266
0
0
0
0
0
0
0
0
0
0
0
0
0
0
0
0
0
0
0
0
0.00178253
0
0
0
0
0
0
0.000891266
0
0
0
0
0
0
0.0026738
0
0
0.000891266
0
0
0.000891266
0
0
0
0
0.000891266
0
0.000891266
0
0
0.000891266
0.000891266
0.0026738
0.000891266
0.0026738
0.00178253
0
0
0.00178253
0
0.00445633
0
0
0.00623886
0
0.000891266
0
0
0.000891266
0
0.000891266
0.000891266
0
0
0
0
0.000891266
0
0.0026738
0.000891266
0
0.000891266
0.00178253
0
0.00356506
0.00178253
0
0
0.000891266
0
0
0
0.00178253
0.00178253
0.000891266
0.000891266
0
0.000891266
0
0
0.00178253
0.00178253
0.00178253
0.000891266
0
0.0026738
0
0.000891266
0
0.000891266
0
0.000891266
0
0
0.00178253
0.000891266
0.00178253
0.0026738
0
0
0
0
0
0.000891266
0
0
0.00534759
0
0
0
0
0.0026738
0
0
0
0
0
0.000891266
0.000891266
0
0
0
0
0.000891266
0
0
0
0
0.00445633
0
0
0
0
0
0.00178253
0.00178253
0
0
0
0.000891266
0
0
0
0.000891266
0.000891266
0.00178253
0.00178253
0
0
0.00356506
0.000891266
0.000891266
0.00178253
0.00178253
0.000891266
0.00178253
0.00178253
0.0026738
0.00356506
0.00713012
0.00178253
0.00534759
0.00713012
0.00623886
0.00534759
0.0142602
0.0124777
0.00623886
0.00891266
0.0178253
0.0641711