0
0.0194805
0.0324675
0.038961
0.0411255
0.0411255
0.0324675
0.038961
0.025974
0.0714286
0.038961
0.0649351
0.0281385
0.0454545
0.0367965
0.030303
0.0194805
0.0194805
0.012987
0.004329
0.00649351
0
0
0.004329
0
0
0.0021645
0
0.00865801
0.0021645
0.0021645
0
0.0021645
0.0021645
0
0.0021645
0
0.004329
0
0
0
0
0
0.00649351
0
0.0021645
0
0.0021645
0.0021645
0.0021645
0
0
0
0
0
0
0
0.004329
0
0
0
0.0021645
0
0
0.0021645
0.0021645
0
0
0
0
0.0021645
0.0021645
0.0021645
0
0
0
0
0.0021645
0.0021645
0
0
0
0.0021645
0
0
0
0
0
0
0
0
0
0
0
0
0
0
0
0
0
0
0.0021645
0
0
0
0
0.0021645
0
0
0.0021645
0
0
0
0
0
0
0
0
0
0
0
0
0
0
0.0021645
0
0
0
0
0
0.0021645
0
0
0
0.0021645
0
0.0021645
0.004329
0
0
0
0
0
0.0021645
0
0.0021645
0
0
0.0021645
0
0.004329
0
0
0
0
0
0.0021645
0
0
0
0
0
0
0
0.0021645
0
0
0
0
0
0.0021645
0
0
0
0
0.0021645
0.0021645
0
0
0.0021645
0
0.004329
0
0
0
0
0
0.0021645
0.0021645
0
0
0
0
0
0
0
0.0021645
0.0021645
0
0
0
0
0
0
0
0
0
0
0
0
0
0
0
0.0021645
0
0
0
0
0
0
0
0.004329
0.004329
0.00649351
0
0
0
0
0
0
0
0.0021645
0
0.0021645
0.0021645
0
0.0021645
0.004329
0.0021645
0.004329
0.004329
0.0021645
0.004329
0.0021645
0.00649351
0
0.00649351
0.0108225
0.0108225
0.012987
0.00649351
0.0108225
0.00865801
0.021645
0.0238095
0.0562771