0
0.0103785
0.0128205
0.017094
0.0128205
0.010989
0.0164835
0.01221
0.00854701
0.0042735
0.002442
0.003663
0.000610501
0.002442
0.000610501
0.001221
0.001221
0.000610501
0.000610501
0.001221
0.001221
0.001221
0.000610501
0
0.001221
0.000610501
0
0.000610501
0
0
0
0
0.000610501
0
0.000610501
0
0
0
0
0
0
0
0
0.000610501
0
0
0
0
0
0.000610501
0
0
0
0
0
0
0
0.000610501
0
0
0
0
0
0
0.000610501
0
0
0
0
0
0
0.000610501
0
0
0
0
0
0
0
0
0
0
0
0
0
0
0
0
0
0.000610501
0
0
0
0
0
0
0
0
0
0
0
0
0
0
0
0
0
0
0
0
0
0.000610501
0
0.000610501
0
0
0
0
0
0
0
0
0
0
0
0
0
0
0.003663
0.002442
0.00610501
0.003663
0.00854701
0.00671551
0.00610501
0.00488401
0.00854701
0.00488401
0.003663
0.003663
0.002442
0.003663
0.00671551
0.00488401
0.00854701
0.0164835
0.0213675
0.0250305
0.0311355
0.0250305
0.0213675
0.018315
0.0225885
0.0189255
0.025641
0.026862
0.023199
0.019536
0.0299145
0.0189255
0.00976801
0.010989
0.00854701
0.0103785
0.00793651
0.00671551
0.0042735
0.00732601
0.00549451
0.0018315
0.0115995
0.002442
0.0030525
0.00610501
0.0042735
0.0042735
0.002442
0.00488401
0.00915751
0.0042735
0.003663
0.00549451
0.002442
0.00732601
0.003663
0.0042735
0.0042735
0.0042735
0.0018315
0.0018315
0.0018315
0.0030525
0.000610501
0.0018315
0.00488401
0.002442
0.0030525
0.003663
0.002442
0.000610501
0.000610501
0.0018315
0.002442
0.0030525
0.001221
0.001221
0.003663
0.000610501
0.0018315
0.002442
0
0.001221
0
0.0042735
0.000610501
0.001221
0.0018315
0.002442
0.001221
0.0018315
0.002442
0.002442
0.000610501
0.0042735
0.0030525
0.002442
0
0.0030525
0.00488401
0.001221
0.0018315
0.0030525
0.00732601
0.002442
0.00488401
0.002442
0.0042735
0.001221
0.00488401
0.003663
0.0018315
0.003663
0.00549451
0.00488401
0.0042735
0.0018315
0.003663
0.00610501
0.00854701
0.00671551
0.01221
0.00732601
0.020757
0.0225885
0.018315
0.023199