0
0
0
0
0
0.000918274
0
0
0
0
0
0
0
0
0
0
0
0
0
0
0
0.000918274
0
0
0
0
0
0
0
0
0
0
0
0
0
0
0
0
0
0
0
0
0
0
0
0
0
0
0
0
0
0
0
0
0
0
0
0
0
0
0
0
0
0
0
0
0
0
0
0
0
0
0
0
0
0
0
0
0
0
0
0
0
0
0
0
0
0
0
0
0
0
0
0
0
0
0
0
0
0
0
0
0
0
0
0
0
0
0
0
0
0
0
0
0
0
0
0
0
0
0
0
0
0
0
0
0
0
0
0
0
0
0
0
0
0
0.000918274
0.000918274
0
0
0.00183655
0
0.000918274
0
0
0
0
0.000918274
0.000918274
0.00275482
0.00183655
0.00642792
0.00826446
0.0257117
0.0339761
0.0422406
0.0385675
0.0514233
0.0523416
0.0394858
0.0183655
0.0229568
0.020202
0.0128558
0.0174472
0.0146924
0.0110193
0.00550964
0.00826446
0.000918274
0.0817264
0
0.00367309
0.00183655
0.010101
0.0128558
0.0119376
0.0137741
0.00367309
0.0128558
0.00275482
0.0137741
0.0110193
0.00183655
0.0119376
0.00183655
0.00642792
0.00826446
0.00734619
0.00826446
0.000918274
0.0156107
0
0.00275482
0.010101
0.000918274
0.00459137
0.00459137
0.00734619
0
0.00734619
0.000918274
0.00459137
0.00367309
0.00275482
0.00826446
0.00550964
0.00550964
0.00367309
0.000918274
0
0
0
0.0257117
0
0
0.00183655
0.00734619
0.00918274
0.00459137
0.00459137
0.00642792
0.00550964
0.00550964
0.00275482
0.00734619
0.000918274
0.00734619
0.0119376
0.000918274
0.0146924
0.00734619
0.0128558
0
0.0220386
0.00918274
0.00550964
0.0110193
0.00367309
0.00734619
0.00918274
0.00550964
0.00275482
0.00642792
0.00459137
0.00275482
0.00183655
0.00459137
0.00183655
0.000918274
0.00275482
0.000918274
0
0
0
0.000918274