0
0
0
0
0
0
0
0.0032
0
0
0
0.0016
0
0
0
0
0
0
0.0016
0.0016
0
0
0
0.0016
0.0032
0
0
0
0
0
0
0
0
0
0
0
0.0016
0
0.0016
0
0
0
0
0.0016
0
0
0
0
0
0
0
0
0
0
0
0
0
0
0
0
0
0
0
0
0
0
0
0
0
0
0
0
0
0
0
0
0
0
0
0
0
0
0
0
0
0
0
0
0
0
0
0
0
0
0
0
0
0
0
0
0
0
0
0
0
0
0
0
0
0
0
0
0
0
0
0
0
0
0
0
0
0
0
0
0
0
0
0
0.0016
0
0
0
0.0016
0
0
0
0
0
0.0032
0.0016
0.0016
0.0048
0.0032
0.0016
0.0016
0.008
0.008
0.008
0.0048
0.0112
0.0144
0.0288
0.04
0.0608
0.0928
0.072
0.1024
0.048
0.0384
0.0336
0.0208
0.016
0.0208
0.0208
0.0064
0.024
0.0096
0.016
0.016
0
0.0352
0
0.0016
0.0064
0.0048
0.0064
0.0032
0.008
0.008
0.0064
0.0016
0.0048
0.0048
0.0016
0.0096
0
0.0032
0.0032
0.0064
0.0064
0
0.0096
0
0.0048
0.0032
0
0.0032
0.0016
0.0048
0
0.008
0.0048
0.0048
0.0016
0
0.0016
0
0
0.0016
0
0
0
0
0.0112
0
0
0.0016
0.0016
0
0.0016
0
0.0064
0
0.0048
0
0.0016
0
0.0064
0.0048
0
0.0032
0.0032
0
0
0.0032
0
0.0016
0
0.0016
0.0016
0
0.0016
0
0
0
0
0.0016
0
0
0
0.0016
0.0016
0
0
0
0.008