0
0.0477541
0.0586288
0.0453901
0.0420804
0.0345154
0.027896
0.0321513
0.0245863
0.0335697
0.0174941
0.0255319
0.0231678
0.0293144
0.035461
0.0264775
0.0274232
0.0208038
0.0269504
0.0208038
0.0146572
0.0212766
0.00330969
0.00945626
0.00992908
0.00614657
0.00756501
0.00425532
0.00898345
0.00236407
0.00236407
0.00330969
0.00141844
0.00236407
0.00236407
0.000472813
0.00141844
0.000472813
0
0.000472813
0
0
0
0.00756501
0
0
0
0
0
0
0
0
0
0
0
0
0
0
0.000472813
0
0.000945626
0
0
0
0.00236407
0
0
0
0
0
0
0
0
0
0
0
0
0
0
0
0
0
0
0
0
0.00283688
0
0
0
0
0
0
0
0
0.000472813
0
0.000945626
0
0
0
0
0
0.000472813
0
0.000472813
0
0.000945626
0
0
0
0
0
0
0.000472813
0
0
0
0.000472813
0
0
0.00189125
0
0.000472813
0
0
0
0
0
0.0122931
0
0.000945626
0.000472813
0.000472813
0.000945626
0
0.00330969
0.00283688
0.00189125
0.00236407
0.00236407
0.00189125
0.000945626
0.00567376
0.00425532
0.00141844
0.00141844
0.00520095
0.00189125
0.000945626
0.00520095
0.00189125
0.00189125
0.00141844
0.00236407
0.000945626
0.000945626
0.00330969
0.00141844
0.00330969
0.00141844
0.000945626
0.000472813
0.00283688
0.000945626
0.00141844
0.000472813
0
0
0
0
0.00945626
0
0
0
0.000945626
0.00141844
0.00141844
0.00141844
0
0.00141844
0
0.000472813
0
0
0.000472813
0
0
0.00141844
0.000472813
0.000472813
0
0.00189125
0
0
0.000472813
0
0.000472813
0.000472813
0.00236407
0
0.000945626
0
0.000472813
0
0.000472813
0
0
0
0.000472813
0
0
0
0
0.000472813
0
0
0
0
0.000945626
0
0
0.000945626
0.000472813
0.000945626
0.000472813
0.000472813
0.000472813
0.00283688
0.000945626
0
0.000945626
0.000945626
0.000472813
0
0.00472813
0.000472813
0.000945626
0
0.000945626
0.000472813
0.000472813
0.00330969
0.00189125
0.00189125
0.00425532
0.00283688
0.00189125
0.00236407
0.00378251
0.00851064
0.00945626
0.00567376
0.0104019
0.0132388
0.0236407
0.0539007