0
0
0.00094697
0.00094697
0.00094697
0.00189394
0
0
0
0.00189394
0.00189394
0
0.00189394
0.00094697
0.00284091
0.00094697
0
0.00094697
0.00284091
0
0
0.00094697
0
0
0.00094697
0
0.00189394
0.00189394
0
0
0
0.00094697
0
0.00094697
0
0
0
0
0
0
0
0
0
0
0
0
0
0
0
0
0
0
0
0
0
0
0
0
0
0
0
0
0
0
0
0
0
0
0.00094697
0
0
0
0
0
0
0
0
0
0
0
0
0
0
0
0
0
0
0
0
0
0
0
0
0
0
0
0
0
0
0
0
0
0.00094697
0
0
0
0.00094697
0
0
0
0
0
0
0
0
0
0
0
0
0
0
0
0
0
0
0
0
0
0
0
0
0
0
0
0
0
0.00094697
0
0.00094697
0
0.00094697
0
0
0
0.00094697
0.00473485
0.00189394
0.00094697
0.00378788
0.0179924
0.00378788
0.0227273
0.0208333
0.0331439
0.0710227
0.0890151
0.0785985
0.0577652
0.0397727
0.0596591
0.0265152
0.0236742
0.0179924
0.0170455
0.0179924
0.0123106
0.0142045
0.00662879
0.00473485
0.00189394
0.0350379
0
0.00473485
0.00757576
0.0113636
0.00568182
0.00378788
0.00378788
0.00378788
0.00378788
0.00189394
0.00568182
0.00284091
0.00473485
0.00473485
0.00094697
0
0.00284091
0.00094697
0.00284091
0
0.00757576
0
0.00284091
0.00568182
0
0.00284091
0.00284091
0.00662879
0
0.00284091
0
0.00094697
0.00094697
0.00189394
0.00189394
0.00284091
0.00473485
0
0
0.00094697
0
0
0.00473485
0
0.00094697
0.00094697
0.00284091
0.00568182
0.00189394
0.00189394
0.00378788
0.00094697
0.00662879
0.00284091
0.00284091
0
0.00568182
0.00852273
0
0.00473485
0.00473485
0.00473485
0
0.00852273
0.00378788
0.00378788
0.00473485
0.00662879
0.00473485
0.00473485
0.0113636
0.00189394
0.00662879
0.00378788
0
0.00662879
0.00568182
0.00094697
0.00094697
0.00284091
0.00094697
0.00284091
0
0
0.0198864