0
0.0492021
0.0687057
0.0429965
0.0332447
0.0381206
0.0385638
0.0376773
0.0296986
0.0314716
0.016844
0.0429965
0.0323582
0.0274823
0.0336879
0.0239362
0.0208333
0.018617
0.0172872
0.0181738
0.0150709
0.0243794
0.00398936
0.00443262
0.00753546
0.00221631
0.00487589
0.00487589
0.00398936
0
0.00221631
0.00177305
0.00265957
0.000443262
0.00132979
0.000443262
0.000886525
0.000443262
0.000443262
0
0
0
0
0.00620567
0
0
0
0
0
0
0.000443262
0
0
0.000886525
0
0.000443262
0
0
0
0
0
0
0
0
0.00265957
0
0
0
0.000443262
0
0
0.000886525
0
0
0
0
0
0
0
0
0
0
0
0
0
0.00132979
0
0
0
0
0
0
0.000443262
0
0
0
0.000443262
0
0
0.000443262
0
0
0
0
0
0
0.000443262
0
0
0
0
0
0
0.000443262
0
0
0
0.000443262
0
0.000886525
0
0
0
0
0.000443262
0
0
0
0.00797872
0
0.00132979
0.000443262
0.00177305
0
0.000886525
0.00265957
0.00132979
0.00221631
0.00310284
0.00177305
0.00221631
0.00221631
0.00310284
0.00398936
0.00132979
0.00398936
0.00487589
0
0.00221631
0.00886525
0.00310284
0.00177305
0.00132979
0.00487589
0.000443262
0.000886525
0.00132979
0.00132979
0.000886525
0.00132979
0
0.000443262
0.00132979
0.000886525
0.000443262
0.000443262
0
0
0
0
0.00975177
0
0
0.000886525
0.000443262
0.000886525
0
0.000443262
0
0
0
0.00310284
0
0
0.00265957
0
0
0.000443262
0
0.000443262
0
0.00265957
0
0
0
0
0
0
0.00177305
0
0
0
0.00132979
0
0
0
0
0.000443262
0
0
0
0
0
0.00576241
0
0
0
0.000443262
0
0.000443262
0
0.000443262
0
0.000886525
0
0.000443262
0
0.00221631
0.000443262
0
0.000886525
0.000886525
0.000443262
0.000443262
0.00177305
0
0.000443262
0.00132979
0.00177305
0.000886525
0.000886525
0.0035461
0.00132979
0.000886525
0.00576241
0
0.00221631
0.00443262
0.00221631
0.00620567
0.00842199
0.00664894
0.0119681
0.0115248
0.0226064
0.0678191