0
0.00246914
0.00185185
0.000617284
0.00185185
0.00123457
0.000617284
0.000617284
0
0
0
0
0
0
0
0
0
0
0
0
0
0.00123457
0
0
0
0
0
0
0
0
0
0
0
0
0
0
0
0
0
0
0
0
0
0.00123457
0
0
0
0
0
0
0
0
0
0
0
0
0
0
0
0
0
0
0
0
0
0
0
0
0
0
0
0
0
0
0
0
0
0
0
0
0
0
0
0
0
0
0
0
0
0
0
0
0
0
0
0
0
0
0
0
0
0
0
0
0
0
0
0
0
0
0
0
0
0
0
0
0
0
0
0
0
0
0
0
0
0
0
0
0.000617284
0
0
0
0
0
0
0.000617284
0
0
0
0
0
0
0.00123457
0
0.000617284
0.000617284
0
0.00246914
0.00185185
0.0123457
0.0037037
0.00740741
0.0104938
0.0197531
0.0160494
0.0154321
0.0203704
0.00987654
0.0166667
0.0179012
0.00617284
0.00679012
0.0240741
0.00925926
0.00987654
0.00123457
0.00493827
0.0037037
0.000617284
0
0.111728
0
0.000617284
0.00185185
0.00308642
0.0037037
0.000617284
0.00246914
0.000617284
0.00555556
0
0.0117284
0.00123457
0.00123457
0.017284
0.00123457
0
0.00432099
0.00123457
0.00246914
0
0.0395062
0
0.00123457
0.00123457
0.000617284
0.00432099
0.00246914
0.00740741
0
0.00185185
0.000617284
0.00308642
0.000617284
0.0037037
0
0.00185185
0.000617284
0
0.000617284
0
0
0
0.0364198
0
0
0.0037037
0.00123457
0.000617284
0.00246914
0.00246914
0.00432099
0.00246914
0.00740741
0
0.00308642
0.00432099
0.0166667
0.00864198
0.00185185
0.00617284
0.00864198
0.00432099
0.000617284
0.0339506
0.00308642
0.00864198
0.00679012
0.0148148
0.00925926
0.0160494
0.0271605
0.0154321
0.0141975
0.0222222
0.00679012
0.012963
0.0228395
0.0222222
0.0197531
0.0203704
0.0216049
0.0191358
0.0339506
0.00679012
0.0493827