0.0010101
0.0444444
0.0560606
0.0358586
0.039899
0.0323232
0.0308081
0.0373737
0.0237374
0.0393939
0.0252525
0.0358586
0.0373737
0.0348485
0.0368687
0.0257576
0.0237374
0.0272727
0.0247475
0.0131313
0.0116162
0.0212121
0.0030303
0.00707071
0.010101
0.0030303
0.00606061
0.00505051
0.00656566
0.00151515
0.00151515
0.00252525
0.0030303
0.0010101
0.0020202
0.0010101
0.0010101
0.0010101
0
0
0.000505051
0
0
0.00909091
0
0
0
0
0
0.000505051
0
0.0010101
0
0
0
0.000505051
0
0.00151515
0
0
0.00151515
0
0
0
0
0
0
0
0
0
0
0.000505051
0
0
0.000505051
0
0
0.000505051
0
0
0
0
0
0
0
0.00151515
0
0
0
0
0.000505051
0
0.000505051
0
0
0
0.000505051
0.000505051
0
0
0
0
0
0
0
0
0.0020202
0
0
0
0
0
0.000505051
0.000505051
0
0
0.000505051
0.00252525
0
0.0010101
0.000505051
0.000505051
0
0
0.000505051
0
0
0
0.00858586
0
0.000505051
0.0010101
0.000505051
0.000505051
0.00151515
0.0030303
0.000505051
0
0.0030303
0.0030303
0.00252525
0
0.0010101
0.0040404
0.0010101
0.00252525
0.0020202
0.00151515
0.00252525
0.00353535
0.0010101
0.0020202
0.000505051
0.00252525
0.000505051
0.00151515
0.0020202
0.0020202
0.00252525
0.00252525
0.0010101
0.0010101
0.00151515
0.00151515
0
0.000505051
0
0
0.0010101
0
0.00656566
0
0.000505051
0
0
0.000505051
0
0.00151515
0.000505051
0.0020202
0
0.0010101
0.0010101
0.0010101
0.0010101
0.000505051
0
0.000505051
0.000505051
0
0
0.00252525
0
0
0
0
0.00151515
0.000505051
0
0
0.000505051
0
0.0010101
0
0.000505051
0.000505051
0
0
0.000505051
0.000505051
0
0
0
0.0030303
0
0
0
0
0
0.000505051
0.0010101
0
0.0010101
0
0.000505051
0
0
0.00151515
0.0010101
0
0.0010101
0.0010101
0.000505051
0
0.0030303
0.000505051
0.000505051
0.000505051
0.00252525
0.00252525
0.0020202
0.00252525
0.0020202
0.00151515
0.00151515
0.00252525
0.000505051
0.00353535
0.0040404
0.00656566
0.00606061
0.00656566
0.00909091
0.0146465
0.0232323
0.0585859