0
0.000210438
0.0921717
0.0227273
0.0185185
0.0174663
0.0162037
0.0128367
0.00652357
0.0149411
0.00568182
0.0103114
0.00568182
0.00715488
0.015362
0.00378788
0.00673401
0.00652357
0.00652357
0.00420875
0.003367
0.0244108
0.000841751
0.00252525
0.00799663
0.00294613
0.00862795
0.00631313
0.0130471
0.00252525
0.00399832
0.00147306
0.0107323
0.00189394
0.00820707
0.003367
0.00210438
0.00126263
0.00126263
0.000631313
0.0016835
0.00126263
0
0.0700758
0.000631313
0
0.000420875
0.000631313
0.000210438
0.000210438
0.00252525
0.00568182
0
0.0105219
0
0.00105219
0
0.0115741
0.000631313
0
0.00378788
0.000210438
0.000210438
0
0.0126263
0
0.000631313
0
0.00105219
0
0
0.00589226
0
0.000210438
0.003367
0.000210438
0
0.000631313
0.000420875
0
0.000210438
0
0
0
0
0.0128367
0
0
0
0
0.000210438
0.000210438
0
0
0.000420875
0
0.00231481
0.000210438
0.000210438
0.003367
0.000210438
0
0.00189394
0.000841751
0.000210438
0
0.00462963
0
0
0.000420875
0.000210438
0.000841751
0
0.00294613
0
0.000210438
0
0.00210438
0
0.000631313
0.0016835
0.000841751
0.000210438
0.00105219
0.000631313
0
0.000210438
0
0.025463
0.000420875
0.000631313
0.00105219
0.00105219
0.00126263
0.00126263
0.00126263
0.00126263
0.00105219
0.00231481
0.000420875
0.00210438
0
0.00441919
0.000631313
0
0.0016835
0.00147306
0.000841751
0.000420875
0.00904882
0
0.000841751
0.00126263
0.00252525
0.000631313
0.000631313
0.00294613
0.000420875
0.000420875
0.00126263
0.000210438
0.000420875
0.0016835
0.000210438
0.000420875
0.000420875
0.000420875
0
0.000631313
0.000210438
0.0231481
0
0
0.000210438
0.000210438
0.000210438
0.000210438
0
0
0.000631313
0
0.000210438
0.000631313
0.000210438
0.00105219
0
0
0.000210438
0.000420875
0
0
0.0077862
0
0
0.000210438
0
0.000420875
0
0.000841751
0
0
0
0.000631313
0
0
0
0
0
0.000210438
0
0.000210438
0.000210438
0
0.030303
0
0
0
0
0
0.000420875
0
0
0.000210438
0.000841751
0.000210438
0.000210438
0
0.00126263
0.000210438
0
0.000841751
0.000420875
0.000631313
0
0.00862795
0
0.000420875
0.000841751
0.000420875
0.000210438
0.000210438
0.00357744
0.0016835
0.000841751
0.00231481
0.000210438
0.000210438
0.00294613
0.00231481
0.00231481
0.0016835
0.00210438
0.00357744
0.00736532
0
0.253788