0
0
0.025
0.05
0.0386364
0.0272727
0.0159091
0.0272727
0.0227273
0.0386364
0.0136364
0.0568182
0.0113636
0.0136364
0.0522727
0.00454545
0.0113636
0.0295455
0.00454545
0.00909091
0.00454545
0.0431818
0
0.00227273
0.00227273
0
0.00909091
0.00454545
0.0204545
0
0
0
0
0.00454545
0.00909091
0.00454545
0
0
0
0
0
0
0
0.0227273
0
0.00227273
0
0
0
0
0
0.00227273
0
0.00227273
0
0
0
0.00454545
0
0
0
0
0
0
0.00909091
0
0
0
0.00454545
0
0
0
0
0
0
0
0
0.00227273
0
0
0
0
0
0
0
0.00681818
0
0
0
0
0
0
0
0
0
0
0.00227273
0
0
0
0
0
0
0.00227273
0
0
0.00454545
0
0
0
0
0
0.00227273
0.00681818
0
0
0
0
0
0
0
0
0
0
0
0
0
0
0.0227273
0
0
0
0
0
0
0
0.00227273
0
0.00227273
0
0
0
0.00454545
0
0
0
0
0
0
0.00454545
0
0
0
0
0
0
0.00227273
0
0.00227273
0.00454545
0
0
0.00227273
0
0
0
0
0
0
0
0.00909091
0
0
0
0
0
0.00227273
0.00454545
0
0
0
0
0
0
0.00227273
0
0
0.00227273
0
0.00227273
0
0.00227273
0
0
0
0
0
0
0.00454545
0
0
0
0
0
0
0
0
0.00227273
0.00227273
0
0
0
0
0.0136364
0
0
0
0
0
0
0
0
0
0.00454545
0
0.00227273
0
0.00681818
0
0
0
0
0
0
0.00909091
0
0.00227273
0.00227273
0.00454545
0
0
0
0.00227273
0.00454545
0.00227273
0.00227273
0
0.00909091
0.00909091
0.0136364
0.00454545
0.00681818
0.00909091
0
0
0.177273