0
0
0.0351171
0.0334448
0.0183946
0.0317726
0.0250836
0.0133779
0.0100334
0.0367893
0
0.0183946
0.0133779
0.00668896
0.0250836
0.00167224
0.00167224
0.0100334
0.00167224
0.00334448
0
0.0334448
0
0
0
0
0.00334448
0
0.0167224
0.00167224
0
0
0.00668896
0
0
0.00167224
0
0
0
0.00167224
0
0
0
0.0451505
0
0
0
0
0
0
0
0.00167224
0
0
0
0
0
0
0
0
0.00334448
0
0
0
0.00334448
0
0
0
0
0
0
0
0
0
0
0
0
0
0
0
0
0
0
0
0
0.0167224
0
0
0
0
0
0
0
0
0
0
0
0
0
0.00334448
0
0
0
0
0
0
0.00668896
0
0
0
0
0.00167224
0
0.00501672
0
0
0
0.00167224
0
0.00167224
0
0
0
0
0
0
0
0
0.0334448
0
0
0
0
0
0.00167224
0.00167224
0
0
0.00167224
0
0
0
0.0083612
0
0
0
0
0
0
0.0083612
0
0
0.00167224
0
0.00167224
0
0.00501672
0
0
0.00167224
0
0
0
0
0
0
0
0
0
0
0.0334448
0
0
0
0
0.00167224
0
0
0
0.00167224
0
0.00167224
0.00167224
0
0.00167224
0
0
0
0.00167224
0
0
0
0
0
0
0
0
0.00167224
0.00334448
0
0
0
0
0
0
0
0
0
0
0
0
0
0
0.0117057
0
0
0
0.00167224
0
0
0.00167224
0.00167224
0
0.00167224
0
0
0
0.0083612
0
0
0
0.00167224
0
0
0.0117057
0
0.00334448
0.00167224
0
0
0
0.0117057
0
0.00501672
0.0167224
0.00334448
0.00668896
0.0083612
0.0117057
0.0083612
0.0117057
0.0183946
0.0083612
0.0150502
0
0.274247