0
0
0.000750751
0.0563063
0.0247748
0.0217718
0.0165165
0.0157658
0.00225225
0.027027
0.000750751
0.0412913
0.00675676
0.0015015
0.0382883
0
0.0015015
0.012012
0.000750751
0
0
0.0412913
0
0
0
0
0.00225225
0
0.00750751
0
0
0
0.00375375
0
0.0015015
0
0
0
0
0
0
0
0
0.0172673
0
0
0
0
0
0
0
0
0
0
0
0
0
0.000750751
0
0
0
0
0
0
0.000750751
0
0
0
0
0
0
0
0
0
0
0
0
0
0
0
0
0
0
0
0
0.00375375
0
0
0
0
0
0
0
0
0
0
0
0
0
0
0
0
0
0
0
0
0.0015015
0
0
0
0
0
0
0.0015015
0
0
0
0
0
0
0
0
0
0
0
0
0
0
0.027027
0
0
0
0
0
0
0
0
0
0.000750751
0
0
0
0.00225225
0
0
0.000750751
0
0
0
0.00825826
0
0
0
0
0
0
0.00375375
0
0.0015015
0.000750751
0
0
0.000750751
0.000750751
0
0
0
0
0
0
0.024024
0
0
0
0
0
0
0
0
0.003003
0
0.0015015
0
0
0.00225225
0
0
0.0015015
0
0
0
0.00375375
0
0
0
0
0.0015015
0
0.003003
0
0
0
0
0
0
0
0
0
0
0
0
0
0
0.0142643
0
0
0
0
0
0
0
0
0
0.000750751
0
0
0
0.00375375
0
0
0
0
0
0
0.0225225
0
0
0.0015015
0.000750751
0
0
0.00900901
0.0015015
0.00225225
0.00675676
0
0
0.00525526
0.00825826
0.003003
0.00825826
0.00675676
0.00600601
0
0
0.462462