0
0
0.00795455
0.0301136
0.0170455
0.0125
0.00795455
0.00965909
0.00113636
0.0181818
0.00170455
0.00965909
0.00568182
0
0.0204545
0
0.00113636
0.00284091
0.000568182
0.000568182
0
0.0340909
0
0
0
0
0.00113636
0
0.00681818
0
0
0
0.00170455
0
0.000568182
0
0
0
0
0
0
0
0
0.0693182
0
0
0
0
0
0
0.000568182
0
0
0
0
0
0
0.00113636
0
0
0.000568182
0
0
0
0.0107955
0
0
0
0
0
0
0.00113636
0
0
0
0
0
0
0
0
0
0
0
0
0
0.0227273
0
0
0
0
0
0
0
0
0
0
0
0
0
0.000568182
0
0
0
0
0
0
0.00795455
0
0
0
0
0
0
0.00227273
0
0
0
0.000568182
0
0
0
0
0
0
0
0
0
0
0.0460227
0
0
0
0
0
0
0.00113636
0.00113636
0
0.00454545
0
0
0
0.00795455
0
0
0.000568182
0
0
0
0.00909091
0
0
0
0.00113636
0
0
0.00397727
0
0
0.00170455
0
0
0
0.000568182
0
0
0
0
0
0
0.0369318
0
0
0
0
0
0
0
0
0
0
0
0
0
0.00113636
0
0
0.00113636
0
0
0
0.00454545
0
0
0
0
0
0
0.00227273
0
0
0
0.00170455
0
0
0
0
0
0
0
0
0
0
0.0204545
0
0
0
0
0
0
0
0
0
0.00170455
0
0.000568182
0
0.00170455
0
0
0.000568182
0
0
0
0.0153409
0
0.000568182
0
0.00340909
0
0
0.0136364
0
0.00227273
0.0107955
0
0
0.00568182
0.00909091
0.00568182
0.0136364
0.00965909
0.0261364
0.0102273
0
0.414205