0
0.0160099
0.0221675
0.023399
0.0418719
0.044335
0.0381773
0.0307882
0.0431034
0.0418719
0.0221675
0.0307882
0.0270936
0.0295567
0.0381773
0.020936
0.0307882
0.0270936
0.0295567
0.020936
0.00738916
0.0517241
0.00123153
0.0123153
0.0221675
0.00246305
0.0135468
0.00738916
0.00985222
0.00492611
0.00738916
0.00615764
0.0110837
0.00615764
0.00123153
0.0110837
0
0.00369458
0.00246305
0.00123153
0
0
0
0.0320197
0
0
0.00246305
0
0
0.00123153
0.00123153
0.00246305
0.00123153
0.00369458
0
0.00246305
0
0.00246305
0.00123153
0
0
0
0
0
0.00615764
0
0
0
0.00123153
0.00123153
0.00123153
0.00123153
0
0
0.00123153
0
0
0
0
0
0
0
0
0
0
0.00123153
0
0
0
0
0
0
0
0
0
0
0
0
0
0.00123153
0
0
0
0.00123153
0
0
0.00123153
0
0
0
0
0
0.00123153
0.00123153
0
0.00123153
0
0.00123153
0
0
0
0
0
0.00123153
0
0
0
0
0.00985222
0
0
0
0
0
0
0
0
0
0
0
0
0
0
0
0
0.00123153
0
0
0
0.00123153
0
0
0
0
0
0
0
0.00123153
0
0.00123153
0
0
0
0
0
0
0
0
0
0
0
0
0
0
0.00123153
0
0.00123153
0
0
0
0
0
0
0
0
0
0.00123153
0
0
0.00123153
0
0.00246305
0
0
0
0
0
0
0
0
0
0
0.00123153
0
0
0
0
0
0
0
0
0
0
0.00615764
0
0
0
0.00123153
0
0
0
0.00246305
0
0.00123153
0
0.00123153
0
0.00246305
0
0.00123153
0.00246305
0
0.00123153
0
0.00369458
0.00246305
0.00123153
0.00369458
0.00246305
0.00246305
0.00123153
0.00615764
0.00246305
0.00246305
0.00123153
0.00123153
0.00369458
0.00123153
0.00369458
0.00369458
0.00246305
0.00369458
0.00738916
0.00738916
0.00492611
0.0517241