0
0.00181159
0.0253623
0.0471014
0.057971
0.0271739
0.0525362
0.0362319
0.0126812
0.0597826
0.0199275
0.048913
0.0380435
0.0217391
0.0452899
0.00543478
0.0126812
0.0126812
0.0144928
0.0144928
0
0.0271739
0
0
0.00362319
0.00181159
0.0217391
0.00543478
0.00724638
0
0.00362319
0.00181159
0.00543478
0.00181159
0.00543478
0.00362319
0
0
0.00181159
0
0
0
0
0.0108696
0
0
0
0
0.00181159
0
0
0
0
0
0
0
0
0.00181159
0
0
0
0
0
0
0
0
0
0
0.00181159
0
0
0
0
0
0
0
0
0
0
0
0
0
0
0
0
0.00362319
0
0
0
0
0
0
0
0
0
0
0.00181159
0
0
0
0
0
0
0
0
0
0
0
0
0
0
0.00181159
0
0
0
0
0
0.00181159
0
0
0
0
0
0
0
0
0
0
0.00181159
0
0
0.00181159
0
0
0
0
0.00181159
0
0
0.00181159
0
0
0.00362319
0
0
0.00362319
0
0
0
0
0.00181159
0
0
0
0
0
0.00181159
0
0.00181159
0.00362319
0
0
0
0.00181159
0
0.00181159
0
0
0
0
0.00905797
0
0
0
0
0
0
0.00362319
0
0.00181159
0.00181159
0.00181159
0
0
0
0
0.00181159
0.00362319
0
0.00362319
0
0.00181159
0
0
0.00362319
0
0.00181159
0.00181159
0
0
0
0
0.00181159
0
0.00543478
0
0.00181159
0
0
0
0
0
0
0.0108696
0
0
0
0.00181159
0.00181159
0
0.00362319
0
0
0.00362319
0
0.00181159
0
0.00543478
0.00181159
0
0.00181159
0.00362319
0.00181159
0
0.00724638
0.00181159
0.00362319
0.00362319
0.00543478
0
0.00181159
0.00905797
0
0.00543478
0.0108696
0.00181159
0.00362319
0.0126812
0.00724638
0.00181159
0.0144928
0.00905797
0.00362319
0.00724638
0
0.108696