0
0
0.0201465
0.025641
0.0103785
0.018315
0.0103785
0.0042735
0.002442
0.00976801
0.001221
0.015873
0.00549451
0.002442
0.0201465
0
0.000610501
0.003663
0.002442
0.000610501
0
0.0323565
0
0
0.0018315
0
0.0030525
0.000610501
0.01221
0
0
0
0
0
0.0018315
0
0
0
0
0
0
0
0
0.0616606
0
0
0
0
0
0
0
0
0
0.0018315
0
0
0
0.00610501
0
0
0
0
0
0
0.0189255
0
0
0
0
0
0
0.0018315
0
0
0.000610501
0
0
0
0
0
0
0
0
0
0
0.028083
0
0
0
0
0
0
0
0
0
0
0
0
0
0.0018315
0
0
0
0
0
0
0.00854701
0
0
0
0
0.000610501
0
0.001221
0
0
0
0.0018315
0
0.000610501
0.000610501
0.000610501
0
0
0
0
0
0
0.0457875
0
0
0
0.000610501
0.001221
0.000610501
0.003663
0.003663
0
0.0018315
0
0.001221
0
0.0030525
0.000610501
0
0.002442
0
0
0
0.00854701
0
0
0.000610501
0.0018315
0.000610501
0
0.003663
0.000610501
0
0
0
0
0.000610501
0
0
0
0
0
0
0
0.020757
0
0
0
0
0
0.000610501
0.000610501
0
0.001221
0
0.002442
0.000610501
0
0.002442
0
0
0
0
0
0
0.00549451
0
0
0.000610501
0
0.0018315
0
0.002442
0
0
0
0.000610501
0
0
0
0
0
0
0
0
0
0
0.020757
0
0
0
0
0
0
0
0
0
0.000610501
0
0
0
0.0018315
0.000610501
0
0.000610501
0.000610501
0
0
0.020757
0
0.000610501
0.001221
0.002442
0.002442
0.000610501
0.00793651
0
0.00549451
0.00549451
0
0.0030525
0.0128205
0.00915751
0.010989
0.0103785
0.00793651
0.0164835
0.01221
0
0.383394