0
0
0.000260417
0.000520833
0.00078125
0.0015625
0.00078125
0.00234375
0.0015625
0.00208333
0.00234375
0.00182292
0.00182292
0.00234375
0.00494792
0.0046875
0.00364583
0.00286458
0.00364583
0.00598958
0.00286458
0.00911458
0.00182292
0.00572917
0.00494792
0.003125
0.00703125
0.00338542
0.00833333
0.00208333
0.00260417
0.00338542
0.00416667
0.00260417
0.003125
0.00390625
0.00182292
0.00104167
0.00104167
0.00208333
0.00104167
0.000260417
0
0.0117188
0
0.000520833
0.000520833
0.000260417
0.00078125
0.000520833
0.000260417
0.000520833
0.000520833
0.0015625
0.000520833
0.000260417
0.000260417
0.00104167
0.000520833
0
0.000520833
0
0.000260417
0
0.0015625
0.000260417
0.000260417
0.000260417
0.00104167
0
0
0.00104167
0
0
0.00104167
0
0
0.0015625
0
0
0
0
0
0
0
0.00364583
0
0
0
0.000260417
0
0
0
0
0.000520833
0
0.00078125
0
0
0.000260417
0.000260417
0.000520833
0.000520833
0.000260417
0.000260417
0.000260417
0.00182292
0
0.000260417
0.000520833
0.000260417
0
0.000260417
0.00078125
0
0.000260417
0.000260417
0.0015625
0
0
0.00130208
0.000260417
0.000520833
0.000260417
0.000520833
0
0
0
0.00911458
0
0.000260417
0.000260417
0.000260417
0
0.00078125
0.00104167
0.00182292
0.00208333
0.00182292
0.0015625
0.0015625
0.00208333
0.00390625
0.00520833
0.00208333
0.00807292
0.00546875
0.00859375
0.00911458
0.0143229
0.0161458
0.015625
0.0236979
0.0317708
0.03125
0.0442708
0.0583333
0.1625
0.15651
0.0263021
0.0166667
0.0127604
0.0158854
0.0114583
0.00677083
0.00572917
0.00598958
0.00260417
0.0046875
0.00182292
0.0273438
0.00286458
0.0015625
0.00104167
0.00338542
0.00130208
0.00182292
0.00338542
0.0015625
0.00390625
0.00338542
0.00260417
0.00078125
0.00234375
0.00390625
0.00130208
0.00078125
0.00104167
0.0015625
0.0015625
0.000520833
0.00598958
0.000260417
0.000520833
0
0.000260417
0.000260417
0
0.00208333
0.000260417
0.000520833
0
0.000260417
0.000260417
0.00078125
0
0
0.000260417
0
0.000260417
0
0.000260417
0
0.00364583
0
0
0.000260417
0
0.000260417
0.000260417
0
0.000520833
0.000520833
0.00078125
0
0
0
0.00130208
0
0
0
0.000260417
0
0
0.00260417
0
0
0.000260417
0.00104167
0.000260417
0
0.000260417
0
0.00104167
0.000260417
0
0
0.00104167
0
0.000520833
0.000260417
0
0.000520833
0.000260417
0
0.00989583