0
0
0
0
0
0
0
0
0
0
0
0
0
0
0
0
0
0
0
0
0
0.005
0
0
0
0
0.0025
0
0
0
0
0
0.0025
0
0
0
0
0
0
0
0
0
0
0.03
0
0
0
0
0
0
0
0.0025
0.0025
0.0025
0
0
0
0
0
0
0
0
0
0
0.005
0
0.0025
0
0
0
0
0
0
0
0
0
0
0
0
0
0
0
0
0
0
0
0
0
0
0
0
0
0
0
0
0
0
0
0
0
0
0
0
0
0
0
0
0
0
0
0
0
0
0.0025
0
0
0
0.0025
0
0
0
0
0
0
0
0
0
0
0.0175
0
0
0
0
0
0
0
0
0
0
0
0
0
0
0
0
0
0.0025
0.0125
0.0125
0.02
0.0175
0.03
0.035
0.05
0.0825
0.1125
0.085
0.0925
0.05
0.06
0.0275
0.03
0.015
0.0225
0.01
0.005
0.005
0.0075
0.0075
0
0.0375
0.0025
0
0.0075
0.0025
0.0025
0.005
0.0025
0
0.005
0
0
0
0
0.0025
0
0.005
0
0.0025
0
0
0.0025
0
0
0
0
0
0
0.005
0
0
0
0
0
0
0.0025
0
0
0
0
0
0
0
0.005
0
0
0
0
0
0
0
0
0.0025
0.0025
0
0
0
0
0
0
0
0
0
0
0
0
0
0
0
0.0025
0
0
0
0
0
0
0
0
0
0
0
0
0
0
0
0.0325