0
0
0
0
0
0.000195618
0.000586854
0.000978091
0
0.000586854
0.000195618
0.000586854
0.000782473
0.000195618
0.00117371
0.000195618
0.000391236
0.000391236
0
0.000391236
0
0.00136933
0
0
0
0.000195618
0.000391236
0.000195618
0.000782473
0
0.000586854
0.000195618
0.000391236
0.000195618
0.000195618
0.000586854
0.000195618
0.000391236
0.000391236
0.000195618
0.000195618
0
0
0.00391236
0
0.000391236
0.000586854
0.000195618
0.000978091
0.000586854
0.000978091
0.000195618
0.000586854
0.000391236
0.000391236
0.000586854
0
0.000782473
0.000195618
0
0.000978091
0.000391236
0
0
0.000195618
0.000195618
0.000782473
0.000586854
0.000586854
0.000195618
0
0.000391236
0.000586854
0
0.000195618
0.000195618
0.000195618
0.000195618
0.000195618
0.000391236
0.000195618
0
0.000195618
0
0
0.00136933
0
0
0.000195618
0
0.000391236
0.000195618
0.000195618
0
0.000195618
0.000195618
0.000391236
0
0.000195618
0.000391236
0
0.000195618
0.000391236
0.000391236
0
0
0.00117371
0
0
0.000391236
0.000782473
0.000195618
0.000195618
0.00117371
0
0.000195618
0.000782473
0.000391236
0.000391236
0.000391236
0.000195618
0.000195618
0.000391236
0.000586854
0.000391236
0.000195618
0.000391236
0
0.00352113
0.000195618
0.000391236
0.000978091
0.000978091
0.00117371
0.00156495
0.00195618
0.0021518
0.00117371
0.00332551
0.00254304
0.00352113
0.00234742
0.00469484
0.00508607
0.00371674
0.00606416
0.00762911
0.00665102
0.0101721
0.0166275
0.0158451
0.0166275
0.0238654
0.0275822
0.0344288
0.0424491
0.0393192
0.0442097
0.138889
0.204617
0.0790297
0.0250391
0.0277778
0.01741
0.0150626
0.013302
0.0103678
0.0086072
0.00723787
0.00156495
0.0164319
0.00176056
0.00293427
0.00176056
0.00371674
0.00312989
0.0021518
0.00371674
0.00117371
0.00332551
0.00136933
0.00176056
0.00117371
0.00136933
0.00234742
0.00117371
0.000782473
0.000782473
0.000391236
0.000586854
0.000586854
0.00312989
0
0.000195618
0.000978091
0.000391236
0.000391236
0.000195618
0.000586854
0
0.000391236
0
0.000782473
0.000195618
0.000586854
0.000195618
0
0.000391236
0
0.000195618
0
0
0
0.0021518
0
0
0
0.000195618
0.000195618
0.000195618
0.000391236
0.000586854
0
0.000391236
0
0.000782473
0
0.000782473
0.000195618
0
0
0.000391236
0
0
0.000782473
0
0.000195618
0.000195618
0.000586854
0.000391236
0
0.000586854
0.000391236
0.000195618
0.000391236
0
0
0
0.000586854
0
0
0.000391236
0
0.000195618
0
0.00449922