0
0
0
0
0
0
0
0
0
0
0
0
0
0
0
0
0
0
0
0
0
0
0
0
0
0
0
0
0
0
0
0
0
0
0
0
0
0
0
0
0
0
0
0
0
0
0
0
0
0
0
0
0
0
0
0
0
0
0
0
0
0
0
0
0
0
0
0
0
0
0
0
0
0
0
0
0
0
0
0
0
0
0
0
0
0
0
0
0
0
0
0
0
0
0
0
0
0
0
0
0
0
0
0
0
0
0
0
0
0
0
0
0
0
0
0
0
0
0
0
0
0
0
0
0
0
0
0
0
0
0
0
0
0
0
0
0
0
0
0
0
0
0
0
0
0
0
0
0
0
0
0
0
0
0
0
0
0
0
0
0
0
0
0
0
0
0
0
0
0
0
0
0
0
0
0
0
0
0
0
0
0
0
0
0
0
0
0
0
0
0
0
0
0
0
0
0
0
0
0
0
0
0
0
0
0
0
0
0
0.00111111
0.00222222
0
0
0.0144444
0
0.0166667
0.0122222
0
0.0433333
0.0133333
0.0166667
0.0166667
0.0133333
0.0533333
0.0344444
0.0244444
0.0333333
0.0266667
0.06
0.0255556
0.0655556
0.0455556
0.0122222
0.0566667
0.0655556
0.0522222
0.0566667
0.0455556
0.0611111
0.0455556
0.0322222
0.0188889
0.0155556
0.00777778
0.00555556
0.00333333
0
0.00111111
0.00111111
0
0
0
0
0
0
0