0
0
0
0
0
0.0018315
0.001221
0.0018315
0
0.0030525
0
0.003663
0
0.000610501
0.00488401
0
0.000610501
0.000610501
0.0018315
0
0
0.00610501
0.000610501
0
0.000610501
0
0.001221
0.001221
0.0018315
0.000610501
0.0030525
0
0.0018315
0.001221
0.000610501
0.000610501
0.000610501
0.000610501
0
0.000610501
0.000610501
0
0
0.0103785
0
0
0.000610501
0.000610501
0
0.000610501
0
0.000610501
0.000610501
0.001221
0
0.000610501
0.000610501
0.002442
0.001221
0
0.001221
0.001221
0.001221
0
0.00488401
0.000610501
0.001221
0.000610501
0.0018315
0
0
0.000610501
0.000610501
0
0.0018315
0
0.000610501
0.000610501
0
0
0.000610501
0
0
0
0
0.003663
0
0
0
0
0
0
0.000610501
0
0
0
0.001221
0
0.000610501
0.001221
0
0
0.000610501
0
0
0
0.001221
0
0
0.000610501
0
0
0
0.002442
0
0
0.000610501
0.002442
0
0.001221
0
0
0
0
0
0
0
0
0.01221
0
0
0
0
0
0.001221
0
0.002442
0
0.00610501
0.0018315
0.001221
0.001221
0.00610501
0.00671551
0.000610501
0.00732601
0.0128205
0.00793651
0.003663
0.0286935
0.0128205
0.0128205
0.00976801
0.0213675
0.0225885
0.028083
0.0433455
0.0665446
0.0757021
0.0927961
0.030525
0.040293
0.0335775
0.0225885
0.00671551
0.00976801
0.00793651
0.00549451
0
0
0.0885226
0
0
0.001221
0.0042735
0.00854701
0.003663
0.00671551
0.000610501
0.00671551
0
0.00732601
0.0030525
0.002442
0.00793651
0.000610501
0.002442
0.0042735
0.001221
0.001221
0
0.017094
0
0
0.001221
0
0.002442
0.001221
0.00610501
0
0.0018315
0.000610501
0.001221
0
0.0018315
0.001221
0.001221
0.000610501
0
0.000610501
0
0
0
0.010989
0
0
0
0.000610501
0.002442
0.002442
0.000610501
0.001221
0.001221
0.0042735
0
0.001221
0
0.0042735
0.000610501
0
0.000610501
0.000610501
0.000610501
0
0.00488401
0
0.001221
0
0.0018315
0.001221
0
0.003663
0
0.000610501
0.002442
0
0
0.0018315
0.002442
0
0.000610501
0.000610501
0.001221
0
0
0.0189255