0
0
0.000494071
0
0
0
0
0
0
0.00148221
0
0
0
0
0.000494071
0
0.000494071
0
0.000494071
0
0
0.000494071
0
0
0
0
0
0
0
0
0
0
0
0
0
0
0
0
0
0
0
0
0
0.000494071
0
0
0
0
0
0.000494071
0
0
0
0.000494071
0
0
0
0
0
0
0
0
0
0
0.000494071
0
0
0
0
0
0
0.000494071
0
0
0
0
0
0
0
0
0
0
0
0
0
0.000988142
0
0
0
0
0
0
0
0
0
0
0.000494071
0
0
0.000494071
0.000494071
0.000494071
0.000988142
0
0
0
0.000494071
0
0.000988142
0.000494071
0
0.000988142
0
0
0
0
0
0.000494071
0
0.000494071
0.00148221
0.000494071
0
0
0
0
0
0
0.00247036
0
0
0.00197628
0
0
0.00197628
0.00247036
0.00247036
0.00247036
0.00444664
0.00592885
0.00988142
0.0034585
0.0158103
0.0212451
0.00790514
0.0232213
0.0202569
0.0286561
0.0202569
0.0316206
0.0256917
0.0360672
0.0291502
0.0355731
0.0400198
0.0583004
0.147233
0.146739
0.0657115
0.0340909
0.020751
0.0167984
0.0123518
0.0118577
0.0123518
0.00543478
0.00642292
0.00889328
0.0034585
0.00247036
0.0128458
0.000494071
0.000988142
0.00444664
0.00197628
0.00247036
0.00247036
0.0034585
0.00148221
0.00296443
0
0.00197628
0.000988142
0.00247036
0.000988142
0.000494071
0.000494071
0.000988142
0.000494071
0.00148221
0.000988142
0.000494071
0
0.000494071
0.000494071
0.000988142
0.000988142
0.000988142
0.000494071
0
0.000494071
0
0.000494071
0
0.000494071
0.000494071
0.000494071
0
0
0.000494071
0
0
0
0.000988142
0
0
0
0.000494071
0.000494071
0
0
0
0
0
0
0
0
0
0
0
0
0
0.000494071
0
0.000494071
0
0
0.000494071
0
0
0
0
0
0
0
0
0
0
0
0.000494071
0.000494071
0
0
0
0
0.000494071