0
0
0.000772201
0
0.0015444
0
0
0.0015444
0
0.0015444
0
0
0
0.000772201
0.000772201
0
0
0.000772201
0
0
0
0.000772201
0
0
0
0
0
0
0.000772201
0
0
0
0
0
0
0
0
0
0
0
0
0
0
0.0015444
0
0
0
0
0
0
0
0
0
0.0015444
0
0
0
0
0
0
0
0
0
0
0
0
0
0
0
0
0
0
0
0
0
0
0
0
0
0
0.000772201
0
0
0
0
0.0015444
0
0
0
0
0
0
0
0
0
0
0
0
0
0.000772201
0
0
0.000772201
0
0
0
0.000772201
0
0
0
0
0
0
0.000772201
0
0
0
0.0015444
0
0.000772201
0
0
0.000772201
0
0.000772201
0
0
0
0.00694981
0
0
0.0023166
0.000772201
0.000772201
0
0.0015444
0.0015444
0.003861
0.0030888
0.0015444
0.003861
0.0046332
0.00772201
0.0100386
0.015444
0.0177606
0.027027
0.0216216
0.019305
0.034749
0.0162162
0.0254826
0.0254826
0.03861
0.0610039
0.0733591
0.108108
0.148263
0.0656371
0.0339768
0.0293436
0.0216216
0.0131274
0.0138996
0.00849421
0.0123552
0.011583
0.0023166
0.0046332
0.0015444
0.0208494
0
0.0046332
0.0046332
0.0023166
0.0030888
0.0015444
0.0030888
0.0023166
0.0015444
0.000772201
0.003861
0.003861
0.0023166
0.003861
0.0023166
0
0
0.000772201
0.000772201
0.000772201
0
0.000772201
0
0.000772201
0.000772201
0.000772201
0
0.000772201
0
0.000772201
0
0
0
0.000772201
0
0
0
0
0
0
0
0
0.0030888
0
0
0
0
0
0
0
0
0
0
0
0
0
0
0
0
0
0
0
0
0.0015444
0
0
0
0
0
0
0.000772201
0
0
0
0
0
0.000772201
0
0
0
0.0023166
0
0
0
0.0015444