0
0.00134372
0.00188121
0.00188121
0.00429992
0.0024187
0.00322494
0.00429992
0.00564364
0.00591239
0.0053749
0.00725611
0.00833109
0.00644988
0.00698737
0.00564364
0.00510615
0.00618113
0.0053749
0.00671862
0.00403117
0.00376243
0.00214996
0.00618113
0.00483741
0.00349368
0.00214996
0.00349368
0.00376243
0.00322494
0.00376243
0.00134372
0.00214996
0.00161247
0.000806235
0.0024187
0.00134372
0.00188121
0.00214996
0.00134372
0.00107498
0
0
0.0204246
0
0.00161247
0.000806235
0.00053749
0.000268745
0.00134372
0.000806235
0.00161247
0.00107498
0.00053749
0.000268745
0
0.000806235
0.00053749
0.000806235
0
0.00107498
0
0
0.000268745
0.00053749
0.000806235
0.00053749
0.00053749
0.000806235
0.00107498
0.000268745
0
0.000268745
0
0.00053749
0.00053749
0.000268745
0.000268745
0
0.000806235
0
0
0
0
0.000268745
0.00134372
0
0
0
0
0
0
0
0
0.000268745
0.000268745
0.000268745
0
0.00053749
0.000268745
0.000268745
0.00053749
0.000268745
0.000268745
0.00053749
0.000268745
0.00053749
0
0.000268745
0
0.000268745
0.000268745
0.00053749
0.00053749
0.000268745
0.00053749
0
0
0.000268745
0.00053749
0
0
0.000806235
0.000268745
0.000806235
0.000806235
0.000268745
0.000268745
0.370331
0.00994356
0.012631
0.0110185
0.014781
0.0145122
0.0212309
0.0166622
0.0142435
0.014781
0.00510615
0.00107498
0.00134372
0.000806235
0.000806235
0.000268745
0.00134372
0.00053749
0.000806235
0.00053749
0.000806235
0.00161247
0.000806235
0.00053749
0.00107498
0.00214996
0.00134372
0.00134372
0.000268745
0.00107498
0.00134372
0.00107498
0.000806235
0.00107498
0.00214996
0.00134372
0.00053749
0.00107498
0.00107498
0.000806235
0.00107498
0.00053749
0.00349368
0.000806235
0.00107498
0.000806235
0.000806235
0.00161247
0.00107498
0.00053749
0
0
0.000806235
0.000806235
0.000806235
0.00053749
0.00053749
0.000806235
0.00053749
0
0.00053749
0.000806235
0.000268745
0.000806235
0
0.000268745
0.00053749
0
0.00053749
0.00107498
0.00053749
0.00053749
0.00053749
0.000268745
0.00107498
0.000806235
0.00053749
0.000268745
0.00134372
0.000268745
0.00053749
0.000268745
0.000268745
0
0
0.00295619
0
0
0.000268745
0
0
0.00053749
0
0.000268745
0.000268745
0.00053749
0
0.000268745
0.000268745
0.00053749
0.000806235
0.000268745
0
0.00134372
0.000806235
0.00053749
0.00134372
0.00134372
0.000268745
0.000806235
0.000268745
0.000806235
0.000268745
0
0.000268745
0.000806235
0.00107498
0.000806235
0.00188121
0.000806235
0.000806235
0.00053749
0.00107498
0.00161247
0.00268745
0.00349368
0.000806235
0.200752