0
0.00232288
0.00058072
0.00116144
0.00232288
0.00174216
0.00406504
0.0029036
0.00116144
0.00464576
0.00348432
0.00232288
0.00116144
0.00174216
0.00058072
0
0.00116144
0.0029036
0.00232288
0.0029036
0.00232288
0.00174216
0.00058072
0.00116144
0.00174216
0
0.00058072
0.0029036
0.0029036
0.00116144
0.00116144
0.00174216
0.00116144
0.00116144
0
0.00232288
0.0029036
0.00116144
0.00232288
0.00174216
0.00232288
0.00174216
0
0.0203252
0.00058072
0.00174216
0.00232288
0.00058072
0.00174216
0.00058072
0
0.00058072
0.00058072
0.00058072
0.00116144
0.00116144
0.00116144
0.00058072
0.00058072
0.00174216
0.00174216
0.00116144
0.00116144
0.00058072
0.00058072
0
0.00058072
0
0.00058072
0
0.00058072
0.00116144
0.00058072
0
0.00058072
0
0
0
0.00116144
0.00116144
0
0.00058072
0.00058072
0
0
0.00406504
0
0
0
0
0.00174216
0
0
0.00116144
0.00058072
0
0.00116144
0
0.00058072
0.00174216
0.00058072
0.00116144
0.00174216
0.00174216
0
0.00058072
0.00232288
0
0.00058072
0.00116144
0
0.00116144
0.00058072
0.00058072
0
0.00116144
0.00058072
0.00116144
0.00058072
0
0.00116144
0
0.00058072
0.00116144
0
0.00116144
0.00058072
0.00058072
0.490128
0
0
0.00058072
0.00174216
0.00058072
0.00058072
0.00232288
0.0029036
0
0.00116144
0.00058072
0.00174216
0.00058072
0.0029036
0.00116144
0.00058072
0.00174216
0.00174216
0.00058072
0.00174216
0.00813008
0.00116144
0.00232288
0.00174216
0.00522648
0.00406504
0.00174216
0.00348432
0.00406504
0.00522648
0.00754936
0.00174216
0.00174216
0.00406504
0.00522648
0.00348432
0.00464576
0.00174216
0.0029036
0.00232288
0.00232288
0.0267131
0
0
0
0.00116144
0.00116144
0.00116144
0.00232288
0.00058072
0.00116144
0
0.00174216
0.00174216
0
0.00232288
0
0.00058072
0.00232288
0.00058072
0.00058072
0
0.00696864
0
0
0.00116144
0
0
0
0.00348432
0
0
0
0.00116144
0
0.00058072
0
0.00058072
0
0.00058072
0
0.00058072
0
0
0.00696864
0
0
0
0
0.00174216
0
0.00058072
0.00058072
0.00058072
0.00348432
0.00058072
0.00116144
0
0.00116144
0.00058072
0.00058072
0.00058072
0.00174216
0
0.00058072
0.00174216
0
0
0
0.00174216
0.00058072
0
0.00058072
0.00058072
0.00058072
0.00406504
0
0
0.00116144
0.00116144
0.00058072
0.00116144
0.00116144
0.00116144
0.00174216
0.00174216
0.156794