0
0
0.000528821
0.00026441
0.000528821
0.00026441
0.000528821
0
0
0.00105764
0.00026441
0
0
0.00105764
0.00158646
0
0.000528821
0.00026441
0
0.00026441
0.00026441
0.00370175
0.000528821
0.00026441
0.000528821
0
0.00105764
0
0.000528821
0
0.00026441
0
0.000528821
0.00026441
0
0.000528821
0.00026441
0
0.000528821
0
0
0
0
0.0142782
0
0
0
0
0
0.00026441
0.00026441
0.00026441
0
0.00105764
0
0
0
0.000528821
0
0
0
0
0
0.00026441
0.00211528
0
0
0
0
0
0
0.00185087
0
0
0.000793231
0
0
0
0
0
0.00026441
0
0
0.00026441
0
0.00978318
0
0
0
0
0
0.000793231
0
0.00026441
0.00026441
0
0.000793231
0
0
0.00132205
0
0
0.000793231
0.000528821
0
0.00026441
0.0050238
0
0
0.000528821
0
0.000528821
0.00026441
0.00370175
0.00026441
0.000793231
0
0.0026441
0
0.00105764
0.00026441
0.00132205
0.000528821
0.000793231
0
0.00026441
0.00026441
0
0.0396616
0.00026441
0.00026441
0.000528821
0.000528821
0.000793231
0.00158646
0.00132205
0.00608144
0.00026441
0.00475939
0
0.00317292
0.000528821
0.0145426
0.00237969
0.000793231
0.00661026
0.00634585
0.00185087
0.00343733
0.035431
0.00423057
0.0140137
0.0105764
0.029614
0.0274987
0.0420412
0.0552618
0.0661026
0.0883131
0.0772078
0.0214172
0.0237969
0.026441
0.0142782
0.00819672
0.00978318
0.00608144
0.00185087
0.00026441
0
0.0909572
0
0
0.000793231
0.00105764
0.00105764
0.00185087
0.00158646
0
0.00370175
0
0.00898995
0.00105764
0
0.00634585
0
0.000528821
0.00237969
0.00158646
0.00026441
0
0.0137493
0
0
0.00026441
0.00026441
0.00211528
0.00026441
0.00528821
0.00026441
0.00185087
0
0.00237969
0
0.00105764
0.000793231
0.00026441
0.000528821
0
0
0
0
0
0.0267054
0
0
0.000528821
0
0.00026441
0.000528821
0
0.00105764
0.00026441
0.00185087
0
0.000528821
0
0.00317292
0
0
0.000793231
0
0
0
0.0076679
0
0
0.00026441
0.000528821
0.00026441
0
0.00343733
0.00026441
0.000793231
0.00185087
0
0
0.00185087
0.000793231
0.000793231
0
0
0.00026441
0.000528821
0.00026441
0.0637229