0
0
0
0.000771605
0
0
0
0
0.00154321
0
0.000771605
0.000771605
0
0
0.00154321
0
0.000771605
0.000771605
0.000771605
0
0.000771605
0.00231481
0
0
0.00154321
0.000771605
0.000771605
0
0.000771605
0
0
0
0.00308642
0.000771605
0.000771605
0
0
0
0.000771605
0
0
0
0
0.0115741
0
0
0
0
0
0.000771605
0
0
0
0.000771605
0
0.000771605
0
0.000771605
0
0
0.000771605
0.00154321
0
0
0.00308642
0
0
0
0.000771605
0.000771605
0
0.000771605
0
0
0.000771605
0
0
0
0.00231481
0.000771605
0
0
0.000771605
0
0
0.00771605
0
0
0
0
0
0.000771605
0.00154321
0
0
0
0.00308642
0.000771605
0
0.00308642
0
0.00231481
0.00231481
0.00308642
0.000771605
0
0.00694444
0
0.000771605
0.00385802
0.00154321
0.00385802
0.00154321
0.00848765
0
0.00385802
0.000771605
0.00154321
0.00231481
0
0.00308642
0.00540123
0.00231481
0.00308642
0.00231481
0.000771605
0
0
0.0509259
0.000771605
0.00154321
0.00231481
0.00462963
0.000771605
0.00154321
0.00308642
0.00617284
0.00308642
0.00462963
0.00617284
0.00385802
0.00540123
0.0138889
0.00771605
0.0100309
0.0146605
0.0185185
0.0138889
0.0169753
0.0347222
0.0177469
0.0339506
0.0416667
0.0617284
0.0810185
0.146605
0.054784
0.0393519
0.0223765
0.0154321
0.0131173
0.0108025
0.0123457
0.0108025
0.00617284
0.00385802
0.00231481
0.00154321
0.00154321
0.000771605
0.0223765
0
0
0.000771605
0
0.00308642
0.000771605
0
0
0.00154321
0
0.00231481
0
0.00154321
0
0
0
0.00154321
0
0
0.000771605
0.00385802
0
0
0.000771605
0
0
0
0
0
0.000771605
0
0
0
0
0
0
0
0
0.000771605
0
0
0
0.00462963
0
0
0
0
0
0
0
0
0
0
0
0
0
0
0
0
0
0
0
0
0.00308642
0
0
0
0
0.000771605
0
0.000771605
0
0
0.000771605
0
0
0
0
0
0
0.000771605
0
0
0
0.0200617