0
0
7.37898e-005
7.37898e-005
0
0.00014758
7.37898e-005
0.00022137
7.37898e-005
7.37898e-005
0
0
7.37898e-005
0
0
0
0
0.00014758
7.37898e-005
0
7.37898e-005
0
0
7.37898e-005
7.37898e-005
0
0
0
7.37898e-005
0
7.37898e-005
0
0.00014758
0
0
0
0
0
0
0
0
0
0
0.000368949
0
0
0
7.37898e-005
0
0
0
0
0
0
0
0
7.37898e-005
0
0
7.37898e-005
0
7.37898e-005
7.37898e-005
7.37898e-005
0
0
7.37898e-005
0
0
7.37898e-005
0
0.00014758
0
7.37898e-005
0.00014758
0
7.37898e-005
0
7.37898e-005
7.37898e-005
7.37898e-005
0
7.37898e-005
0
0
0.00014758
0
0
0
0
0
0
0
7.37898e-005
0
0
0
0.00014758
7.37898e-005
0.00014758
0
0.00014758
0
0
0
0
0
0
7.37898e-005
0
7.37898e-005
0
0
0.00014758
0
0.00014758
0
0
7.37898e-005
0.00014758
7.37898e-005
0
7.37898e-005
0.00014758
0.00014758
0.00022137
7.37898e-005
0.00014758
0.0716499
0.0135773
0.0178571
0.0186688
0.0148318
0.014758
0.011585
0.00841204
0.00907615
0.0116588
0.0166027
0.0250148
0.0318034
0.0222845
0.0118802
0.00907615
0.00811688
0.00885478
0.00686246
0.00804309
0.00848583
0.0109209
0.0122491
0.0156434
0.018964
0.026343
0.0313607
0.0250885
0.0228011
0.0380756
0.142783
0.169643
0.0481848
0.0116588
0.0105519
0.00885478
0.00612456
0.00472255
0.00531287
0.00317296
0.00273022
0.000959268
0.00472255
0.000295159
0.0014758
0.00125443
0.000885478
0.00103306
0.00177096
0.00110685
0.000442739
0.00140201
0.00022137
0.00140201
0.000885478
0.000442739
0.000516529
0.000368949
0.000516529
0.000590319
0.000295159
0.000368949
0.000516529
0.000516529
0
0.000295159
7.37898e-005
0
0.000442739
0
0.00014758
7.37898e-005
0.000295159
0.00014758
0.000368949
0.00014758
7.37898e-005
0.00014758
7.37898e-005
7.37898e-005
0.000295159
7.37898e-005
7.37898e-005
0
0
0.000295159
0
0
0.00014758
0.00014758
0.00014758
7.37898e-005
0.00014758
0.000295159
7.37898e-005
0
7.37898e-005
0
0
0
0.00014758
0.00014758
7.37898e-005
0
0.000295159
7.37898e-005
7.37898e-005
0.00014758
0.00014758
0.00014758
0.00014758
7.37898e-005
0
0.00014758
0.00022137
0.00014758
7.37898e-005
0
7.37898e-005
0.00014758
0.00022137
0.000442739
0.000368949
0.00022137
0.00014758
0
0
0.000295159