0
0.0335864
0.0354267
0.0285254
0.0230044
0.0163331
0.00989188
0.00828157
0.00713135
0.0131125
0.00621118
0.0163331
0.0193237
0.0172533
0.0266851
0.0174833
0.0170232
0.0186335
0.0236945
0.0184035
0.0151829
0.0276052
0.00759144
0.0144928
0.0124224
0.00621118
0.0142627
0.00644122
0.0115022
0.0036807
0.00506096
0.00253048
0.00690131
0.00253048
0.00552105
0.00207039
0.00230044
0.00253048
0.000920175
0.00207039
0.000460087
0.000460087
0.000230044
0.0172533
0.000920175
0.000460087
0.000920175
0.000460087
0.000920175
0.000920175
0.00161031
0.000920175
0.00161031
0.00138026
0.000230044
0.000920175
0.000230044
0.00184035
0.000690131
0.000920175
0.000690131
0
0.000460087
0.000230044
0.00115022
0.000230044
0
0.000230044
0.000690131
0.000460087
0.000230044
0.000460087
0.000230044
0
0.000460087
0
0.000230044
0.000230044
0.000230044
0
0.000460087
0
0
0
0
0.00207039
0
0
0.000230044
0.000230044
0.000230044
0
0.000460087
0.000460087
0.000230044
0.000230044
0.000230044
0
0.000230044
0.000460087
0.000230044
0
0.000690131
0.000690131
0.000230044
0.000230044
0.00115022
0.000230044
0.000230044
0
0
0.000230044
0
0.000460087
0
0.000230044
0
0.00115022
0
0.000230044
0.000460087
0
0.000230044
0
0
0
0
0
0.00690131
0
0
0
0.000690131
0.000690131
0.000460087
0.000460087
0.00253048
0.000230044
0.00207039
0.00138026
0.00161031
0.000690131
0.00253048
0.00253048
0.00276052
0.0073614
0.0073614
0.010582
0.0110421
0.0181735
0.0202438
0.0177134
0.0112721
0.0119623
0.00943179
0.00989188
0.00805153
0.00552105
0.00437083
0.00322061
0.000690131
0.00207039
0.00299057
0.0036807
0.00184035
0.00184035
0.00207039
0.00115022
0
0
0.00966184
0
0
0.000230044
0.000690131
0.000920175
0.000690131
0.000460087
0.000460087
0.000690131
0
0.00115022
0.000690131
0.000920175
0.000920175
0.000460087
0
0.000920175
0
0.00138026
0
0.00276052
0
0.000230044
0.000460087
0.000230044
0
0.000690131
0.00230044
0
0.000920175
0.000230044
0.00161031
0.000690131
0.000230044
0.000920175
0.000690131
0.000460087
0.000460087
0
0.000230044
0
0
0.00598114
0
0
0.000690131
0.000690131
0.000690131
0.000230044
0.000460087
0.000460087
0.000230044
0.000920175
0.000230044
0.00207039
0
0.00138026
0.00115022
0.000460087
0.000920175
0.000690131
0.000920175
0
0.00345066
0.00184035
0.00161031
0.00276052
0.00207039
0.00230044
0.00230044
0.00276052
0.00184035
0.00276052
0.00253048
0.00207039
0.00345066
0.00414079
0.00460087
0.00529101
0.00483092
0.00621118
0.00966184
0.0138026
0.010352
0.099839