0
0.0194444
0.0270833
0.0263889
0.0263889
0.0222222
0.0284722
0.0201389
0.0263889
0.0520833
0.0416667
0.0729167
0.0611111
0.0527778
0.0416667
0.0270833
0.0159722
0.00763889
0.00902778
0.00902778
0.00555556
0.00138889
0.00138889
0.00486111
0.000694444
0.000694444
0.00208333
0.00138889
0.00208333
0
0
0
0.000694444
0
0.00138889
0
0.000694444
0
0
0
0
0
0
0.000694444
0
0
0
0
0
0
0.000694444
0
0
0.000694444
0
0
0
0
0
0
0
0
0
0
0.000694444
0
0
0
0
0
0
0
0
0
0
0
0
0.000694444
0
0
0
0
0
0
0
0.00138889
0
0
0
0
0
0
0
0
0
0
0
0
0
0.00138889
0
0
0
0
0
0
0
0
0
0
0
0
0
0.000694444
0
0
0
0
0
0
0
0
0
0
0
0
0
0
0.00416667
0
0
0.000694444
0
0.000694444
0
0.000694444
0.00208333
0.000694444
0.00138889
0.00208333
0
0.000694444
0.00138889
0.00208333
0.00138889
0.00833333
0.00138889
0.00416667
0.00347222
0.00625
0.00694444
0.00972222
0.00763889
0.00555556
0.00486111
0.00555556
0.00902778
0.00208333
0.00694444
0.00625
0.00277778
0.00486111
0.00208333
0.00138889
0.00694444
0.00486111
0.00277778
0.000694444
0.00486111
0.000694444
0.00763889
0
0.000694444
0.000694444
0.00208333
0.00138889
0.00208333
0.000694444
0.000694444
0.00486111
0.000694444
0.00208333
0.000694444
0.00277778
0.00138889
0
0.00138889
0
0
0.00277778
0.00208333
0.00277778
0.00138889
0.00138889
0.00208333
0
0
0.000694444
0.00138889
0
0
0.000694444
0.00138889
0.000694444
0
0.00208333
0.000694444
0.000694444
0.000694444
0.00208333
0.000694444
0
0
0.00277778
0
0
0.000694444
0.00138889
0.00138889
0
0
0.00138889
0
0.00277778
0.00208333
0.000694444
0.000694444
0.00347222
0.00208333
0
0.00208333
0
0.00138889
0.000694444
0.00347222
0
0.000694444
0.00347222
0.000694444
0.00138889
0.00277778
0.00555556
0.00347222
0.00555556
0.00555556
0.00486111
0.00277778
0.00416667
0.00833333
0.00486111
0.00138889
0.0111111
0.0111111
0.0166667
0.0145833
0.0541667