0
0.0168234
0.0301831
0.0336467
0.0346363
0.0301831
0.0286987
0.0237506
0.0153389
0.0336467
0.0188026
0.0291935
0.0237506
0.0232558
0.0277091
0.0212766
0.0316675
0.0272142
0.0381
0.0212766
0.00841168
0.0578921
0.00445324
0.0143493
0.0286987
0.017813
0.0286987
0.0183078
0.0113805
0.00494805
0.00791687
0.00544285
0.0118753
0.00791687
0.00841168
0.00494805
0.00247402
0.00197922
0.00346363
0.00197922
0.00296883
0.00148441
0
0.020287
0.000989609
0.000494805
0
0.00148441
0.00346363
0.00247402
0.00247402
0.000989609
0.00148441
0.00148441
0.00148441
0.00148441
0.000494805
0.00296883
0.00148441
0
0.00395844
0.00148441
0.000989609
0.000494805
0.00544285
0.00148441
0.00148441
0.000989609
0.00148441
0.000494805
0
0.00346363
0.000494805
0.000494805
0.00148441
0
0
0.000494805
0.000989609
0.00148441
0.000494805
0.000494805
0.000494805
0
0
0.00395844
0
0
0
0
0
0
0
0
0.000494805
0
0.000989609
0
0
0.000989609
0
0.000989609
0
0
0.000494805
0.000494805
0.00197922
0
0
0.000494805
0.000494805
0.000494805
0
0.00148441
0
0
0.000494805
0.000494805
0.000989609
0
0.00148441
0
0.000494805
0
0
0
0
0
0.00692726
0
0.000494805
0.000494805
0.000494805
0.000494805
0.000989609
0.000989609
0.000494805
0.000494805
0.000494805
0.000494805
0.000989609
0
0.00197922
0.000989609
0
0.000989609
0.00148441
0.000494805
0
0.00593765
0.000494805
0
0.000989609
0.000989609
0.000494805
0
0.00197922
0
0.000494805
0.000494805
0
0.000989609
0.000494805
0.000494805
0
0.000494805
0.000494805
0
0
0
0.00346363
0
0
0
0.000494805
0
0
0.000494805
0.000494805
0.000494805
0
0.000989609
0
0
0.000494805
0
0
0
0
0
0.000494805
0.000494805
0
0
0.000494805
0
0.000494805
0
0
0
0.000494805
0
0.000494805
0
0
0.000494805
0
0
0
0
0
0
0
0.00197922
0
0
0
0.000989609
0.000494805
0
0.000494805
0.000494805
0
0.000989609
0.000494805
0.000989609
0.000494805
0
0.000989609
0.000494805
0
0
0.000494805
0.000494805
0.00247402
0.000494805
0
0.00148441
0.00247402
0.000989609
0.000989609
0.00296883
0.000989609
0.000989609
0.00197922
0.000989609
0.000989609
0.00296883
0.00197922
0.000989609
0.00395844
0.00395844
0.00395844
0.00395844
0.00791687
0.043048