0
0.0263632
0.0587706
0.0474537
0.0180041
0.0154321
0.0122171
0.0109311
0.0109311
0.0159465
0.00848765
0.0158179
0.0144033
0.0145319
0.0196759
0.0133745
0.0156893
0.0132459
0.0174897
0.0164609
0.0124743
0.0227623
0.00462963
0.0118313
0.0127315
0.00758745
0.00977366
0.00848765
0.00990226
0.00372942
0.00552984
0.00334362
0.00604424
0.00295782
0.00334362
0.00475823
0.00218621
0.00141461
0.00192901
0.000771605
0.000257202
0.000514403
0
0.0140175
0
0
0.000900206
0.000514403
0.000514403
0.000771605
0.00154321
0.00128601
0.000128601
0.00205761
0.000128601
0.000257202
0.000128601
0.00141461
0.000643004
0.000128601
0.000900206
0.000385802
0.000385802
0
0.00231481
0
0.000128601
0.000128601
0.000514403
0.000514403
0.000128601
0.00154321
0.000128601
0
0.000643004
0
0.000128601
0.000643004
0.000257202
0
0
0.000128601
0
0
0
0.00462963
0
0
0
0
0.000257202
0
0.000385802
0
0.000771605
0
0.000514403
0.000128601
0.000257202
0.000900206
0
0.000385802
0.00115741
0.000385802
0
0
0.00180041
0
0.000257202
0.000771605
0.000128601
0.000771605
0.000385802
0.00141461
0
0.000771605
0
0.000771605
0.000771605
0.000900206
0.000771605
0.00141461
0.000385802
0.000900206
0.000385802
0.000257202
0
0
0.0172325
0.000257202
0.000643004
0.00231481
0.00295782
0.00231481
0.00205761
0.00398663
0.00347222
0.00411523
0.00578704
0.00604424
0.00694444
0.00385802
0.0110597
0.0111883
0.00475823
0.0113169
0.00951646
0.00900206
0.00385802
0.0154321
0.00565844
0.00835905
0.00668724
0.00810185
0.00462963
0.00450103
0.00694444
0.00334362
0.00450103
0.00527263
0.00205761
0.00282922
0.00321502
0.00372942
0.00295782
0.00360082
0.00437243
0.00128601
0.00115741
0.000385802
0.0182613
0.000128601
0.000385802
0.00167181
0.00205761
0.00205761
0.00257202
0.00257202
0.000643004
0.00295782
0.000900206
0.00475823
0.00192901
0.00128601
0.00282922
0.000643004
0.00192901
0.00231481
0.00192901
0.00102881
0.000514403
0.00475823
0
0.000900206
0.00192901
0.000900206
0.00180041
0.00115741
0.00282922
0.000128601
0.00102881
0.000771605
0.00141461
0.000514403
0.00231481
0.00180041
0.000643004
0.00102881
0.00102881
0.00102881
0.000385802
0
0
0.00745885
0
0.000514403
0.000643004
0.000643004
0.000643004
0.00102881
0.00128601
0.00167181
0.000643004
0.00295782
0.000514403
0.000643004
0.000385802
0.00360082
0.00128601
0.000257202
0.00257202
0.00270062
0.000900206
0.000514403
0.00604424
0.000514403
0.00205761
0.00180041
0.00244342
0.00141461
0.00218621
0.00643004
0.00218621
0.00347222
0.00385802
0.00244342
0.00270062
0.00501543
0.00527263
0.00270062
0.00578704
0.00308642
0.00282922
0.00462963
0.00565844
0.037037