0.00284091
0.00426136
0.00568182
0.0170455
0.0482955
0.0582386
0.0511364
0.0738636
0.0426136
0.0497159
0.0539773
0.0411932
0.0198864
0.0227273
0.0227273
0.0142045
0.0142045
0.00426136
0.00852273
0.00284091
0.00426136
0.00284091
0
0.00142045
0.00284091
0.00284091
0
0.00142045
0.00142045
0
0
0
0
0
0
0.00142045
0.00142045
0.00284091
0
0
0
0.00142045
0
0.0426136
0
0
0
0
0
0
0
0
0
0
0
0
0
0
0
0
0
0
0
0
0
0
0
0
0
0
0
0
0
0
0
0
0
0
0
0
0
0
0
0
0
0
0
0
0
0
0
0
0
0
0
0
0
0
0
0
0
0
0
0
0
0
0
0
0
0
0
0
0
0
0
0
0
0
0
0
0
0
0
0
0
0
0
0
0
0
0
0
0
0
0
0
0
0
0
0.00142045
0
0
0
0
0
0
0
0
0
0
0
0
0
0
0.00142045
0
0
0
0
0
0
0
0
0
0
0.00142045
0
0
0.00142045
0
0
0
0
0
0
0
0
0
0
0
0
0
0.00142045
0
0
0
0
0
0
0
0
0
0
0
0
0
0
0
0
0
0
0
0
0
0
0
0
0
0
0
0
0
0
0
0
0.00142045
0
0
0
0
0
0.00142045
0
0
0
0
0
0
0
0
0
0
0
0
0
0
0
0
0
0
0
0
0
0.00142045
0
0
0
0.00284091
0
0
0.00142045
0
0.00142045
0
0.00426136
0.353693