0
0.0114843
0.0433369
0.04052
0.024052
0.0169014
0.0153846
0.016468
0.011701
0.0249187
0.0084507
0.0208017
0.0188516
0.0171181
0.0312026
0.0112676
0.020585
0.0197183
0.0203684
0.020585
0.00866739
0.0459372
0.00238353
0.0166847
0.0348862
0.00736728
0.020585
0.0227519
0.0221018
0.00390032
0.0125677
0.00433369
0.0104009
0.0056338
0.00758397
0.00585049
0.00498375
0.00216685
0.00455038
0.00195016
0.00130011
0.000433369
0
0.0225352
0.000433369
0.000866739
0.000650054
0.00151679
0.00173348
0.00130011
0.00368364
0.00216685
0.000433369
0.00260022
0.000650054
0.000650054
0.000216685
0.00433369
0.000216685
0.000216685
0.0028169
0.000216685
0
0
0.00671723
0
0.000216685
0.000650054
0.00130011
0.000650054
0.000433369
0.00585049
0.000216685
0.00130011
0.00173348
0.000216685
0.000216685
0.00130011
0.000433369
0.000433369
0.000650054
0.000216685
0.000216685
0
0
0.00931744
0
0
0
0.000216685
0.000866739
0.000216685
0.000433369
0
0.00108342
0
0.00195016
0.000216685
0.000433369
0.0028169
0.000216685
0.000216685
0.000866739
0.000650054
0.000433369
0.000433369
0.0056338
0
0.000866739
0.000650054
0.000433369
0.00173348
0.00151679
0.00390032
0.000216685
0.00130011
0.000650054
0.00390032
0.000433369
0.00195016
0.00130011
0.000650054
0.000650054
0.00151679
0.000866739
0
0
0
0.0145179
0
0.000216685
0.00238353
0.00173348
0.000866739
0.000866739
0.00260022
0.00260022
0.0028169
0.00130011
0.000866739
0.00108342
0.000433369
0.00173348
0.00216685
0.000433369
0.00173348
0.00151679
0.000866739
0.000433369
0.00476706
0.00173348
0.00108342
0.00108342
0.00173348
0.000433369
0.00151679
0.00195016
0.000650054
0.00151679
0.00108342
0.000866739
0.00108342
0.00130011
0.00216685
0.000216685
0.000866739
0.000650054
0.000216685
0.000216685
0
0.0121343
0
0.000433369
0.000433369
0.000866739
0.000650054
0.00130011
0.000866739
0
0.00260022
0.000216685
0.00151679
0.000433369
0.00108342
0.00195016
0.000866739
0.000433369
0.000866739
0.00151679
0.000650054
0
0.00346696
0.000216685
0.000650054
0.000650054
0
0.000650054
0
0.00195016
0
0.000650054
0.000216685
0.00151679
0.000650054
0.00108342
0.00108342
0.00151679
0.000650054
0.000216685
0
0
0
0
0.00693391
0
0.000216685
0.000216685
0.000650054
0.000216685
0.000866739
0.00216685
0.00108342
0.000433369
0.0028169
0
0.000650054
0
0.00216685
0.00108342
0.000650054
0.00151679
0.000433369
0.000433369
0
0.00520043
0.000216685
0.00108342
0.000866739
0.00173348
0.00195016
0.000433369
0.00346696
0.000866739
0.00108342
0.00455038
0.00108342
0.00195016
0.00346696
0.0028169
0.00433369
0.00628386
0.00455038
0.00368364
0.00498375
0.00260022
0.0507042