0
0.0193548
0.0419355
0.0258065
0.0354839
0.027957
0.0322581
0.0290323
0.0225806
0.0311828
0.011828
0.0182796
0.0268817
0.0236559
0.0193548
0.011828
0.011828
0.00752688
0.0150538
0.0107527
0.00215054
0.0258065
0.00215054
0.00752688
0.00752688
0
0.00537634
0.00430108
0.016129
0.00430108
0.00215054
0.00107527
0.00537634
0.00322581
0.00430108
0.00860215
0.00107527
0.00107527
0.00107527
0
0.00107527
0
0
0.0322581
0
0.00107527
0.00107527
0.00215054
0.00107527
0
0.00107527
0.00215054
0
0.00322581
0
0
0
0.00322581
0.00107527
0
0.00107527
0
0
0
0.00215054
0
0
0.00107527
0.00107527
0.00107527
0
0.00215054
0
0
0.00215054
0
0
0
0
0
0
0
0
0
0
0.00645161
0
0
0
0
0
0
0.00107527
0
0.00107527
0
0.00215054
0
0
0.00215054
0
0.00107527
0.00215054
0
0
0
0
0
0
0
0
0
0
0
0
0.00107527
0
0.00537634
0.00215054
0.00322581
0
0
0
0
0.00215054
0
0
0
0.00645161
0
0.00107527
0.00430108
0.00215054
0.00215054
0.00107527
0.00322581
0.00537634
0.00322581
0.00322581
0.00322581
0.00322581
0.00215054
0.00645161
0
0
0.00215054
0
0.00430108
0.00107527
0.00537634
0.00107527
0.00215054
0.00645161
0.00645161
0.00107527
0
0.00537634
0
0.00215054
0.00645161
0.00107527
0.00215054
0
0
0.00107527
0
0.00537634
0.00107527
0
0.00107527
0.0150538
0
0.00107527
0.00107527
0.00322581
0.00215054
0.00107527
0.00215054
0.00107527
0.00537634
0
0.00215054
0.00215054
0
0.00322581
0
0
0
0.00322581
0.00215054
0.00107527
0.00537634
0
0
0
0
0.00215054
0
0.00537634
0
0.00107527
0.00107527
0
0
0.00215054
0
0.00215054
0
0
0
0
0
0
0.00752688
0.00107527
0
0.00107527
0
0.00107527
0
0.00215054
0.00107527
0.00215054
0.00322581
0
0.00215054
0
0.00322581
0.00107527
0
0.00107527
0
0
0.00107527
0.00752688
0.00215054
0.00107527
0.00645161
0.00537634
0.00537634
0.00107527
0.00537634
0.00107527
0.00215054
0.00537634
0.00215054
0.00322581
0.011828
0.00430108
0.00322581
0.00430108
0.00967742
0.00537634
0.011828
0.016129
0.072043