0
0.0257209
0.0575335
0.0422364
0.0345201
0.0216597
0.0142142
0.0144849
0.00934073
0.0193583
0.00866387
0.019223
0.011236
0.00906999
0.0182753
0.0064979
0.00771626
0.013808
0.00988223
0.00771626
0.00460268
0.0245025
0.00270746
0.00568566
0.0104237
0.00324895
0.00974685
0.00690402
0.0136727
0.00270746
0.00717477
0.00365507
0.00568566
0.00433193
0.00703939
0.00514417
0.00338432
0.00243671
0.00257209
0.00257209
0.000947611
0
0
0.0305943
0.000676865
0.00121836
0.000676865
0.00135373
0.00216597
0.00162448
0.00230134
0.00257209
0.00175985
0.00257209
0.000947611
0.00230134
0.000676865
0.00365507
0.00162448
0.000541492
0.00216597
0.00108298
0.000812238
0.000270746
0.00731014
0.000676865
0.000270746
0.000541492
0.00135373
0.000947611
0.000812238
0.00338432
0.000270746
0.000947611
0.00203059
0.000135373
0.000676865
0.0014891
0.000676865
0.000270746
0.000406119
0.000406119
0.000270746
0.000270746
0
0.0124543
0
0.000270746
0.000406119
0.000270746
0.000676865
0.000541492
0.000270746
0.000270746
0.00175985
0.000270746
0.00135373
0.000135373
0.000406119
0.00433193
0.000676865
0.000270746
0.00203059
0.00121836
0.00121836
0.000676865
0.00785163
0
0.000676865
0.00135373
0.000270746
0.00189522
0.000812238
0.00419656
0.00135373
0.00108298
0.000812238
0.0035197
0.00162448
0.00284283
0.00203059
0.00189522
0.000947611
0.00203059
0.00108298
0.000406119
0.000676865
0
0.0304589
0.00121836
0.000812238
0.00270746
0.00203059
0.00216597
0.00257209
0.00216597
0.00230134
0.00203059
0.00487343
0.00175985
0.0029782
0.00135373
0.00392582
0.00270746
0.00108298
0.00243671
0.00324895
0.0014891
0.000947611
0.00866387
0.00108298
0.000947611
0.00203059
0.00203059
0.00175985
0.00230134
0.00338432
0.00162448
0.00216597
0.00270746
0.00162448
0.00175985
0.00406119
0.00284283
0.00230134
0.00203059
0.00189522
0.00175985
0.00162448
0.000541492
0.0177339
0.000541492
0.00135373
0.0014891
0.00189522
0.00162448
0.00175985
0.00284283
0.00135373
0.00203059
0.00121836
0.00257209
0.00203059
0.00108298
0.00311358
0.000812238
0.000947611
0.0014891
0.00203059
0.00108298
0.000812238
0.00270746
0.000676865
0.0014891
0.00243671
0.000135373
0.0014891
0.00162448
0.00257209
0.000406119
0.00121836
0.000406119
0.00162448
0.000676865
0.00189522
0.00216597
0.000541492
0.000812238
0.000676865
0.000947611
0.000541492
0
0
0.00825775
0.000270746
0.000812238
0.000676865
0.000676865
0.000541492
0.00121836
0.0014891
0.000812238
0.000135373
0.00230134
0.00108298
0.000676865
0.000541492
0.00216597
0.00216597
0.000947611
0.00175985
0.00243671
0.000947611
0.000270746
0.00568566
0.000812238
0.00135373
0.00108298
0.00338432
0.00175985
0.000947611
0.00379044
0.00203059
0.00365507
0.00460268
0.00162448
0.00284283
0.00568566
0.00419656
0.00379044
0.00460268
0.00622716
0.00446731
0.00446731
0.00162448
0.0699878