0
0.0278646
0.0265625
0.0296875
0.0257812
0.0151042
0.0127604
0.0114583
0.0078125
0.0140625
0.00677083
0.0177083
0.00963542
0.0143229
0.0255208
0.0143229
0.0145833
0.0161458
0.0221354
0.0197917
0.00989583
0.0242187
0.00364583
0.0119792
0.0106771
0.00546875
0.0127604
0.0078125
0.0151042
0.00208333
0.00598958
0.00130208
0.00494792
0.00260417
0.00234375
0.00208333
0.00286458
0.00130208
0.00208333
0.00130208
0.00104167
0.00182292
0.000520833
0.0208333
0.0015625
0.00104167
0.00078125
0.00078125
0
0.00104167
0.00078125
0.00078125
0.000260417
0.00104167
0.00104167
0.0015625
0
0.00104167
0.000260417
0
0.000520833
0.000260417
0.000520833
0.000260417
0.003125
0
0.000520833
0.00078125
0.00130208
0.000260417
0.000520833
0.00104167
0.000260417
0.000520833
0
0.000260417
0.00078125
0.000520833
0
0.00078125
0.000260417
0
0.000260417
0
0
0.00130208
0
0.000260417
0.000520833
0.00078125
0.000260417
0.000260417
0
0.000520833
0.00078125
0.000260417
0.00078125
0.000520833
0.000260417
0.00104167
0.000260417
0.000260417
0.000260417
0.000520833
0
0.000260417
0.00104167
0.000260417
0
0.000520833
0.000260417
0.000520833
0.00078125
0.000260417
0.000260417
0.00078125
0
0.000520833
0
0.000260417
0.000520833
0
0
0
0.000260417
0.000260417
0
0
0.00963542
0
0
0.00104167
0.000260417
0.00078125
0.00104167
0.00130208
0.00078125
0.000520833
0.00078125
0.000520833
0.00234375
0.00078125
0.00416667
0.00494792
0.00338542
0.0106771
0.00755208
0.0138021
0.0138021
0.0177083
0.0190104
0.0161458
0.0135417
0.0143229
0.00625
0.00625
0.00598958
0.00442708
0.00390625
0.00494792
0.00260417
0.00182292
0.00364583
0.000520833
0.0015625
0.000520833
0.00234375
0.00130208
0.000260417
0
0.00729167
0
0
0.00104167
0.00260417
0.00078125
0.000260417
0.00078125
0.000520833
0.00130208
0
0.00104167
0.00104167
0.000520833
0.00130208
0.000520833
0.00078125
0.00078125
0.000260417
0
0
0.003125
0
0.00078125
0.00104167
0.000260417
0.000520833
0.00078125
0.00234375
0
0.00130208
0.000260417
0
0.00078125
0.000260417
0
0.0015625
0.000260417
0
0.000260417
0
0.000260417
0
0.00520833
0
0
0.000520833
0.00078125
0.000520833
0.000260417
0.00130208
0.000520833
0.000520833
0.00104167
0.00078125
0.000520833
0.00078125
0.00104167
0.000520833
0
0.00286458
0.00208333
0.000260417
0
0.0046875
0.000520833
0.00104167
0.0015625
0.00260417
0.00104167
0.000520833
0.00390625
0.00234375
0.00286458
0.00494792
0.00234375
0.0046875
0.00572917
0.00885417
0.0078125
0.009375
0.00911458
0.0078125
0.0169271
0.0140625
0.100781