0
0.0117679
0.0295567
0.0311987
0.0251779
0.0238095
0.0180624
0.0175151
0.0131363
0.0240832
0.0109469
0.0243569
0.0221675
0.015052
0.0311987
0.015052
0.01341
0.0188834
0.0216201
0.0210728
0.00930487
0.061029
0.00136836
0.0240832
0.0311987
0.0106732
0.0311987
0.0210728
0.0262726
0.00410509
0.0109469
0.00547345
0.0112206
0.00684182
0.00793651
0.0106732
0.00547345
0.00328407
0.00437876
0.00136836
0.00273673
0
0
0.0342091
0.000547345
0
0.00164204
0.00164204
0.00191571
0.000821018
0.00328407
0.00383142
0.00136836
0.00465244
0.00136836
0.00191571
0
0.00355774
0.00191571
0
0.00136836
0.00136836
0.000273673
0
0.00875753
0.000821018
0.00109469
0.000273673
0.000821018
0
0.000273673
0.00355774
0.000273673
0
0.00191571
0
0
0.000273673
0.000273673
0
0.000273673
0.000273673
0
0
0
0.00492611
0
0
0
0.000273673
0.000547345
0
0
0
0.00109469
0.000273673
0.000547345
0.000273673
0
0.00191571
0
0
0.00136836
0
0.000547345
0
0.00328407
0.000273673
0.000547345
0.000547345
0
0.00136836
0
0.00191571
0
0.000547345
0
0.00136836
0.000273673
0.000547345
0.00136836
0.000821018
0.000273673
0.000273673
0
0
0
0
0.0109469
0
0
0.00109469
0.000273673
0.00136836
0.000821018
0.00109469
0.00109469
0.000547345
0.000821018
0.000273673
0.00191571
0.000273673
0.00273673
0.000273673
0
0.00164204
0.000273673
0.000273673
0.000547345
0.00328407
0.00109469
0.000821018
0.000547345
0.00136836
0.00109469
0.00109469
0.00355774
0.000547345
0.00218938
0.00136836
0.000273673
0.000821018
0.00136836
0.000821018
0.000821018
0.000821018
0.00218938
0
0.000547345
0
0.00766284
0
0
0.000273673
0
0.000821018
0.000273673
0.000547345
0
0.00164204
0.000547345
0.00218938
0
0.000821018
0.00136836
0.000821018
0
0.000821018
0.000547345
0.00136836
0.000547345
0.00218938
0
0.000273673
0.000821018
0.000547345
0.00109469
0.000273673
0.00136836
0
0.000273673
0.000273673
0.00136836
0.000547345
0.000547345
0.000821018
0.000821018
0.000821018
0
0
0
0
0
0.00547345
0
0
0.000547345
0.000273673
0.000547345
0.000547345
0.00109469
0.000547345
0.000547345
0.00136836
0.000273673
0.000273673
0
0.00218938
0.000273673
0.000821018
0.000821018
0.000821018
0.00109469
0.000273673
0.00328407
0.000273673
0.00109469
0.00109469
0.00246305
0.000273673
0.000821018
0.00355774
0.00136836
0.00191571
0.00383142
0.00109469
0.00136836
0.00355774
0.0030104
0.00465244
0.00383142
0.00547345
0.00437876
0.00465244
0.00519978
0.0533662