0
0.0122222
0.0296296
0.0344444
0.0322222
0.03
0.0244444
0.022963
0.0148148
0.0303704
0.0118519
0.0355556
0.0281481
0.0251852
0.0474074
0.0174074
0.0262963
0.0237037
0.0303704
0.0311111
0.0162963
0.0614815
0.00407407
0.0181481
0.0248148
0.00444444
0.0192593
0.01
0.0211111
0.00444444
0.0103704
0.00518519
0.00925926
0.00444444
0.00407407
0.00555556
0.00518519
0.00296296
0.00185185
0.00185185
0.000740741
0
0
0.0214815
0
0
0
0
0.00111111
0.00148148
0.000740741
0.000740741
0.000740741
0.00222222
0
0.00148148
0
0.00333333
0.00037037
0.00037037
0
0.00111111
0.00037037
0
0.00555556
0
0.000740741
0.00037037
0.000740741
0.00111111
0
0.00111111
0
0.000740741
0.00185185
0
0.00037037
0.000740741
0.000740741
0
0
0
0
0
0
0.0037037
0
0
0
0
0
0.00037037
0.00037037
0
0
0
0.00037037
0.00037037
0
0.00222222
0.00037037
0.00037037
0.00148148
0
0.00037037
0
0.00185185
0
0
0.00148148
0
0.00111111
0
0.00148148
0
0
0
0.00037037
0.00037037
0.00111111
0.00037037
0.000740741
0.000740741
0.00037037
0.00037037
0.00037037
0
0
0.00851852
0.00037037
0
0.000740741
0.00148148
0
0.000740741
0.00037037
0.000740741
0.00148148
0.00037037
0.000740741
0.000740741
0.00037037
0.00148148
0.000740741
0.000740741
0.00148148
0.00148148
0.000740741
0
0.00407407
0
0
0.000740741
0.00148148
0.000740741
0
0.00148148
0.00037037
0.000740741
0.00111111
0
0
0.000740741
0.00037037
0
0
0
0
0
0
0.00555556
0
0
0
0.000740741
0.00037037
0.000740741
0.00037037
0.00037037
0.00148148
0
0.00037037
0
0.00037037
0.00185185
0.00037037
0.00037037
0.00037037
0
0.00037037
0
0.00185185
0
0
0
0.00037037
0
0
0.00148148
0
0.00037037
0
0.00037037
0
0
0.000740741
0
0
0.00037037
0.00037037
0
0
0
0.00259259
0
0
0.00037037
0
0
0
0.00222222
0.000740741
0.00037037
0.000740741
0.000740741
0.00185185
0.000740741
0.00111111
0.00037037
0
0.00185185
0.00037037
0
0
0.00333333
0.00037037
0.00148148
0.00148148
0.00148148
0.00222222
0.00037037
0.00259259
0.00111111
0.00148148
0.00444444
0.00185185
0.00185185
0.0037037
0.00407407
0.00111111
0.0037037
0.00481481
0.00518519
0.00444444
0.00555556
0.0603704