0
0.0203963
0.0268065
0.0337995
0.0291375
0.0273893
0.0198135
0.027972
0.020979
0.0314685
0.0203963
0.0308858
0.030303
0.0203963
0.0355478
0.0244755
0.0332168
0.025641
0.0221445
0.0244755
0.00932401
0.0337995
0.013986
0.0110723
0.0174825
0.0343823
0.0384615
0.0174825
0.0157343
0.00699301
0.0128205
0.00699301
0.0110723
0.00524476
0.004662
0.00582751
0.004662
0.004662
0.0011655
0.002331
0
0.00291375
0
0.0314685
0.00174825
0.0011655
0.00174825
0.00174825
0.00291375
0.002331
0.0034965
0.0034965
0
0.00174825
0.00174825
0.002331
0
0.00174825
0.002331
0.000582751
0.00174825
0.00174825
0.000582751
0
0.00291375
0
0
0.000582751
0.0011655
0
0
0.0034965
0
0
0.000582751
0
0
0.0011655
0
0
0
0
0
0
0
0.00407925
0
0
0
0
0.0011655
0.000582751
0.0011655
0
0
0
0.0011655
0.000582751
0
0
0
0.000582751
0
0.000582751
0
0.000582751
0.0011655
0
0
0
0
0.000582751
0
0.002331
0.0011655
0
0.000582751
0.00291375
0
0.000582751
0
0.000582751
0.000582751
0
0
0
0
0
0.0034965
0
0
0.0011655
0
0
0
0
0.000582751
0
0.000582751
0.000582751
0.000582751
0
0.000582751
0.000582751
0
0.0011655
0.000582751
0.000582751
0.000582751
0.000582751
0
0
0.000582751
0.0011655
0
0.000582751
0.000582751
0
0.000582751
0
0.000582751
0
0.0011655
0
0
0.000582751
0.0011655
0
0
0
0.00524476
0
0
0
0
0.0011655
0.000582751
0.000582751
0
0
0.000582751
0.000582751
0.0011655
0.000582751
0
0
0.000582751
0.000582751
0.000582751
0
0
0.0011655
0
0
0.000582751
0
0
0.0011655
0
0
0
0
0.000582751
0
0.000582751
0.000582751
0
0
0
0
0
0
0
0.00407925
0
0
0.000582751
0
0
0
0.000582751
0
0
0.0011655
0
0.000582751
0.000582751
0.00291375
0.000582751
0
0.00174825
0.000582751
0
0
0.00524476
0
0.0011655
0.00291375
0.002331
0.000582751
0.0011655
0.00407925
0
0.002331
0.00174825
0.0011655
0.0011655
0.00291375
0.0011655
0.00407925
0.002331
0.00582751
0.00174825
0.00524476
0.00524476
0.0367133