0
0.0130776
0.0340017
0.0348736
0.0331299
0.0444638
0.027027
0.0287707
0.0244115
0.0531822
0.021796
0.0496949
0.0305144
0.043592
0.0453357
0.0174368
0.027027
0.0244115
0.0226678
0.016565
0.0087184
0.0183086
0.00174368
0.0043592
0.00784656
0.00348736
0.0043592
0.00697472
0.00523104
0.00523104
0.00523104
0.00261552
0.00261552
0
0
0.00087184
0
0.00087184
0.00174368
0
0
0
0
0.00261552
0
0
0
0.00087184
0
0
0.00087184
0
0
0.00174368
0
0.00087184
0
0.00174368
0
0
0.00087184
0
0
0
0
0
0
0.00174368
0
0
0
0
0
0.00087184
0
0
0
0
0
0
0
0.00087184
0
0
0
0.00087184
0
0
0
0
0
0
0
0
0
0
0
0
0
0
0
0
0
0
0.00087184
0
0.00087184
0
0
0
0
0.00087184
0
0.00174368
0
0.00087184
0
0
0.00087184
0
0
0
0.00087184
0.00087184
0
0
0
0
0.00087184
0
0
0
0
0
0.00174368
0.00087184
0.00087184
0
0.00261552
0.00174368
0.00087184
0.00087184
0.00348736
0.00348736
0.00174368
0.00261552
0.00261552
0.00610288
0.00261552
0.00523104
0.0043592
0.00087184
0.00174368
0.00697472
0.00348736
0.00087184
0.00174368
0.00523104
0.00087184
0.00261552
0.00348736
0.00174368
0.00348736
0.0043592
0.00261552
0.00261552
0.00261552
0.00087184
0.00174368
0
0.00610288
0
0.00087184
0.00348736
0.00261552
0.00087184
0.00174368
0.00087184
0.00087184
0.00261552
0
0.00261552
0.00087184
0.00174368
0.00087184
0.00087184
0
0.00174368
0.00174368
0.00174368
0
0.00087184
0
0.00261552
0.00261552
0
0.00174368
0
0
0.00087184
0.00174368
0
0
0.00174368
0
0.00348736
0
0.00174368
0.00087184
0
0
0
0
0.00174368
0
0.00087184
0.00261552
0
0.00174368
0.00087184
0
0.00174368
0.00087184
0.00087184
0.00087184
0.00174368
0
0.00261552
0
0.00174368
0
0.00261552
0.00087184
0.00087184
0.00174368
0.00087184
0
0.00087184
0.0043592
0.00174368
0.00261552
0.0043592
0.00261552
0
0.0043592
0.00087184
0.00784656
0.0087184
0.00697472
0.0104621
0.0104621
0.00610288
0.00784656
0.00784656
0.0104621
0.0409765