0
0.010916
0.032748
0.0379687
0.0398671
0.0246796
0.0223066
0.0270527
0.0185097
0.0417655
0.0256289
0.0469862
0.0450878
0.05458
0.056953
0.0450878
0.0384433
0.0294257
0.0322734
0.0170859
0.0161367
0.0161367
0.00237304
0.00522069
0.00427148
0.00237304
0.00427148
0.00474608
0.00332226
0.000949217
0.00237304
0.00142383
0.00189843
0
0.000474608
0.000474608
0.000474608
0
0.000474608
0.000474608
0
0
0
0.00332226
0.000474608
0
0
0.000949217
0
0.000474608
0.000474608
0.000949217
0
0.000474608
0.000949217
0.000474608
0.000474608
0.000474608
0
0
0.000949217
0.00142383
0.000474608
0
0.000474608
0
0
0
0.000474608
0.000474608
0
0.000949217
0
0.000474608
0
0
0
0.000474608
0
0
0
0
0
0
0
0.000949217
0
0
0
0
0.000949217
0
0
0
0
0
0
0
0.000949217
0.000474608
0.000474608
0
0.000474608
0
0
0
0.000474608
0
0
0
0
0.000474608
0
0.000474608
0
0.000949217
0
0.000474608
0
0.000474608
0.000474608
0.000474608
0
0.000474608
0.000949217
0
0
0
0.00284765
0
0
0.000474608
0
0.000949217
0.000949217
0.000474608
0.000949217
0.000949217
0.00189843
0.00189843
0.00189843
0.00237304
0.00522069
0.00379687
0.000949217
0.00854295
0.00332226
0.0056953
0.00284765
0.00427148
0.00474608
0.00711913
0.00332226
0.0056953
0.00332226
0.00379687
0.00237304
0.00332226
0.00332226
0.00237304
0.00237304
0.00237304
0.00237304
0.00237304
0.00189843
0.00237304
0.000949217
0.00189843
0.000949217
0
0.00522069
0.000474608
0.000474608
0.000949217
0.000949217
0.00142383
0.00142383
0.000474608
0.000474608
0.000474608
0
0
0.000949217
0.000474608
0.00379687
0.000474608
0.000474608
0.000949217
0.00189843
0.00142383
0.00142383
0.00237304
0
0.000949217
0.000949217
0
0.000949217
0
0.00142383
0.000474608
0.000474608
0.000474608
0.000474608
0
0
0.00142383
0.000949217
0.000474608
0.000949217
0
0
0
0
0.00332226
0.000474608
0.000949217
0
0.000949217
0.000949217
0.00189843
0.000474608
0.00142383
0.000949217
0
0.000474608
0.000474608
0
0.000474608
0.000949217
0.00237304
0.00142383
0
0.000949217
0.000474608
0.00189843
0.000949217
0.00284765
0.000474608
0.000474608
0.000949217
0
0.000474608
0.00189843
0.00237304
0.00142383
0.00237304
0.00284765
0.00711913
0.00616991
0.00332226
0.00379687
0.00854295
0.0056953
0.00474608
0.0056953
0.0322734