0
0.0211149
0.0287162
0.0253378
0.0304054
0.0320946
0.0320946
0.0422297
0.0489865
0.0717905
0.0506757
0.0548986
0.03125
0.0185811
0.0236486
0.00844595
0.00760135
0.00422297
0.00337838
0.000844595
0.00422297
0.00929054
0
0.000844595
0
0.000844595
0.00253378
0.000844595
0.00253378
0
0.000844595
0
0
0
0
0
0
0
0
0
0
0
0
0.00253378
0
0
0
0
0
0
0
0
0
0.000844595
0
0
0
0
0
0
0
0
0
0
0.000844595
0
0
0
0
0
0
0
0
0
0
0
0
0
0
0
0
0
0
0
0
0
0
0
0
0
0
0
0
0
0
0
0
0
0
0
0
0
0
0
0
0
0
0
0
0
0
0.000844595
0
0
0
0
0
0
0
0
0
0
0.000844595
0
0
0
0
0
0.00760135
0
0
0.000844595
0
0.000844595
0.000844595
0.000844595
0.00168919
0.000844595
0.00168919
0.00168919
0.00168919
0.000844595
0.00760135
0.00506757
0
0.00591216
0.000844595
0.00506757
0.000844595
0.00506757
0.00253378
0.00168919
0.00422297
0.00422297
0.00337838
0.00591216
0.00422297
0.00422297
0.00844595
0.00422297
0.00253378
0.00168919
0.00422297
0.00168919
0.00337838
0.000844595
0.00337838
0.00422297
0.00337838
0.000844595
0.0135135
0
0.000844595
0.00337838
0.000844595
0.00168919
0.000844595
0.00168919
0.000844595
0.00168919
0.00253378
0.00422297
0.00337838
0.00253378
0.000844595
0.000844595
0.00168919
0
0.00253378
0
0
0.00675676
0
0
0.00253378
0.000844595
0.00168919
0.00337838
0.00168919
0
0.00168919
0.000844595
0.00253378
0
0.00168919
0.00168919
0
0
0.000844595
0.000844595
0
0
0
0.00253378
0
0.00168919
0.00168919
0
0.000844595
0.000844595
0.00168919
0.000844595
0.00253378
0.000844595
0
0.00337838
0.000844595
0.000844595
0.000844595
0.000844595
0.000844595
0.000844595
0.00168919
0.00168919
0.00337838
0.00168919
0.00168919
0.000844595
0.00760135
0.00337838
0.00675676
0.00506757
0.00422297
0.00675676
0.00675676
0.00506757
0.00591216
0.00506757
0.00506757
0.0109797
0.00675676
0.0152027
0.0143581
0.0152027
0.0202703
0.0684122