0.00130265
0.0143291
0.0204082
0.0247503
0.0282241
0.0290925
0.0256188
0.0204082
0.0277898
0.0186713
0.0121581
0.00781589
0.00477638
0.00651324
0.0026053
0.00303951
0.000434216
0.00303951
0.00130265
0.00130265
0.00130265
0.00130265
0.000434216
0.00217108
0
0.000434216
0.000868432
0
0.00130265
0
0.000868432
0
0.000434216
0.000868432
0.000434216
0
0.000868432
0.000434216
0
0
0
0
0
0.0173687
0.000434216
0.000434216
0
0
0.000868432
0
0
0
0
0.000434216
0.000434216
0.000868432
0.000434216
0.000434216
0
0
0
0.000434216
0
0.000434216
0.00130265
0.000868432
0
0.000434216
0
0
0
0
0
0
0
0
0
0.000434216
0.000868432
0
0
0
0
0
0
0.00173686
0
0
0
0
0
0
0.000434216
0
0
0
0
0
0
0.000434216
0
0.000434216
0
0
0.000434216
0
0.000434216
0
0
0
0
0.000434216
0
0.000434216
0
0
0.000434216
0.000434216
0
0.000434216
0.000868432
0.000434216
0
0.00130265
0.00130265
0.000868432
0
0
0.00390795
0
0.00130265
0.0026053
0.000868432
0.000434216
0.00217108
0.00130265
0.00217108
0.000434216
0.0026053
0.00477638
0.00390795
0.00434216
0.00955276
0.00825011
0.00781589
0.0151976
0.0134607
0.00998697
0.00825011
0.0121581
0.00825011
0.00868433
0.0026053
0.00217108
0.000868432
0.00130265
0.00303951
0.000434216
0.00173686
0.0026053
0
0.000868432
0.000434216
0.00173686
0.000434216
0.00130265
0.000868432
0.00130265
0.000434216
0
0.00521059
0
0.000868432
0
0.000868432
0
0
0
0.000434216
0.000868432
0
0.000434216
0.00173686
0.000434216
0.000868432
0.000868432
0.000434216
0
0
0.000868432
0.00173686
0.000868432
0.000434216
0
0
0
0.00173686
0.00130265
0.000868432
0
0
0
0.000434216
0.000868432
0.00217108
0.000434216
0.000434216
0.000434216
0.00130265
0.00130265
0
0.00130265
0
0.00521059
0
0
0
0.00173686
0
0
0.000868432
0.000868432
0.000434216
0.000868432
0.000434216
0.000434216
0
0.000868432
0.000868432
0
0.000868432
0.00130265
0.000434216
0.000434216
0.00217108
0.000434216
0.000434216
0
0.000868432
0.00173686
0.000434216
0.0026053
0.00173686
0.00217108
0.00217108
0.00390795
0.00217108
0.00217108
0.00390795
0.00390795
0.0026053
0.00303951
0.00347373
0.00564481
0.00738168
0.444637