0
0.0203947
0.0210526
0.025
0.0263158
0.025
0.025
0.0184211
0.0105263
0.0131579
0.00657895
0.00921053
0.0105263
0.00921053
0.00723684
0.00460526
0.00526316
0.00460526
0.00723684
0.00657895
0.00328947
0.00855263
0.00131579
0.00197368
0.00592105
0.00263158
0.00526316
0.00328947
0.00328947
0.00197368
0.00394737
0.00394737
0.00328947
0.000657895
0.00460526
0.00394737
0.00328947
0.00263158
0.00197368
0.000657895
0.000657895
0
0
0.0421053
0
0
0
0.000657895
0.000657895
0.00394737
0.00328947
0.00723684
0.000657895
0.00592105
0.000657895
0.000657895
0
0.00328947
0.000657895
0.000657895
0.00394737
0.000657895
0
0
0.00592105
0
0
0.00131579
0.00197368
0.000657895
0
0.00131579
0
0
0.000657895
0
0
0.000657895
0
0
0
0
0.000657895
0
0
0.00394737
0
0
0.000657895
0
0
0
0
0
0
0
0
0
0
0.00131579
0
0
0.000657895
0.000657895
0
0
0.00131579
0
0
0
0
0.000657895
0.000657895
0.00131579
0
0.000657895
0
0
0
0
0.000657895
0.000657895
0
0
0
0
0
0
0.00657895
0
0
0
0
0.000657895
0
0
0.000657895
0
0.000657895
0.000657895
0
0
0.00131579
0
0.000657895
0.000657895
0
0
0
0
0.000657895
0
0
0
0
0.000657895
0
0
0
0.00131579
0
0
0.000657895
0
0
0
0
0
0
0
0.00263158
0
0.000657895
0
0
0.00131579
0.00197368
0.000657895
0
0.000657895
0.00197368
0.000657895
0.00131579
0
0.000657895
0.000657895
0.000657895
0
0
0.000657895
0
0.00131579
0
0
0
0.000657895
0
0.000657895
0.000657895
0
0
0
0.000657895
0
0
0.000657895
0
0
0.00131579
0
0
0
0
0.00131579
0.000657895
0.000657895
0.000657895
0
0
0
0
0
0
0.00197368
0
0
0
0.000657895
0
0.000657895
0.000657895
0
0.000657895
0.000657895
0.00328947
0.00131579
0.000657895
0.00131579
0.000657895
0.00131579
0
0.00197368
0
0.00263158
0.00197368
0.00263158
0.000657895
0.00197368
0.00131579
0.000657895
0.00131579
0.000657895
0.00197368
0.00263158
0.00263158
0.5