0
0.00641711
0.00713012
0.00677362
0.00427807
0.0174688
0.0253119
0.0292335
0.027451
0.0231729
0.0153298
0.0167558
0.0153298
0.0117647
0.0103387
0.00819964
0.00677362
0.00819964
0.00891266
0.00713012
0.00748663
0.00463458
0.00320856
0.00356506
0.00285205
0.00142602
0.00356506
0.00213904
0.00142602
0.000713012
0.00106952
0.000356506
0.000713012
0.000356506
0.000713012
0.00106952
0.000356506
0
0.000713012
0.000356506
0.00106952
0
0
0.0149733
0
0.000356506
0
0.000356506
0.000356506
0
0.000356506
0.000713012
0.000356506
0.000713012
0.000356506
0
0.000356506
0.00106952
0.000713012
0
0.000713012
0
0
0
0.000713012
0
0.000356506
0.000356506
0
0
0
0.000713012
0
0.000356506
0.000356506
0
0
0
0
0
0
0.000356506
0
0
0
0.00534759
0
0
0
0.000356506
0.000356506
0
0
0
0
0
0.000356506
0
0.000356506
0.00178253
0
0
0
0
0
0
0.00463458
0
0
0
0
0
0.000356506
0.00356506
0
0
0
0.00249554
0
0.00106952
0.00106952
0
0
0
0
0
0
0
0.0360071
0
0
0
0.00106952
0.000713012
0.00178253
0.00213904
0.00213904
0.000356506
0.00249554
0.000356506
0.000713012
0.00106952
0.0057041
0.00142602
0.00178253
0.00213904
0.00356506
0.00249554
0.00106952
0.0124777
0.000356506
0.000713012
0.00213904
0.00356506
0.00213904
0.000713012
0.00320856
0.00178253
0.00106952
0.00285205
0.00142602
0.00178253
0.00213904
0.00178253
0.000356506
0.00106952
0.00142602
0.000356506
0.00178253
0.00106952
0.0103387
0.000713012
0.00142602
0.000713012
0.00142602
0.000356506
0.00142602
0.00106952
0
0.00142602
0.000356506
0.000713012
0.000356506
0.00106952
0.00249554
0
0.000356506
0.000713012
0.000356506
0
0
0.00213904
0
0.000356506
0.000356506
0
0.000713012
0.000356506
0.00106952
0.000713012
0
0.000356506
0.00142602
0.000356506
0.00106952
0.000713012
0.000713012
0.000713012
0.000356506
0
0
0
0
0.00713012
0
0.000713012
0.000713012
0
0
0.000713012
0.00106952
0
0.000713012
0.00106952
0
0
0
0.00178253
0.000356506
0.000713012
0.00106952
0.000713012
0.000713012
0
0.00142602
0.000713012
0.00142602
0.000713012
0.00106952
0
0
0.00178253
0.000713012
0.00142602
0.00178253
0.00106952
0.00213904
0.00427807
0.00213904
0.00178253
0.00427807
0.00534759
0.00320856
0.00213904
0.00142602
0.455615