0
0.0171209
0.0377358
0.0517121
0.0314465
0.024109
0.0178197
0.0160727
0.0146751
0.0136268
0.0101328
0.011181
0.00768693
0.0101328
0.0125786
0.011181
0.0146751
0.0178197
0.0188679
0.0293501
0.0178197
0.0768693
0.000698812
0.0478686
0.0380853
0.0188679
0.0426275
0.037037
0.0269043
0.00733753
0.0143256
0.00908456
0.0122292
0.00733753
0.00279525
0.00279525
0.00244584
0.00139762
0.00209644
0.000349406
0.000698812
0
0
0.00698812
0
0
0
0.000349406
0.00104822
0.00104822
0.00104822
0.000698812
0
0.00104822
0.000349406
0.000349406
0.000698812
0.00244584
0
0
0.000698812
0
0
0.000698812
0.00244584
0
0.00104822
0.000349406
0.000349406
0.000349406
0
0.00209644
0.000349406
0
0.000698812
0
0
0
0.000698812
0.000698812
0
0.000349406
0
0
0
0.00489168
0
0
0
0.000349406
0.000349406
0.00104822
0.00104822
0.000349406
0.000698812
0
0.000349406
0.000349406
0
0.00349406
0
0
0
0.00139762
0.00104822
0
0.00628931
0
0
0.00209644
0
0.00209644
0.00104822
0.0059399
0
0.00244584
0.00104822
0.00628931
0.00174703
0.00314465
0.00244584
0.00139762
0.00139762
0
0
0
0
0
0.0255066
0.000349406
0.000698812
0.00104822
0.00174703
0.00139762
0.00244584
0.00209644
0.00419287
0.00104822
0.00454228
0.000698812
0.00244584
0.00104822
0.00454228
0.00139762
0.00139762
0.00209644
0.00209644
0.00104822
0
0.00524109
0.000349406
0.00104822
0.00104822
0.00139762
0.000698812
0
0.00244584
0.000349406
0.00139762
0.00139762
0.000349406
0.000349406
0.00209644
0.00104822
0
0.00104822
0
0
0.000698812
0
0.00768693
0
0.000698812
0.000349406
0
0.00104822
0
0.000349406
0
0
0
0
0
0
0.000698812
0
0
0
0
0
0
0.00139762
0
0
0.000349406
0
0.000349406
0.000349406
0.00139762
0
0.000349406
0
0
0
0
0
0
0.000349406
0
0
0
0
0
0.00349406
0
0
0
0.000349406
0.000349406
0.000349406
0.000349406
0
0
0.000349406
0.000349406
0.000349406
0
0.00139762
0.000698812
0.000349406
0.000698812
0.000349406
0.000349406
0
0.00314465
0.000349406
0.000698812
0.00104822
0.00174703
0
0.000349406
0.00314465
0.00209644
0.00244584
0.000349406
0.000698812
0.00174703
0.00244584
0.00244584
0.00174703
0.00349406
0.00349406
0.00454228
0.00663871
0.00733753
0.0248078