0
0
0.00793651
0.015873
0.0238095
0.0291005
0.042328
0.0396825
0.0132275
0.0687831
0.0343915
0.0608466
0.0502645
0.0502645
0.047619
0.0291005
0.0185185
0.010582
0.031746
0.00529101
0.00529101
0.031746
0
0.0026455
0.0238095
0
0.021164
0.0026455
0.010582
0
0.015873
0
0.021164
0
0.010582
0.00793651
0.0026455
0
0.0026455
0
0
0
0
0.0502645
0
0
0
0
0
0
0
0
0
0
0
0
0
0.00529101
0
0
0
0.0026455
0
0
0.00529101
0
0
0
0.0026455
0
0
0
0
0
0
0
0
0
0
0
0
0
0
0
0
0.00529101
0
0
0
0
0
0
0
0
0
0
0.0026455
0
0
0
0
0
0
0
0
0
0
0
0
0
0
0
0
0.00793651
0
0
0
0.0026455
0
0
0
0
0
0.0026455
0
0
0
0
0.0026455
0
0
0
0
0
0
0
0
0
0.00529101
0
0
0
0
0
0
0
0
0
0
0
0
0
0
0
0
0
0
0
0
0
0
0
0
0
0
0
0
0
0
0
0.00529101
0
0
0
0
0
0
0
0
0.0026455
0
0
0.0026455
0
0
0
0
0
0
0
0
0.0026455
0
0
0
0
0
0
0
0
0
0
0.0026455
0
0.0026455
0
0
0
0
0
0.0026455
0
0
0.00529101
0
0
0
0
0
0
0
0
0
0.00529101
0
0
0.0026455
0.0026455
0
0
0
0
0
0
0
0
0.0026455
0.0026455
0
0
0.0026455
0.0132275
0.0026455
0.0026455
0
0.0026455
0.00529101
0.00529101
0.0026455
0
0
0.0026455
0.015873
0
0
0.0687831