0
0.0138889
0.0135031
0.0385802
0.035108
0.0347222
0.0297068
0.035108
0.0181327
0.0219907
0.0165895
0.0146605
0.0115741
0.0123457
0.0119599
0.0104167
0.00771605
0.00810185
0.0115741
0.00964506
0.00578704
0.0154321
0.00501543
0.00578704
0.00964506
0.00771605
0.00733025
0.00771605
0.00848765
0.00501543
0.00810185
0.00655864
0.0100309
0.00501543
0.00733025
0.00694444
0.00810185
0.00501543
0.00810185
0.00270062
0.00347222
0.00154321
0
0.0405093
0.00192901
0.00347222
0.00655864
0.00617284
0.00617284
0.00617284
0.00694444
0.00694444
0.00733025
0.0104167
0.00270062
0.00308642
0.00308642
0.00887346
0.00810185
0.00115741
0.00617284
0.00424383
0.00578704
0.000771605
0.00733025
0.00231481
0.00347222
0.00424383
0.00501543
0.00154321
0.00231481
0.00462963
0.00308642
0.00231481
0.00154321
0.000771605
0.00154321
0.00231481
0.00270062
0.00154321
0.00154321
0.000771605
0.00115741
0
0
0.0127315
0
0
0.000771605
0
0.000771605
0.000385802
0.00115741
0.000771605
0.00308642
0
0.00231481
0.00192901
0.000771605
0.00347222
0.000385802
0.000771605
0.000385802
0
0.000385802
0.000385802
0.00462963
0
0.00115741
0.000771605
0
0.000771605
0.000385802
0.00385802
0
0.00115741
0
0.00270062
0.00115741
0.00115741
0.00192901
0.00115741
0
0.000385802
0.000385802
0.000385802
0
0
0.033179
0
0.000385802
0.000385802
0.000385802
0.00192901
0.00154321
0.00192901
0.00270062
0
0.00462963
0.000385802
0.00385802
0.000385802
0.00771605
0.00385802
0.00115741
0.00810185
0.00501543
0.00192901
0.00192901
0.0138889
0.00115741
0.00115741
0.00192901
0.00270062
0.00154321
0.000771605
0.00231481
0
0.000771605
0.00617284
0
0.000385802
0.000385802
0.00115741
0.000771605
0
0
0
0
0
0.0196759
0
0
0
0
0.000385802
0.000385802
0.000385802
0
0.00115741
0
0.00154321
0
0
0.00308642
0
0
0.000385802
0.000385802
0.000385802
0.000385802
0.00540123
0
0
0
0
0.000385802
0.000771605
0.000385802
0
0.000771605
0.000385802
0.00115741
0
0.000385802
0.000385802
0.000771605
0
0.000771605
0
0
0
0
0.00964506
0
0
0
0.000771605
0.000771605
0.000771605
0
0
0
0.000771605
0
0.000385802
0
0.00115741
0.00192901
0
0
0.000385802
0.00115741
0.000385802
0.00347222
0.000385802
0.000385802
0.000385802
0.00115741
0.000385802
0.00115741
0.00115741
0.000771605
0.00192901
0.00270062
0.00115741
0.000771605
0.00270062
0.00192901
0.00308642
0.00231481
0.00115741
0.00231481
0.00462963
0.00231481
0.0339506