0
0.0153439
0.021164
0.0126984
0.0216931
0.0296296
0.0291005
0.0328042
0.0375661
0.0793651
0.026455
0.0513228
0.0619048
0.0539683
0.0608466
0.0248677
0.0216931
0.0243386
0.0222222
0.0185185
0.00846561
0.0253968
0.0021164
0.0042328
0.00899471
0.0010582
0.0037037
0.0031746
0.00529101
0
0.0010582
0
0.0021164
0.000529101
0
0.000529101
0.000529101
0.0010582
0.0010582
0
0
0
0
0.0126984
0
0
0.000529101
0
0
0.0010582
0
0.0010582
0
0.0021164
0
0
0
0.0015873
0
0
0.000529101
0
0.000529101
0
0.0026455
0
0
0.000529101
0.0010582
0
0
0.0021164
0
0
0.000529101
0
0
0
0
0.000529101
0
0
0
0
0
0.0047619
0
0
0
0
0
0.000529101
0
0
0.000529101
0
0.0015873
0
0
0.000529101
0
0
0.0015873
0
0
0
0.0047619
0
0
0.000529101
0
0.0026455
0.000529101
0.00529101
0
0.0021164
0
0.0026455
0.000529101
0.0010582
0
0
0.0010582
0
0
0
0
0
0.0142857
0
0
0.000529101
0
0.000529101
0.000529101
0.0010582
0.0021164
0.000529101
0.0031746
0
0.0015873
0.000529101
0.0031746
0.0010582
0
0.0010582
0.000529101
0
0
0.00582011
0
0
0.0015873
0.0010582
0.0010582
0
0.0031746
0
0
0.0021164
0
0
0.000529101
0.000529101
0
0
0
0
0
0
0.00846561
0
0
0
0
0.000529101
0
0
0
0
0
0.000529101
0
0
0.0015873
0
0
0
0.000529101
0
0
0.0031746
0
0.000529101
0
0
0.000529101
0
0.000529101
0
0.000529101
0.0015873
0.0015873
0
0.000529101
0.0026455
0
0
0
0
0
0
0
0.00529101
0
0
0.0010582
0.000529101
0
0
0.0010582
0.000529101
0
0.0015873
0
0.000529101
0
0.0015873
0.0010582
0.000529101
0.0021164
0.000529101
0.0015873
0.0010582
0.0047619
0.000529101
0.0010582
0.0015873
0.000529101
0.0010582
0.0026455
0.00529101
0.0010582
0.0015873
0.0037037
0.0026455
0.0026455
0.0047619
0.00582011
0.0042328
0.00634921
0.0037037
0.00687831
0.00740741
0.00529101
0.0645503