0
0.0508827
0.0251298
0.0207684
0.0418484
0.0307373
0.0266874
0.0449637
0.0287643
0.0699896
0.0221184
0.0561786
0.0501558
0.04081
0.0441329
0.0194185
0.0253375
0.0184839
0.0150571
0.0174455
0.00560748
0.0206646
0.000207684
0.00415369
0.00643821
0.00124611
0.00488058
0.00332295
0.003946
0.000415369
0.00155763
0.00114226
0.00114226
0.000726895
0.00124611
0.000830737
0.000519211
0.000519211
0.000207684
0.000207684
0
0
0
0.00623053
0
0
0.000103842
0.000207684
0.000103842
0
0.000519211
0.000103842
0.000207684
0.00103842
0.000103842
0.000103842
0.000103842
0.000934579
0.000103842
0.000103842
0.000415369
0.000103842
0
0
0.00332295
0.000103842
0
0.000103842
0.000207684
0.000103842
0
0.00186916
0
0.000103842
0.00103842
0
0
0.000207684
0.000415369
0
0.000103842
0
0
0
0
0.0102804
0
0
0
0
0
0
0.000103842
0
0.000519211
0
0.00103842
0
0
0.00301142
0
0
0.000623053
0
0
0
0.00726895
0
0
0.000415369
0
0.00259605
0.000103842
0.00654206
0
0.000830737
0
0.00539979
0.000311526
0.00353063
0.00145379
0.000519211
0.000207684
0.000207684
0.000207684
0
0.000103842
0
0.031568
0
0.000103842
0.000103842
0.000103842
0.000311526
0.000415369
0.00114226
0.00301142
0.000311526
0.00373832
0
0.000311526
0
0.00342679
0.000311526
0
0.00280374
0.00114226
0
0
0.00425753
0
0.000207684
0.000311526
0.00114226
0.000103842
0.000103842
0.00155763
0.000207684
0.000207684
0.000519211
0
0.000207684
0.000415369
0.000311526
0
0.000519211
0.000103842
0
0
0
0.00363448
0
0
0
0.000103842
0
0
0.000311526
0.000103842
0.000103842
0
0.000415369
0.000207684
0
0.000726895
0
0
0.000103842
0.000415369
0
0.000103842
0.00280374
0
0
0.000103842
0.000103842
0.000311526
0
0.000623053
0.000311526
0.000103842
0
0.000207684
0.000103842
0.000103842
0.000311526
0.000207684
0
0
0.000311526
0
0
0
0.00643821
0
0
0.000207684
0.000415369
0
0.000311526
0.000623053
0.000519211
0.000311526
0.000830737
0
0.000519211
0.000415369
0.00103842
0.000830737
0.000726895
0.000415369
0.000830737
0.000207684
0.000103842
0.00311526
0.000519211
0.00124611
0.00145379
0.00145379
0.00114226
0.000207684
0.00301142
0.000934579
0.00124611
0.00145379
0.000207684
0.00103842
0.00373832
0.00311526
0.00290758
0.00342679
0.0046729
0.001973
0.00436137
0.00301142
0.0989616