0
0.0170807
0.0201863
0.0341615
0.0279503
0.0248447
0.0372671
0.052795
0.0263975
0.0667702
0.0326087
0.0465838
0.0450311
0.0481366
0.0481366
0.0217391
0.0232919
0.00621118
0.015528
0.0139752
0.00465839
0.0124224
0
0
0.00465839
0
0.00310559
0
0
0
0.0015528
0
0.0015528
0
0
0
0
0
0
0
0
0
0
0.0015528
0
0
0
0
0
0
0
0
0
0.0015528
0
0
0
0
0
0
0
0
0
0
0
0
0
0
0
0
0
0
0
0
0
0
0
0
0
0
0
0
0
0
0
0.0015528
0
0
0
0
0
0
0
0
0
0
0
0
0
0
0
0
0
0
0
0
0.0015528
0
0
0
0
0
0
0
0
0
0
0.0015528
0
0
0
0
0
0
0
0
0
0
0.00310559
0
0
0.0015528
0.0015528
0
0.00310559
0
0.0015528
0
0.00310559
0
0.00465839
0.0015528
0.00310559
0.0015528
0
0.0015528
0.0015528
0.00776398
0
0
0
0
0.0015528
0.00310559
0.0015528
0
0.00310559
0
0
0.00465839
0
0
0.0015528
0.0015528
0
0
0
0
0
0
0.00931677
0
0
0
0
0.0015528
0.0015528
0
0
0.00310559
0
0
0
0
0.0015528
0.0015528
0
0
0
0
0
0.00310559
0
0
0.0015528
0
0.0015528
0
0.00310559
0
0
0
0
0.0015528
0
0.0015528
0.00310559
0
0.0015528
0.00310559
0
0
0
0.00931677
0
0.0015528
0
0
0
0
0.00310559
0
0.0015528
0.0015528
0.0015528
0.00310559
0.0015528
0
0.00310559
0
0.0015528
0.00310559
0.00465839
0
0.00465839
0
0.00310559
0.00621118
0.00310559
0.0015528
0.00310559
0.00310559
0.00310559
0.0015528
0.0124224
0.00465839
0.00621118
0.00310559
0.0139752
0.0108696
0.00931677
0.0124224
0.0108696
0.00931677
0.0108696
0.0947205