0
0.0208424
0.032132
0.0434216
0.0277898
0.0286583
0.0217108
0.0156318
0.0143291
0.0147634
0.00781589
0.0117238
0.00868433
0.0165002
0.0143291
0.0217108
0.0199739
0.0147634
0.0191055
0.0256188
0.0134607
0.0477638
0.00130265
0.0364742
0.0334347
0.016066
0.0395137
0.0334347
0.0330004
0.0108554
0.0178029
0.0138949
0.0121581
0.0108554
0.00738168
0.00521059
0.0026053
0.00303951
0.00130265
0.00217108
0.000434216
0.000434216
0
0.0104212
0
0
0
0.000868432
0.000434216
0
0.00130265
0.000434216
0.000434216
0.000868432
0.000868432
0.00130265
0
0.00347373
0.00130265
0
0.00217108
0.000434216
0
0
0.00738168
0
0
0.000868432
0.00130265
0.000868432
0.000868432
0.00130265
0.000434216
0.000868432
0.000434216
0
0.000434216
0.000868432
0.00130265
0.000434216
0
0
0.000434216
0.000434216
0
0.00651324
0
0.000434216
0
0.000434216
0
0.000434216
0.000434216
0
0.00130265
0
0.000868432
0.000434216
0
0.00130265
0
0
0.000868432
0.000434216
0
0.000434216
0.00781589
0
0.000868432
0.000434216
0
0.00434216
0
0.00564481
0.000434216
0.000434216
0
0.00434216
0.000434216
0.0026053
0.00347373
0.00173686
0.00130265
0.00173686
0.00130265
0
0.00173686
0
0.0251845
0.000434216
0.000434216
0.00173686
0.000868432
0.000868432
0
0.00217108
0.0026053
0.00130265
0.00303951
0.000434216
0.00303951
0.000868432
0.00347373
0.000434216
0
0.00217108
0.00303951
0.000868432
0
0.0026053
0
0.000434216
0.000868432
0.000868432
0.000434216
0.000434216
0.0026053
0.000434216
0.000434216
0.00130265
0
0
0.000434216
0.00173686
0.000434216
0.00217108
0.000434216
0.000868432
0
0
0.00521059
0
0
0.000434216
0.000868432
0.000434216
0.000434216
0.000868432
0
0.000868432
0
0.00130265
0
0.000434216
0.00173686
0.000434216
0.000434216
0
0
0.000434216
0.000434216
0.00217108
0
0
0.000434216
0
0.000434216
0.000434216
0.000868432
0
0
0
0.000434216
0
0
0
0.000868432
0
0
0
0
0
0
0.00217108
0
0
0
0
0
0
0.000434216
0.000434216
0
0.000868432
0
0.00130265
0
0.000434216
0.00130265
0.000434216
0.00347373
0.000868432
0
0
0.00390795
0.000434216
0
0.000868432
0.000868432
0.00173686
0.00217108
0.00217108
0.00130265
0.00173686
0.0026053
0.00173686
0.00217108
0.000868432
0.00303951
0.0026053
0.00347373
0.00434216
0.00738168
0.00825011
0.00477638
0.0251845