0
0
0.0176768
0.0252525
0.0277778
0.040404
0.030303
0.0277778
0.0378788
0.0530303
0.0252525
0.0252525
0.030303
0.0227273
0.0378788
0.020202
0.0252525
0.020202
0.0151515
0.020202
0.010101
0.0656566
0
0.00757576
0.0126263
0.00252525
0.00757576
0.00757576
0.030303
0.00252525
0.00505051
0
0.0151515
0
0.020202
0.010101
0.00505051
0.00252525
0
0
0
0
0
0.0151515
0
0
0
0
0
0
0.010101
0.00252525
0
0.00252525
0
0
0
0.00252525
0
0
0
0
0
0
0.010101
0
0
0
0
0
0
0.00757576
0
0
0
0
0
0
0
0
0
0
0
0
0
0.00252525
0
0
0
0
0
0
0
0
0
0
0
0
0
0
0
0
0
0
0
0
0
0
0
0
0
0.00252525
0
0
0
0
0
0
0
0
0
0
0
0
0
0
0
0
0.0151515
0
0
0
0
0
0
0
0
0.00252525
0
0
0
0
0
0
0
0
0
0
0
0.00505051
0
0
0
0.00505051
0
0
0.00252525
0
0
0
0
0
0
0.00252525
0
0
0.00252525
0
0
0
0.010101
0
0
0
0
0
0
0
0
0
0
0.00252525
0
0
0
0
0
0
0
0
0
0.00252525
0
0
0
0
0
0
0
0
0
0
0
0
0
0
0
0
0
0
0
0
0
0.00252525
0
0
0
0
0
0
0
0
0
0
0
0
0
0.00505051
0
0
0
0
0
0
0.00252525
0
0
0.00252525
0.00252525
0
0
0.00505051
0.00252525
0.00505051
0.0126263
0
0
0.00757576
0.00252525
0
0.00757576
0.0126263
0.00505051
0.00505051
0.00252525
0.103535