0
0.00131839
0.00197759
0
0.000659196
0.00395517
0.00131839
0.00461437
0
0.00593276
0.00131839
0.00263678
0.000659196
0.000659196
0.00395517
0.00329598
0.000659196
0.00395517
0.00197759
0.00197759
0.00131839
0.00659196
0.00131839
0.00197759
0.00329598
0.00263678
0.00263678
0.00131839
0.00329598
0.00263678
0.00395517
0.00197759
0.00329598
0.00329598
0.00197759
0.00131839
0
0.00395517
0.00263678
0.00131839
0.00131839
0.00263678
0
0.0243902
0.00131839
0.00395517
0.00395517
0.00131839
0.00461437
0.00197759
0.00461437
0.00593276
0.00197759
0.00725115
0.00593276
0.00197759
0.00395517
0.00197759
0.00461437
0.00131839
0.00329598
0.00329598
0.00395517
0.000659196
0.00593276
0.00131839
0.00131839
0.00329598
0.00329598
0
0.00131839
0.00395517
0.000659196
0.000659196
0.00461437
0.000659196
0.000659196
0.00527357
0.00395517
0.000659196
0.00197759
0.000659196
0.000659196
0.000659196
0
0.00856955
0
0
0.00131839
0
0.000659196
0.000659196
0.00197759
0.000659196
0.00329598
0
0.00395517
0.00131839
0.000659196
0.00329598
0.000659196
0.00131839
0.00197759
0.00197759
0
0.000659196
0.00659196
0
0.00131839
0.00131839
0.000659196
0.00263678
0.00131839
0.00197759
0
0
0
0.000659196
0.000659196
0.00197759
0.00329598
0.00197759
0.000659196
0.00131839
0.000659196
0.000659196
0
0
0.030323
0.000659196
0.00131839
0.00263678
0.00197759
0.000659196
0.00263678
0.00263678
0.00197759
0
0.00461437
0.00329598
0.00263678
0.00263678
0.00725115
0.00659196
0.00263678
0.00593276
0.00659196
0.00197759
0.000659196
0.0158207
0.00659196
0.00659196
0.00988794
0.00856955
0.00725115
0.0131839
0.0204351
0.023731
0.023731
0.0158207
0.0145023
0.00461437
0.0105471
0.00725115
0.00527357
0.00856955
0.00527357
0.00461437
0.00527357
0.00131839
0.0342782
0.00131839
0.00197759
0.00263678
0.00329598
0.00725115
0.00131839
0.00329598
0.00131839
0.00461437
0.00197759
0.00263678
0.00131839
0.00131839
0.00461437
0.00395517
0.000659196
0.00329598
0.00395517
0.00263678
0.00131839
0.0118655
0.000659196
0.000659196
0.00329598
0.00131839
0.00461437
0.00197759
0.00329598
0.00197759
0.00329598
0.000659196
0.00395517
0.00329598
0.00197759
0.00527357
0.00263678
0.00131839
0.00131839
0.00395517
0.00263678
0
0
0.0105471
0
0.00263678
0.00131839
0.00263678
0
0.00197759
0.00263678
0.00131839
0.00263678
0
0.00329598
0.00329598
0.00131839
0.00395517
0.00131839
0.00131839
0.00593276
0.00197759
0.00197759
0.00131839
0.00922874
0.00461437
0.00791035
0.00988794
0.0145023
0.00922874
0.0138431
0.00922874
0.00725115
0.0112063
0.0171391
0.00725115
0.00791035
0.00725115
0.0118655
0.00659196
0.00659196
0.00263678
0.00263678
0.00527357
0.00131839
0.0276862