0.0056558
0.0276057
0.0546728
0.048613
0.0308376
0.0212766
0.0204686
0.0110423
0.0078104
0.00794506
0.00336655
0.00511716
0.00363587
0.00457851
0.00430918
0.00269324
0.00161594
0.00134662
0.00161594
0.00161594
0.00134662
0.00242392
0.000538648
0.000942634
0.00121196
0.000403986
0.00067331
0.000942634
0.00175061
0
0.0010773
0.000403986
0.0010773
0.000538648
0.000538648
0.000538648
0.000403986
0.000134662
0.000269324
0.000403986
0
0
0
0.010773
0
0
0
0
0.000403986
0.000269324
0
0.000403986
0
0.000134662
0
0.000269324
0
0.00067331
0.000269324
0
0.000134662
0.000403986
0
0
0.00067331
0
0.000134662
0
0
0.000403986
0
0.000807972
0
0
0.000134662
0
0
0.000134662
0.000134662
0
0
0
0
0
0
0.000942634
0
0
0
0.000134662
0.000269324
0
0.000134662
0
0
0
0.000134662
0
0
0.000807972
0
0.000269324
0.000134662
0.000269324
0.000269324
0
0.00121196
0
0
0.000134662
0
0.000403986
0.000269324
0.000403986
0
0.000538648
0
0.000403986
0.000269324
0.000538648
0.000807972
0.000403986
0.000403986
0.000134662
0.000403986
0.000269324
0
0
0.00834904
0.000134662
0.000403986
0.000403986
0.000942634
0.00161594
0.00161594
0.00188527
0.00188527
0.00215459
0.00309723
0.00309723
0.00444385
0.00242392
0.00821438
0.00740641
0.00323189
0.0102343
0.00969566
0.00700242
0.00605979
0.0127929
0.00888769
0.00861837
0.0067331
0.00902235
0.00807972
0.00834904
0.0122542
0.00834904
0.00875303
0.0140048
0.00579047
0.00538648
0.0121196
0.010369
0.00888769
0.00754107
0.00552114
0.0039052
0.00242392
0.0010773
0.0467277
0.000134662
0.000403986
0.00215459
0.0028279
0.00215459
0.00336655
0.00350121
0.0010773
0.00619445
0.0010773
0.00794506
0.00363587
0.00201993
0.0145435
0.000403986
0.00161594
0.00309723
0.00161594
0.00134662
0.0010773
0.0180447
0
0.000807972
0.000942634
0
0.00296256
0.000807972
0.0105036
0.000538648
0.0010773
0.000269324
0.00350121
0.000269324
0.00121196
0.00175061
0.000134662
0.000538648
0.00067331
0.000403986
0
0.000134662
0
0.0250471
0
0.000269324
0.000538648
0.000538648
0.000403986
0.00067331
0.00067331
0.00201993
0.0010773
0.00350121
0.00067331
0.0010773
0.000538648
0.00875303
0.00134662
0.000538648
0.00269324
0.00161594
0.00067331
0.000538648
0.0110423
0.0010773
0.00161594
0.00215459
0.00296256
0.00215459
0.00148128
0.00579047
0.00242392
0.00242392
0.00552114
0.00255858
0.00134662
0.0056558
0.0039052
0.00444385
0.00471317
0.00471317
0.00457851
0.00538648
0.0118503
0.146782