0
0
0
0
9.16254e-005
9.16254e-005
0
0.000458127
0.000274876
0.000458127
9.16254e-005
0.00109951
0
9.16254e-005
0.00238226
0.000641378
0.000641378
0.00146601
0.000549753
0.000366502
9.16254e-005
0.00558915
0.000183251
0.000733003
0.00293201
0.000458127
0.00348177
0.00357339
0.00916254
0.00155763
0.00531428
0.00219901
0.00668866
0.00412314
0.00797141
0.00815466
0.00659703
0.00375664
0.00476452
0.00284039
0.00137438
0
0
0.0718343
0
0.000549753
0.00192413
0.00311526
0.00348177
0.00375664
0.00687191
0.00604728
0.00229064
0.00943742
0.000641378
0.00320689
0.000366502
0.0115448
0.00146601
0.000183251
0.00531428
0.00146601
0.000183251
0
0.0106286
0
0.000274876
0.00100788
0.00219901
0.000366502
0.000183251
0.0043064
0.000183251
0.000549753
0.00311526
9.16254e-005
0.000183251
0.00119113
0.000549753
0.000366502
0.000274876
9.16254e-005
0.000183251
0
0
0.0112699
0
0
0
0
9.16254e-005
9.16254e-005
0.000641378
0
0.00100788
0
0.00183251
0.000274876
9.16254e-005
0.00247389
9.16254e-005
0.000274876
0.00109951
0.000183251
0.000183251
0
0.00393989
0
9.16254e-005
0.000183251
9.16254e-005
0.00128276
0.000183251
0.00256551
0
0.000274876
0
0.00229064
9.16254e-005
0.00119113
0.00146601
0.00128276
0.000183251
0.000274876
0.000274876
0
0
0
0.0163093
0
0.000733003
0.00100788
0.00183251
0.00219901
0.00210739
0.00393989
0.00274876
0.00302364
0.00586403
0.00320689
0.0054059
0.00403152
0.0124611
0.0114532
0.00852117
0.0225399
0.0214404
0.0265714
0.0324354
0.0637713
0.0614807
0.0794393
0.076324
0.0722925
0.0479201
0.0377497
0.0219901
0.0122778
0.0101704
0.00668866
0.00229064
0.00219901
0.00384827
0.00229064
0.00109951
0.00109951
0.000824629
0.000183251
9.16254e-005
0
0.00659703
0
0
9.16254e-005
9.16254e-005
9.16254e-005
9.16254e-005
9.16254e-005
9.16254e-005
9.16254e-005
0
0.000366502
0.000366502
0
0.000458127
0
0
0.000183251
0
0
0
0.000824629
0
0
0
0
0.000183251
0.000183251
0.000366502
0
0
0
0
0
0.000183251
0
0
0
0
0
0
0
0
0.00146601
0
0
0
0
0
0
0
9.16254e-005
0
9.16254e-005
0
0
0
0.000183251
0
0
0
9.16254e-005
0.000183251
0
0.000458127
0
9.16254e-005
0.000183251
9.16254e-005
0
0
0.000366502
0
9.16254e-005
0.000274876
0
0
0.000183251
0
9.16254e-005
9.16254e-005
0
0
9.16254e-005
0
0.00870442