0
0.00117183
0.00185025
0.002467
0.00339213
0.0027137
0.00308375
0.00499568
0.00400888
0.00881954
0.00715431
0.0114716
0.0108548
0.0137535
0.0202294
0.0141236
0.0129518
0.0128901
0.0111632
0.00733934
0.00444061
0.017269
0.00166523
0.00468731
0.00721599
0.00191193
0.00881954
0.00351548
0.0104848
0.000616751
0.00450228
0.000616751
0.00684594
0.00203528
0.00499568
0.00382386
0.00333046
0.00185025
0.00104848
0.00012335
0.000308375
6.16751e-005
0
0.0305292
0.000185025
0.000308375
0.000370051
0.000493401
0.000555076
0.00185025
0.0029604
0.00191193
0.000431726
0.0017269
0.000308375
0.000986802
6.16751e-005
0.00407056
0.000555076
6.16751e-005
0.000925126
0.000431726
0.000740101
0
0.00240533
6.16751e-005
0.00012335
0.000493401
0.000493401
0.000308375
0.0002467
0.00117183
0.0002467
0.000431726
0.0002467
6.16751e-005
0.000185025
6.16751e-005
0.000555076
0.000185025
0.000431726
0.00012335
6.16751e-005
6.16751e-005
6.16751e-005
0.00308375
0
6.16751e-005
0.000185025
0.0002467
0.000431726
0.000185025
0.000555076
0.00012335
0.000555076
0.000370051
0.000308375
0.000493401
0.000431726
0.00135685
0.000308375
0.000308375
0.000616751
0.000555076
0.000431726
0.000308375
0.00154188
6.16751e-005
0.000308375
0.000986802
0.00012335
0.000863451
0.000370051
0.000740101
0.000370051
0.000493401
0.000801776
0.000555076
0.000801776
0.000801776
0.000863451
0.00111015
0.000863451
0.000986802
0.000555076
0.0012335
0.000678426
0
0.031886
0.000801776
0.00283705
0.00277538
0.00252868
0.0027137
0.00277538
0.00431726
0.00413223
0.00462563
0.00690761
0.00573578
0.00678426
0.00659924
0.00937461
0.00875786
0.00666091
0.014987
0.0160972
0.0263969
0.0308375
0.0469964
0.0410756
0.0340447
0.0265203
0.0228198
0.0156655
0.0143703
0.0111015
0.00851116
0.00918959
0.00949796
0.00468731
0.00437893
0.00573578
0.00542741
0.00363883
0.00259035
0.00363883
0.00209695
0.00129518
0.000185025
0.0108548
0
0.000493401
0.000863451
0.0014802
0.00191193
0.00104848
0.00111015
0.000555076
0.0017269
0.000308375
0.0017269
0.000493401
0.000678426
0.00259035
0.000431726
0.000678426
0.000678426
0.000925126
0.000616751
0.000308375
0.00203528
6.16751e-005
0.000493401
0.000616751
0.000308375
0.000801776
0.000493401
0.0014802
0.00012335
0.000925126
0.0002467
0.00117183
0.000740101
0.000801776
0.000555076
0.000431726
0.00012335
0.00012335
0.000185025
0.000185025
0
0
0.00474898
0
6.16751e-005
0.0002467
0.000431726
0.000431726
0.000555076
0.000555076
0.000431726
0.000493401
0.000801776
0.000370051
0.000740101
0.00012335
0.00154188
0.000740101
0.00012335
0.000986802
0.000678426
0.000431726
0.000185025
0.00339213
0.00012335
0.000925126
0.000801776
0.00129518
0.000801776
0.00111015
0.00234365
0.000678426
0.0012335
0.00185025
0.000616751
0.000986802
0.00154188
0.00141853
0.00203528
0.00160355
0.00135685
0.00135685
0.00240533
0.00135685
0.114592