0
0
0
0
0
0
0
0
0
0
0
0.000516796
0
0
0.00103359
0
0
0
0.000516796
0
0
0.00155039
0
0
0
0
0
0
0.000516796
0
0
0
0
0
0
0
0
0
0
0
0
0
0
0.00258398
0
0
0
0
0
0
0
0
0
0
0
0
0
0
0
0
0
0
0
0
0.000516796
0
0
0
0
0
0
0
0
0
0
0
0
0
0
0
0
0
0
0
0
0
0
0
0
0
0
0
0
0
0
0
0
0
0
0
0
0
0
0
0
0
0
0
0
0
0
0
0
0
0
0
0
0.000516796
0
0
0
0
0
0
0
0
0
0
0.000516796
0
0
0
0.00103359
0
0
0.000516796
0
0
0.000516796
0
0
0
0.00155039
0
0
0
0
0.000516796
0.000516796
0.00258398
0.00155039
0.00258398
0.00310078
0.00568475
0.00568475
0.00568475
0.0134367
0.0118863
0.0191214
0.0377261
0.020155
0.0320413
0.0428941
0.0408269
0.048062
0.0186047
0.022739
0.0134367
0.000516796
0
0.166925
0
0.00103359
0.00155039
0.0124031
0.0155039
0.00775194
0.0175711
0.000516796
0.0258398
0.000516796
0.0366925
0.00516796
0.00310078
0.0439276
0.000516796
0
0.0165375
0.00103359
0.000516796
0
0.0604651
0
0
0
0
0.00878553
0
0.0470284
0
0.000516796
0
0.0191214
0
0.00206718
0.00103359
0.00103359
0
0
0
0
0
0
0.0630491
0
0
0
0
0
0
0
0.00103359
0
0.00671835
0
0
0
0.020155
0
0
0.00155039
0.00155039
0
0
0.0206718
0
0
0.000516796
0.00155039
0
0
0.00516796
0
0
0.00258398
0
0
0.00155039
0
0
0
0
0
0
0
0.0155039