0
0
0.00197368
0.000657895
0.00328947
0.00197368
0.00460526
0.00789474
0.000657895
0.0328947
0.00197368
0.0427632
0.0111842
0.00328947
0.0361842
0.00197368
0.00921053
0.0171053
0.0118421
0.00657895
0.00263158
0.0315789
0
0.00263158
0.00921053
0.00197368
0.00328947
0.00592105
0.0164474
0.00131579
0.00394737
0.00131579
0.00855263
0.00723684
0.00328947
0.00460526
0.00394737
0.00131579
0.00197368
0.00460526
0
0
0
0.0730263
0
0
0.00197368
0.00263158
0.00197368
0.00328947
0.00197368
0.00526316
0.00131579
0.00394737
0.000657895
0
0
0.0118421
0.000657895
0
0.00328947
0.00131579
0
0
0.0210526
0.000657895
0.000657895
0.000657895
0.00197368
0.00131579
0
0.0105263
0
0
0.00526316
0
0
0.00197368
0.00131579
0
0.000657895
0
0
0
0
0.0407895
0
0
0
0
0
0.00131579
0.00131579
0
0.00197368
0
0.0105263
0.000657895
0
0.0210526
0
0.00131579
0.00855263
0.00197368
0
0
0.025
0
0
0.00263158
0
0.00789474
0.00197368
0.0164474
0
0.00460526
0
0.00789474
0.00131579
0.00657895
0.00263158
0.00592105
0.00592105
0.00131579
0
0
0
0
0.0605263
0
0
0.00263158
0.00328947
0.00723684
0.00394737
0.00855263
0.00789474
0.00394737
0.00657895
0.00197368
0.00394737
0.00131579
0.0131579
0.00328947
0.00197368
0.00592105
0.00526316
0.000657895
0
0.0171053
0.000657895
0.00131579
0.00526316
0.00394737
0.00328947
0
0.00789474
0.00197368
0.000657895
0.00263158
0
0.00263158
0.00394737
0.00197368
0.000657895
0.00263158
0
0.000657895
0
0
0.0171053
0
0
0
0
0.000657895
0.000657895
0
0
0.00131579
0
0.00263158
0.00131579
0
0.00526316
0
0.000657895
0.00197368
0.000657895
0
0
0.00460526
0
0
0.000657895
0
0.000657895
0.000657895
0.00263158
0
0
0
0.00460526
0
0.000657895
0
0
0
0
0
0
0
0
0.00789474
0
0
0
0
0
0.000657895
0
0.000657895
0
0.00328947
0
0.000657895
0
0.00394737
0
0
0.000657895
0
0
0
0.00460526
0
0.000657895
0
0.00197368
0.000657895
0
0.00855263
0
0.000657895
0.00328947
0
0.000657895
0.000657895
0.00131579
0.000657895
0
0
0.000657895
0
0
0.0611842