0
0
0
0
0
0
0
0
0
0.00073046
0
0
0
0
0
0
0
0
0
0
0
0.00073046
0
0
0
0
0
0
0
0
0
0
0
0
0
0
0
0
0
0
0
0
0
0.00584368
0
0
0
0
0
0
0
0.00073046
0
0
0
0
0
0
0
0
0
0
0
0
0.00073046
0
0
0
0
0
0
0
0
0
0
0
0
0
0
0
0
0
0
0
0
0.00073046
0
0
0
0
0
0
0
0
0
0
0
0
0
0
0
0
0
0
0
0
0
0
0
0
0
0
0
0
0
0
0
0
0
0
0
0
0
0
0
0
0
0
0.00292184
0
0
0
0
0
0
0
0
0
0.00073046
0
0
0
0
0
0
0
0
0.00073046
0.00073046
0.00146092
0.00292184
0.00657414
0.00584368
0.00657414
0.00657414
0.00657414
0.0211833
0.0146092
0.0248356
0.0518627
0.0306793
0.0284879
0.0452885
0.0343316
0.027027
0.0255661
0.0321402
0.0168006
0.0073046
0
0.149014
0
0.00073046
0.0146092
0.0116874
0.0146092
0.0124178
0.0197224
0.00438276
0.0401753
0
0.0226443
0.0124178
0.0036523
0.0394448
0
0.00657414
0.0299489
0.0138787
0
0
0.0547845
0
0
0.00438276
0
0.0233747
0.00146092
0.0219138
0
0.00438276
0
0.0138787
0.00073046
0.0146092
0.00073046
0
0
0.00073046
0.00073046
0
0
0
0.0306793
0
0
0
0
0
0
0.00146092
0.0036523
0.00073046
0.00219138
0
0
0
0.00073046
0
0
0
0
0
0
0.00219138
0
0
0
0
0
0
0.00146092
0
0.00073046
0.00146092
0
0
0.00073046
0
0
0
0
0
0
0
0.00511322