0
0
0
0
0.000595238
0.000595238
0.000595238
0.000595238
0
0.00178571
0
0.000595238
0.00119048
0
0.00178571
0.000595238
0.00297619
0
0.00119048
0.00178571
0
0.000595238
0
0
0.000595238
0
0
0
0.00119048
0
0
0
0
0
0.000595238
0
0
0
0
0
0
0
0
0.00297619
0
0
0
0
0.000595238
0
0
0.000595238
0
0
0
0.000595238
0
0.00238095
0.000595238
0
0
0
0
0.000595238
0.00178571
0
0
0
0.00119048
0.000595238
0
0
0
0
0.00178571
0
0
0
0
0
0
0
0
0
0
0.000595238
0
0
0
0
0
0
0
0
0
0
0
0.000595238
0
0
0
0
0
0
0
0
0.00119048
0
0
0
0
0
0
0.00119048
0
0
0
0
0
0
0.000595238
0
0.000595238
0
0.000595238
0
0
0
0.00833333
0
0.000595238
0.00238095
0.00119048
0.00238095
0.00178571
0.00238095
0.00297619
0.00357143
0.00416667
0.00297619
0.00297619
0.00535714
0.00714286
0.00654762
0.00654762
0.0107143
0.010119
0.010119
0.00714286
0.0309524
0.0202381
0.0315476
0.0327381
0.047619
0.0339286
0.0595238
0.05
0.0327381
0.0380952
0.0327381
0.0214286
0.0172619
0.0303571
0.0220238
0.0154762
0.0154762
0.0208333
0.00714286
0.00357143
0
0.0726191
0
0.000595238
0.00357143
0.00833333
0.00833333
0.00714286
0.010119
0.00178571
0.0107143
0.000595238
0.010119
0.00833333
0.00297619
0.0130952
0.000595238
0.00178571
0.0119048
0.00238095
0.00238095
0
0.0244048
0
0.000595238
0.00416667
0
0.00654762
0.000595238
0.010119
0.000595238
0.00119048
0.000595238
0.00833333
0
0.00178571
0.00119048
0
0
0.000595238
0.000595238
0
0
0
0.0172619
0
0
0
0
0.000595238
0.000595238
0.00119048
0.00178571
0.000595238
0.00595238
0.000595238
0
0
0.00595238
0
0
0.00178571
0.000595238
0
0
0.00297619
0
0.00119048
0
0
0.00119048
0.000595238
0.00297619
0
0.00119048
0.00178571
0
0
0.00238095
0
0.000595238
0.00119048
0
0.000595238
0.000595238
0
0.0077381