0
0
0.000516529
0.000516529
0.00206612
0.00723141
0.0036157
0.0160124
0.00309917
0.0232438
0.00258264
0.0289256
0.0144628
0.00206612
0.0485537
0.00258264
0.00929752
0.0206612
0.0113636
0.00723141
0.00206612
0.0330578
0
0.00154959
0.00671488
0.000516529
0.00981405
0.00464876
0.0144628
0.00103306
0.00568182
0.000516529
0.00671488
0.00103306
0.00516529
0.00258264
0.00309917
0.00154959
0.00154959
0.00103306
0
0
0
0.0444215
0
0.000516529
0.00154959
0.00103306
0.00206612
0.00258264
0.00103306
0.00206612
0.00103306
0.00723141
0.00103306
0.00206612
0
0.00826446
0.00154959
0.000516529
0.00309917
0.00154959
0
0
0.018595
0
0
0.000516529
0.00309917
0
0
0.0134298
0.000516529
0.000516529
0.00774793
0
0
0.00206612
0
0
0
0
0
0
0
0.0397727
0
0
0
0
0
0.00103306
0.00206612
0
0.00516529
0
0.00878099
0.00103306
0
0.0196281
0
0.000516529
0.00723141
0.00103306
0
0
0.0278926
0
0.000516529
0.00258264
0
0.0036157
0.00258264
0.0129132
0.000516529
0.00309917
0.00154959
0.00929752
0.00258264
0.00619835
0.00619835
0.0036157
0.00258264
0.00258264
0.00258264
0
0
0
0.0645661
0
0.00206612
0.0103306
0.00413223
0.00516529
0.00464876
0.00671488
0.0036157
0.00258264
0.00981405
0.00154959
0.00413223
0.00103306
0.0113636
0.00258264
0.00103306
0.0036157
0.00258264
0
0
0.0154959
0.00206612
0.00206612
0.00258264
0.000516529
0.00206612
0
0.00309917
0.000516529
0.000516529
0.00309917
0
0.00103306
0.0036157
0.000516529
0
0.00154959
0.00154959
0.000516529
0
0
0.027376
0
0
0.00154959
0.00154959
0.00103306
0.00103306
0.00206612
0.000516529
0.00154959
0.000516529
0.00206612
0.00154959
0.000516529
0.00516529
0
0.000516529
0
0.000516529
0
0
0.00619835
0
0.000516529
0.000516529
0
0.00154959
0.000516529
0.00206612
0
0
0
0.000516529
0
0.000516529
0.00103306
0.000516529
0
0
0
0
0
0
0.00981405
0
0
0
0
0
0
0.000516529
0
0
0.000516529
0
0
0
0.00206612
0
0
0.000516529
0
0
0
0.00619835
0
0.000516529
0
0.0036157
0
0
0.00671488
0
0.000516529
0.00464876
0
0.00103306
0.0036157
0.0036157
0.00309917
0.00103306
0.00258264
0.00103306
0
0
0.0924587