0
0
0.00454545
0.00909091
0.00227273
0.00454545
0.00227273
0.0159091
0
0.00681818
0.00227273
0.0113636
0.00681818
0.00454545
0.0272727
0.00227273
0
0.0113636
0.00454545
0.00681818
0
0.0454545
0
0.00227273
0.00909091
0
0.00681818
0
0.0181818
0.00227273
0.00681818
0
0.0204545
0.00227273
0.00681818
0.00454545
0
0
0.00227273
0
0
0
0
0.0590909
0
0
0
0
0
0
0
0
0
0
0
0
0
0.00227273
0
0
0
0
0
0
0.00454545
0
0
0
0
0
0
0.00454545
0
0
0
0
0
0.00227273
0
0
0
0
0
0
0
0.0272727
0
0
0
0
0
0
0
0
0
0
0.00454545
0
0
0.00681818
0
0
0
0.00227273
0
0
0.00681818
0
0
0.00227273
0
0
0
0.00909091
0
0
0
0.00681818
0
0
0.00227273
0
0.00227273
0.00227273
0
0
0
0
0.125
0
0.00227273
0.00454545
0.00454545
0.00454545
0.00681818
0.0113636
0.00681818
0.00681818
0.0340909
0.00227273
0.0159091
0.00454545
0.0454545
0.0159091
0
0.0181818
0.0204545
0.00681818
0
0.0431818
0
0.00454545
0.00681818
0.0159091
0.0136364
0.00227273
0.0136364
0.00227273
0.00454545
0.00454545
0
0
0.00681818
0
0.00227273
0
0
0
0
0
0.0113636
0
0
0
0
0
0
0
0
0
0
0
0
0
0.00227273
0
0
0
0
0
0
0.00454545
0
0
0
0
0
0
0
0
0
0
0
0
0
0
0
0
0
0
0
0
0
0.0113636
0
0
0
0
0.00227273
0
0
0
0
0
0
0
0
0
0.00227273
0
0
0
0
0
0.00454545
0
0
0
0.00227273
0
0
0
0.00227273
0.00227273
0.00227273
0
0
0.00454545
0
0
0
0.00227273
0.00227273
0.00227273
0
0.0886364