0
0
0.000198413
0.000793651
0.000595238
0.000992064
0.000595238
0.00198413
0.000992064
0.00257937
0.000396825
0.0031746
0.00178571
0.00277778
0.0031746
0.00297619
0.0047619
0.00555556
0.00892857
0.00734127
0.010119
0.0480159
0.0295635
0.010119
0.0156746
0.00714286
0.0126984
0.0125
0.0136905
0.00714286
0.0113095
0.0119048
0.0111111
0.00873016
0.00853175
0.0117063
0.00674603
0.00575397
0.00654762
0.00734127
0.00396825
0.0015873
0
0.0186508
0.000198413
0.00138889
0.0015873
0.00178571
0.00178571
0.0015873
0.00138889
0.00198413
0.000793651
0.00198413
0.000595238
0.0015873
0.00119048
0.00218254
0.000793651
0
0.00138889
0.000793651
0.000793651
0
0.00277778
0
0.000198413
0.000992064
0.000396825
0.000595238
0.000198413
0.000793651
0
0
0.000595238
0
0
0
0.000396825
0
0
0
0
0
0
0.00218254
0
0
0
0.000198413
0
0
0.000198413
0.000198413
0.000198413
0
0.0015873
0.000396825
0
0.00138889
0.000198413
0.000396825
0.000793651
0.000595238
0.000396825
0.000198413
0.00138889
0
0
0.000992064
0.000198413
0.000396825
0.000396825
0.000198413
0
0.000198413
0.000198413
0.000793651
0
0.000198413
0.000992064
0
0.000198413
0
0.000396825
0.000198413
0
0
0.019246
0.000198413
0.00138889
0.00198413
0.00178571
0.00198413
0.00357143
0.00496032
0.00456349
0.00496032
0.00833333
0.00674603
0.00853175
0.00654762
0.0150794
0.0111111
0.00912698
0.0170635
0.0186508
0.0162698
0.0140873
0.0355159
0.0236111
0.0327381
0.0321429
0.0301587
0.0297619
0.0271825
0.0299603
0.0180556
0.0186508
0.0162698
0.00873016
0.00873016
0.0121032
0.00892857
0.00694444
0.0077381
0.00595238
0.00337302
0.00138889
0
0.0236111
0
0.000396825
0.0015873
0.0015873
0.00218254
0.00218254
0.00218254
0.00138889
0.00218254
0.000396825
0.0015873
0.0015873
0.000992064
0.00218254
0
0.00178571
0.00138889
0.000992064
0.000992064
0.000595238
0.0031746
0
0.000198413
0.000595238
0
0.000198413
0.000396825
0.00257937
0
0.00119048
0
0.000793651
0.000595238
0.000992064
0.000396825
0.000793651
0
0.000595238
0.000198413
0
0
0
0.00376984
0
0
0.000198413
0.000198413
0
0.000396825
0.000793651
0.000396825
0.000198413
0.000396825
0.000198413
0.000396825
0
0.00119048
0.000198413
0.000198413
0.000198413
0.000396825
0
0
0.0015873
0.000198413
0.000198413
0
0.000198413
0.000595238
0
0.00119048
0
0
0.000992064
0
0
0.000793651
0.000595238
0.000396825
0.000396825
0.000396825
0.000198413
0.000396825
0
0.00952381