0
0
0.00277008
0.00554017
0.0138504
0.00277008
0.00554017
0.00277008
0.0110803
0.0138504
0.0110803
0.0166205
0.0110803
0.0110803
0.0221607
0.0249307
0.0249307
0.0277008
0.0221607
0.0193906
0.0166205
0.0166205
0.0138504
0.0277008
0.0360111
0.0581717
0.0360111
0.0415512
0.0387812
0.0138504
0.0304709
0.0193906
0.0166205
0.0166205
0.0110803
0.0166205
0.0110803
0.00831025
0.0110803
0.00554017
0.00277008
0.00277008
0
0.0554017
0.00277008
0.00831025
0
0.00277008
0.00277008
0.00277008
0
0
0
0
0.00277008
0
0.0110803
0.00554017
0
0
0.00277008
0.00277008
0.00277008
0
0
0
0
0.00277008
0
0.00277008
0
0
0
0
0
0
0
0
0.00277008
0
0
0
0
0
0
0.00554017
0
0
0
0
0
0
0
0
0
0
0.00277008
0.00277008
0
0
0
0
0
0
0
0
0.00277008
0
0
0
0
0
0
0
0.00277008
0
0.00277008
0
0
0
0
0
0
0
0
0
0
0
0
0
0
0
0
0
0
0
0
0.00277008
0
0
0
0
0.00277008
0
0
0
0
0
0
0.00277008
0
0.00277008
0
0
0
0.00277008
0
0
0
0.00277008
0
0
0
0
0
0
0
0.00277008
0
0
0.00277008
0
0
0
0
0
0
0
0
0
0
0.00277008
0
0
0
0.00277008
0.00277008
0
0
0
0
0
0
0
0
0
0
0
0
0
0
0
0
0
0
0.00277008
0
0
0
0
0
0
0
0.0193906
0
0
0
0
0
0
0.00277008
0
0
0.00277008
0
0
0
0.00277008
0.00277008
0
0
0
0.00277008
0.00277008
0.00554017
0
0.00277008
0
0
0
0
0.00277008
0
0
0.00277008
0.00554017
0
0.00277008
0.00554017
0
0.00554017
0.00277008
0.00277008
0
0
0.0609418