0
0.0121477
0.0310982
0.0456754
0.0447036
0.0325559
0.0286686
0.0218659
0.0218659
0.0315841
0.0233236
0.0281827
0.0242954
0.0281827
0.0340136
0.0174927
0.0204082
0.0184645
0.0145773
0.00777454
0.00194363
0.03207
0
0.000971817
0.00242954
0.000485909
0.00388727
0.000971817
0.00874636
0
0
0
0.00291545
0.000971817
0.00194363
0.00145773
0.000485909
0
0
0
0
0
0
0.0461613
0
0
0
0
0
0
0
0
0
0
0
0
0
0
0
0
0
0
0
0
0.00145773
0
0
0
0
0
0
0
0
0
0
0
0
0
0
0
0
0
0
0
0
0.0189504
0
0
0
0
0
0
0
0
0
0
0
0
0
0
0
0
0
0
0
0
0.00291545
0
0
0
0
0
0
0.000971817
0
0
0
0
0
0
0
0
0
0
0
0
0
0
0.0252672
0
0
0
0
0
0
0
0
0
0
0
0
0
0
0
0
0
0
0
0
0.000971817
0
0
0
0
0
0
0
0
0
0
0
0
0
0
0
0
0
0
0
0
0.0189504
0
0
0
0
0
0
0
0
0
0
0
0
0
0
0
0
0
0
0
0
0.000485909
0
0
0
0
0
0
0
0
0
0
0.000485909
0
0
0
0
0
0
0
0
0
0
0.0174927
0
0
0
0
0
0
0
0
0
0
0
0.000485909
0
0.000971817
0
0
0
0
0
0
0.00728863
0
0
0
0.000485909
0
0
0.00194363
0
0
0.000971817
0
0
0.000971817
0.000485909
0.000971817
0
0.000485909
0.000485909
0.000971817
0
0.303207