0
0
0
0
0
0
0
0
0
0
0
0
0
0
0
0
0
0
0
0
0
0
0
0
0
0
0
0
0
0
0
0
0
0
0
0
0
0
0
0
0
0
0
0.00181159
0
0
0
0
0
0
0
0
0
0
0
0
0
0
0
0
0
0
0
0
0
0
0
0
0
0
0
0
0
0
0
0
0
0
0
0
0
0
0
0
0
0
0
0
0
0
0
0
0
0
0
0
0
0
0
0
0
0
0
0
0
0
0
0
0
0
0
0
0
0
0
0
0
0
0
0
0
0
0
0
0
0
0
0
0.00362319
0
0
0
0
0
0
0
0
0
0
0
0
0
0.00543478
0
0
0.00543478
0.00181159
0
0
0.0326087
0
0.00362319
0.0271739
0.0163043
0.0144928
0.00181159
0.0706522
0.00724638
0.057971
0.0978261
0.00724638
0.057971
0.0307971
0.0561594
0.0561594
0.0416667
0.0108696
0.00181159
0.00181159
0
0.184783
0
0
0.00181159
0.00543478
0.00543478
0.00543478
0.0181159
0
0.0126812
0
0.0181159
0.00724638
0
0.0163043
0
0
0.0126812
0.00181159
0
0
0.0181159
0
0
0.00362319
0
0.0144928
0
0.00905797
0
0
0
0.00543478
0
0.0181159
0
0
0
0
0
0
0
0
0.0144928
0
0
0
0
0
0
0.00362319
0
0
0.00362319
0
0
0
0.00181159
0
0
0
0
0
0
0
0
0
0
0
0
0
0.00181159
0
0
0
0
0
0
0
0
0
0
0
0
0
0.00362319