0
0
0.0082205
0.00338491
0.00338491
0.00290135
0.00918762
0.00531915
0.00338491
0.00628627
0.00483559
0.00676983
0.00338491
0.00435203
0.00338491
0.00145068
0.00193424
0.000483559
0.00193424
0.00145068
0.000967118
0.00386847
0.000483559
0.000967118
0
0.000483559
0.000483559
0
0
0
0.000483559
0.000483559
0.000483559
0
0.000483559
0
0
0
0
0
0
0
0
0.00145068
0
0
0
0.000483559
0
0
0
0
0
0.000483559
0
0
0
0.000483559
0
0
0
0
0
0
0
0
0
0
0
0
0
0
0
0
0
0
0
0
0
0
0
0
0
0
0
0.000483559
0
0
0
0
0
0
0
0
0
0
0
0
0
0
0
0
0
0
0
0
0
0
0
0
0
0
0
0
0
0
0
0
0
0
0
0
0
0
0
0
0
0
0.000967118
0
0
0
0
0
0
0.000483559
0
0
0.000967118
0
0.00145068
0
0.00386847
0.00338491
0
0.00580271
0.00338491
0.00628627
0.00145068
0.0217602
0.0169246
0.0333656
0.0454545
0.0913927
0.0846228
0.115571
0.0647969
0.0556093
0.0212766
0.0135397
0.0082205
0.00676983
0.00580271
0.00676983
0.00290135
0.00676983
0.00290135
0.000483559
0.00145068
0
0.0217602
0
0.00193424
0.00241779
0.000967118
0.00241779
0.00145068
0.00290135
0.00193424
0.00193424
0.000483559
0.00241779
0.00193424
0.000967118
0.00386847
0.000483559
0.00145068
0.00193424
0.000967118
0.00290135
0.000483559
0.00483559
0
0.000967118
0.000483559
0.00145068
0.000967118
0
0.00241779
0.000967118
0.00145068
0.000967118
0.000967118
0.00241779
0.000967118
0.00290135
0.000483559
0.000483559
0
0.000967118
0.000483559
0
0
0.00725338
0
0
0.00193424
0.00145068
0
0.000483559
0.00290135
0.000967118
0.000483559
0.00145068
0.000483559
0.000483559
0.00145068
0.00193424
0.00145068
0.000483559
0.00145068
0.00193424
0.00145068
0
0.00386847
0.00145068
0.00145068
0.00338491
0.00386847
0.00290135
0.00290135
0.00580271
0.00193424
0.00338491
0.00628627
0.00386847
0.00676983
0.00773694
0.00918762
0.0116054
0.0130561
0.0251451
0.0116054
0.0169246
0.000967118
0.0290135