0
0
0.0151515
0.0208333
0.0151515
0.0265152
0.0416667
0.030303
0.030303
0.0416667
0.0378788
0.0397727
0.032197
0.030303
0.0549242
0.0246212
0.0378788
0.0246212
0.0208333
0.0113636
0.0094697
0.0435606
0
0.00189394
0.00378788
0
0.00378788
0
0.0113636
0
0.00378788
0
0.00568182
0
0.00189394
0
0.00189394
0
0
0
0
0
0
0.0246212
0
0
0
0
0
0
0
0
0
0
0
0
0
0
0
0
0
0
0
0
0
0
0
0
0
0
0
0
0
0
0
0
0
0
0
0
0
0
0
0
0
0.00568182
0
0
0
0
0
0
0
0
0
0
0
0
0
0
0
0
0
0
0
0
0
0
0
0
0
0
0
0
0
0
0
0
0
0
0
0
0
0
0
0
0
0
0.0151515
0
0
0
0
0
0
0
0
0
0
0
0
0
0
0
0
0
0
0
0
0
0
0
0
0
0
0
0
0
0
0
0
0
0
0
0
0
0
0
0
0
0.0284091
0
0
0
0
0
0
0
0
0
0
0
0
0
0.00189394
0
0
0
0
0
0
0.00568182
0
0
0
0
0
0
0
0
0
0
0
0
0
0
0
0
0
0
0
0
0
0.0454545
0
0
0
0
0
0
0
0
0
0
0
0
0
0
0
0
0
0
0
0
0.0132576
0
0
0
0
0
0
0
0
0
0
0
0
0.00189394
0.00189394
0.00189394
0
0.00189394
0.00189394
0.00378788
0.00189394
0.221591