0
0
0
0
0
0
0
0
0
0
0
0
0
0
0
0
0
0
0
0
0
0
0
0
0
0
0
0
0
0
0
0
0
0
0
0
0
0
0
0
0
0
0
0
0
0
0
0
0
0
0
0
0
0
0
0
0
0
0
0
0
0
0
0
0
0
0
0
0
0
0
0
0
0
0
0
0
0
0
0
0
0
0
0
0
0.00107527
0
0
0
0
0
0
0
0
0
0
0
0
0
0
0
0
0
0
0
0
0
0
0
0
0
0
0
0
0
0
0
0
0
0
0
0
0
0
0
0
0
0
0.0139785
0
0
0
0
0
0
0
0.00107527
0
0
0
0
0
0.00537634
0
0
0.00215054
0.00107527
0
0
0.0236559
0.00215054
0.00430108
0.0193548
0.0376344
0.0569892
0.0215054
0.0817204
0.0258065
0.0892473
0.0978495
0.00645161
0.0301075
0.0225806
0.0354839
0.0301075
0.0150538
0.0139785
0.00430108
0
0
0.14086
0
0
0.00107527
0.00860215
0.00752688
0.00322581
0.011828
0.00215054
0.0129032
0
0.00860215
0.00215054
0.00107527
0.00752688
0.00107527
0.00322581
0.00537634
0.00537634
0
0
0.0150538
0
0
0.00322581
0
0.0107527
0.00107527
0.00645161
0
0.00107527
0
0.00430108
0
0.00645161
0.00430108
0
0
0
0
0
0
0
0.027957
0
0
0
0
0.00107527
0.00107527
0.00322581
0.00645161
0
0.00215054
0
0
0
0.00430108
0
0
0.00107527
0
0
0
0.00430108
0
0
0
0
0
0
0.00215054
0
0
0.00107527
0
0
0.00107527
0
0
0
0
0
0
0
0.0258065