0
0
0.0143541
0.0263158
0.0358852
0.0454545
0.0382775
0.0287081
0.0311005
0.062201
0.0287081
0.062201
0.0406699
0.00956938
0.0933014
0.0143541
0.00956938
0.0909091
0.0287081
0.0143541
0.00478469
0.0741627
0
0
0.0119617
0.00239234
0.0239234
0.00478469
0.0287081
0
0.0143541
0
0.00717703
0.00239234
0.00478469
0.00717703
0
0.00239234
0
0
0
0
0
0.00478469
0
0
0
0
0
0
0
0
0
0
0
0
0
0
0
0
0
0
0
0
0.00239234
0
0
0
0
0
0
0
0
0
0
0
0
0
0
0
0
0
0
0
0
0
0
0
0
0
0
0
0
0
0
0
0
0
0
0
0
0
0
0
0
0
0
0
0
0
0
0
0
0
0
0
0
0
0
0
0
0
0.00239234
0
0.00239234
0
0
0
0.00239234
0
0
0
0
0
0
0
0
0
0
0
0
0
0
0
0
0
0
0
0
0.00239234
0
0
0
0.00239234
0
0
0
0
0
0
0
0
0
0
0
0
0
0
0
0
0.00717703
0
0
0
0
0
0
0
0
0
0
0
0
0
0
0
0
0.00239234
0
0
0
0.00478469
0
0
0
0
0
0
0.00239234
0
0
0
0
0
0
0
0
0
0
0
0.00239234
0
0
0.00239234
0
0
0
0.00239234
0
0
0
0
0
0
0
0
0
0
0
0
0
0
0
0
0
0.00239234
0.00239234
0.00239234
0
0.00239234
0.00239234
0.00239234
0.00239234
0.00478469
0
0
0
0.00478469
0.00478469
0.00239234
0.00478469
0.00478469
0.00239234
0.00717703
0
0.0406699