0
0.00803571
0.0214286
0.0339286
0.0366071
0.0366071
0.0357143
0.0383929
0.0330357
0.0348214
0.0276786
0.0321429
0.0232143
0.03125
0.0517857
0.025
0.0258929
0.025
0.00714286
0.00535714
0.00357143
0.0285714
0
0.000892857
0.00178571
0
0
0.00178571
0.00446429
0
0
0
0
0.00267857
0.000892857
0
0
0.000892857
0
0
0
0
0
0.0580357
0
0
0
0
0
0
0
0
0
0.00267857
0
0
0
0
0
0
0
0
0
0
0.00178571
0
0
0
0.000892857
0
0
0
0
0
0
0
0
0
0
0
0
0
0
0
0
0.0125
0
0
0
0
0
0
0
0
0
0
0
0
0
0
0
0
0
0
0
0
0.000892857
0
0
0
0
0
0
0
0
0
0
0
0
0
0
0
0
0
0
0
0
0
0.0160714
0
0
0
0
0
0
0
0
0
0
0
0
0
0
0
0
0
0
0
0
0.000892857
0
0
0
0
0
0
0
0
0
0
0
0
0
0
0
0
0
0
0
0
0.0223214
0
0
0
0
0
0
0
0
0
0
0
0
0
0
0
0
0
0
0
0
0.00357143
0
0
0
0
0
0
0
0
0
0
0
0
0
0
0
0
0
0
0
0
0
0.0241071
0
0
0
0
0
0
0
0
0
0
0
0
0
0
0
0
0
0
0
0
0.00803571
0
0
0
0
0
0
0.00178571
0
0
0.000892857
0
0
0.000892857
0
0
0
0.00178571
0.00178571
0.000892857
0
0.261607