0
0.00164624
0.0124383
0.0104262
0.00823121
0.00786537
0.00804829
0.00823121
0.00365831
0.00951162
0.00310957
0.00457289
0.00329248
0.00329248
0.00548747
0.00182916
0.00256082
0.00164624
0.00256082
0.000365831
0.000182916
0.00292665
0
0.000182916
0.000914578
0
0.000731663
0
0.000365831
0
0.000182916
0
0.000182916
0
0.000182916
0.000182916
0
0.000182916
0
0
0
0
0
0.00182916
0
0
0
0
0.000182916
0
0
0
0
0
0
0
0
0.000365831
0
0
0
0
0
0
0.000182916
0
0
0
0
0
0
0
0
0
0
0
0
0.000182916
0
0
0
0
0
0
0
0
0
0
0
0
0
0
0
0
0
0
0
0
0
0
0
0
0
0
0
0
0
0
0
0
0
0
0
0
0
0
0
0
0
0
0
0
0
0
0
0
0
0
0.00201207
0
0
0
0
0
0
0.000365831
0.000365831
0
0.000365831
0
0.000548747
0.000182916
0.000731663
0.00128041
0.000731663
0.00292665
0.00329248
0.00384123
0.00438998
0.017377
0.0210353
0.0290836
0.0583501
0.0912749
0.104079
0.095482
0.0574355
0.0338394
0.0234132
0.0140845
0.00676788
0.00512164
0.00877995
0.00493872
0.00475581
0.00310957
0.0034754
0.00201207
0.00128041
0
0.0224986
0
0.000182916
0.0023779
0.00164624
0.00128041
0.00256082
0.00256082
0.000548747
0.00365831
0.000182916
0.00256082
0.00219499
0.000914578
0.00420706
0.000548747
0.000731663
0.00109749
0.000731663
0.000914578
0.000365831
0.00548747
0
0.000548747
0.00128041
0.000365831
0.00128041
0.000914578
0.0034754
0.000182916
0.000548747
0.000182916
0.00182916
0.000731663
0.00164624
0.000731663
0.000182916
0
0.000914578
0.000914578
0
0
0
0.00804829
0
0
0.000731663
0.00109749
0.000548747
0.000548747
0.00201207
0.00128041
0.000731663
0.00182916
0.000365831
0.00109749
0.000365831
0.00384123
0.00128041
0.000365831
0.00292665
0.00146333
0.00201207
0.000182916
0.00493872
0.00256082
0.00201207
0.00164624
0.00402414
0.00128041
0.00219499
0.00475581
0.00219499
0.0023779
0.00548747
0.00201207
0.0023779
0.00713371
0.0058533
0.00914578
0.00804829
0.00987745
0.00676788
0.0358515
0.00109749
0.0601793