0
0.0307377
0.0122951
0.0245902
0.0169057
0.0102459
0.00742828
0.00512295
0.00512295
0.00563525
0.00281762
0.0048668
0.00384221
0.00230533
0.00281762
0.00153689
0.00256148
0.00461066
0.00153689
0.00332992
0.000512295
0.00307377
0.000768443
0.000768443
0.00204918
0.00102459
0.00256148
0.00128074
0.000768443
0.000768443
0.000768443
0.000512295
0.000512295
0.000512295
0.00102459
0.00128074
0.000512295
0.000256148
0.000512295
0
0
0
0
0.00973361
0
0
0.000256148
0
0.000512295
0
0.000768443
0.000512295
0.000256148
0.000768443
0.000256148
0
0.000512295
0.000256148
0.000768443
0
0.000768443
0.000512295
0
0
0.000512295
0.000256148
0
0
0.000512295
0
0
0.000256148
0.000256148
0.000256148
0.000256148
0
0
0.000256148
0
0
0
0
0
0
0
0.000768443
0
0
0
0
0
0
0.000256148
0.000256148
0.000256148
0
0.000512295
0
0
0.000512295
0
0.000256148
0.000768443
0.000256148
0.000256148
0
0.00102459
0
0
0.000256148
0
0.000256148
0.000256148
0.000256148
0
0.00102459
0
0.000256148
0.000256148
0.000768443
0.000768443
0.000256148
0.000256148
0.000256148
0
0
0
0
0.0302254
0.000768443
0
0.000768443
0.000512295
0.000768443
0.00153689
0.00512295
0.00256148
0.00307377
0.00665984
0.00870902
0.00845287
0.0125512
0.017418
0.0186988
0.00794057
0.015625
0.010502
0.00742828
0.00281762
0.00922131
0.00691598
0.00589139
0.00435451
0.00332992
0.00204918
0.00102459
0.00384221
0.00204918
0.00102459
0.00230533
0.00153689
0.00102459
0.00230533
0.00179303
0.000256148
0.00128074
0.00256148
0.00102459
0.000256148
0
0.0133197
0
0
0.000256148
0.000256148
0.000768443
0.000256148
0.000768443
0.000256148
0.00102459
0.000512295
0.00128074
0.000512295
0.000512295
0.00204918
0
0.000768443
0.00128074
0.000256148
0
0
0.00281762
0
0.000256148
0.000256148
0
0.000256148
0.000256148
0
0.000256148
0
0.000512295
0.000768443
0
0.000512295
0.000512295
0
0.000256148
0
0
0
0
0
0.00563525
0
0
0.000256148
0.000512295
0
0.000512295
0.00102459
0.00153689
0
0.000512295
0.000256148
0.000256148
0
0.00153689
0.000512295
0
0.000768443
0.000768443
0.00102459
0
0.00384221
0
0.00256148
0.00128074
0.00230533
0.00153689
0.00179303
0.00230533
0.000512295
0.00128074
0.000768443
0.00128074
0.000256148
0.00307377
0.00256148
0.00230533
0.00332992
0.00512295
0.00512295
0.00640369
0.00512295
0.488986