0.00667909
0.046909
0.063995
0.0217459
0.0228332
0.0195713
0.0234545
0.0191053
0.0125815
0.0105623
0.00636844
0.00667909
0.00621311
0.00528114
0.00481516
0.00295123
0.00264057
0.00295123
0.00232992
0.00295123
0.00232992
0.00434918
0.000621311
0.00155328
0.000776639
0.000931966
0.00186393
0.00124262
0.000776639
0.000621311
0.000776639
0.000621311
0.000310655
0.000310655
0.000465983
0.000465983
0.000465983
0
0.000155328
0.000310655
0
0.000155328
0
0.0136688
0.000310655
0
0
0.000310655
0
0
0.000310655
0.000310655
0
0.000155328
0.000155328
0.000155328
0
0.000465983
0
0
0.000155328
0
0
0
0.000776639
0
0
0
0
0
0
0.000465983
0
0
0.000465983
0
0
0
0
0
0
0.000155328
0
0
0
0.000931966
0
0
0.000155328
0
0
0
0
0.000155328
0.000155328
0
0
0
0
0.000310655
0
0.000155328
0
0
0
0
0.000310655
0
0
0.000310655
0
0.000155328
0
0
0.000155328
0.000310655
0
0.000621311
0
0.000155328
0
0.000155328
0.000310655
0.000155328
0.000155328
0.000155328
0
0
0.00652377
0
0.000155328
0.000621311
0.000155328
0.000931966
0.000776639
0.000776639
0.00124262
0.000776639
0.00124262
0.00108729
0.000931966
0.000776639
0.00310655
0.00139795
0.00139795
0.0027959
0.00201926
0.00186393
0.00139795
0.00295123
0.00248524
0.00543647
0.0122709
0.0278037
0.0560733
0.0652376
0.0717614
0.0441131
0.0260951
0.0130475
0.00497049
0.00341721
0.00372787
0.00186393
0.00232992
0.00186393
0.00232992
0.00139795
0.00108729
0.000310655
0.0111836
0
0.000776639
0.000621311
0.00155328
0.00139795
0.00124262
0.00108729
0.000310655
0.00108729
0.000621311
0.00201926
0.000465983
0.000776639
0.00232992
0.000465983
0.000155328
0.00108729
0.00139795
0.000776639
0.000465983
0.00186393
0.000155328
0.000465983
0.000621311
0.000155328
0.00108729
0.000465983
0.00201926
0.000155328
0.000931966
0.000621311
0.000931966
0.000776639
0.000621311
0.000465983
0.000465983
0.000310655
0.000310655
0.000310655
0.000310655
0
0
0.00869835
0.000155328
0.000155328
0.000931966
0
0.000621311
0.000310655
0.00155328
0.000776639
0.000465983
0.00155328
0.000621311
0.000621311
0.000465983
0.00248524
0.000931966
0.000776639
0.00264057
0.00155328
0.00124262
0.000776639
0.00357254
0.000621311
0.00124262
0.00201926
0.00217459
0.00201926
0.00139795
0.0045045
0.00186393
0.00295123
0.0045045
0.00232992
0.00295123
0.0055918
0.00481516
0.00326188
0.00792172
0.00745573
0.0083877
0.010407
0.0133582
0.123486