0.00515223
0.0290398
0.0487119
0.0234192
0.0241218
0.0297424
0.0234192
0.0220141
0.012178
0.0194379
0.011007
0.0140515
0.0114754
0.00960187
0.0126464
0.00725995
0.00515223
0.00655738
0.00468384
0.00210773
0.0028103
0.00632318
0.000936768
0.00140515
0.00234192
0.00117096
0.000936768
0.00163934
0.000936768
0.000234192
0.00117096
0.000234192
0.000702576
0.000468384
0
0.000936768
0.000468384
0.000234192
0.000468384
0.000234192
0
0.000234192
0
0.0196721
0
0
0.000234192
0
0
0
0
0.000234192
0
0
0
0
0
0.000468384
0.000234192
0
0
0
0
0
0.000468384
0
0
0
0
0
0
0.000234192
0.000234192
0
0
0
0
0
0
0
0
0
0
0
0
0.000468384
0
0
0
0
0
0
0
0
0
0
0.000234192
0
0
0
0
0
0
0.000234192
0
0
0
0
0
0
0
0.000234192
0
0.000234192
0.000234192
0
0
0
0
0.000468384
0.000468384
0
0.000234192
0
0
0
0
0
0.00515223
0
0
0
0.000234192
0.000234192
0.00117096
0.000702576
0.00117096
0.000468384
0.00117096
0
0.000936768
0.000702576
0.00163934
0.000468384
0.000936768
0.00257611
0.00327869
0.00210773
0.00187354
0.00351288
0.00491803
0.0105386
0.0208431
0.0580796
0.0798595
0.0559719
0.0283372
0.0161593
0.0138173
0.00936768
0.00655738
0.00398126
0.00491803
0.00398126
0.00257611
0.00374707
0.00234192
0.00187354
0.00210773
0
0.0147541
0.000468384
0.000234192
0.00140515
0.00140515
0.00117096
0.000702576
0.00187354
0.000468384
0.00117096
0.000702576
0.00187354
0.000936768
0.000936768
0.00210773
0.000702576
0.000936768
0.00163934
0.000702576
0.000936768
0.000468384
0.00234192
0.000234192
0.000468384
0.000468384
0.000234192
0.000936768
0.00117096
0.00234192
0
0.000468384
0.000234192
0.00163934
0
0
0.000936768
0.000234192
0
0.000702576
0.000234192
0.000468384
0
0
0.0103045
0
0.000702576
0.000936768
0.000936768
0.000234192
0.000234192
0.000468384
0.00210773
0.000468384
0.00117096
0.000702576
0.000936768
0.000234192
0.00234192
0.000468384
0
0.00140515
0.00140515
0.00163934
0.000234192
0.00562061
0.000468384
0.000468384
0.00163934
0.0028103
0.00163934
0.00140515
0.0028103
0.000936768
0.00374707
0.00468384
0.00187354
0.00187354
0.00444965
0.00374707
0.00234192
0.00515223
0.00562061
0.0058548
0.00655738
0.0105386
0.121546