0
0.00104493
0.00835946
0.0031348
0.0031348
0.00731452
0.00731452
0.00417973
0.0031348
0.00104493
0.00104493
0
0.00208986
0.00104493
0.00104493
0.00208986
0.00104493
0
0
0
0
0
0
0
0
0
0
0
0
0
0
0
0
0
0
0
0
0
0
0
0
0
0
0
0
0.00104493
0
0
0
0
0
0
0
0.00104493
0
0
0.00104493
0.00104493
0
0.00104493
0.00208986
0
0
0
0
0
0.00104493
0
0
0
0
0
0
0
0
0
0
0
0
0
0
0
0
0
0
0
0
0
0
0
0
0
0
0
0
0
0
0.00104493
0
0
0
0
0
0
0
0.00104493
0.00104493
0
0
0
0
0
0
0.00104493
0
0
0
0.00104493
0
0
0.00104493
0.00104493
0
0
0
0
0
0
0.0031348
0
0
0
0.00104493
0
0.00104493
0
0
0.00208986
0.0031348
0
0
0
0.0031348
0.00104493
0.00208986
0.00104493
0.00522466
0.00208986
0
0.00731452
0.00626959
0.015674
0.0428422
0.0700104
0.0647858
0.0815047
0.0553814
0.0543365
0.0323929
0.0292581
0.0125392
0.0167189
0.00940439
0.0114943
0.0114943
0.0125392
0.00522466
0.00417973
0.0135841
0
0.0188088
0.00104493
0.00626959
0.00626959
0.0031348
0.00104493
0.00731452
0.00417973
0.00522466
0.00626959
0.00104493
0.00417973
0.00104493
0.00208986
0.00626959
0.00522466
0.00417973
0.00731452
0.00835946
0.00417973
0.00417973
0.00417973
0.00104493
0.0031348
0.00417973
0
0.00626959
0.00208986
0.0031348
0.00104493
0.00104493
0.00104493
0.00104493
0.00104493
0
0
0.0031348
0.00208986
0.00208986
0.00522466
0
0
0
0.00522466
0
0
0.00104493
0.00104493
0
0.00104493
0.00104493
0.0031348
0.00417973
0.0031348
0.00104493
0.00208986
0.00208986
0.00104493
0.0031348
0.00208986
0.00626959
0.00417973
0.0031348
0.0031348
0.00626959
0.00522466
0.0031348
0.00522466
0.015674
0.00626959
0.0104493
0.00104493
0.00731452
0.00522466
0.00940439
0.00104493
0.00104493
0.00417973
0.00417973
0.0031348
0.00626959
0.00626959
0.0135841
0.015674
0.00731452
0.0198537