0
0
0
0.0162738
0.0684624
0.0103816
0.00897868
0.0249719
0.00533109
0.0182379
0.00308642
0.0196409
0.00701459
0.00617284
0.0210438
0.00280584
0.00589226
0.00673401
0.00701459
0.00729517
0.0137486
0.040404
0.0187991
0.0272166
0.0364759
0.0375982
0.0482604
0.0373176
0.0589226
0.0305836
0.0319865
0.0230079
0.0129068
0.0109428
0.00897868
0.00841751
0.00448934
0.00280584
0.00280584
0.00280584
0.000841751
0
0
0.0173962
0.000280584
0.000561167
0.000280584
0
0.000280584
0.000280584
0
0.000561167
0
0.000561167
0.000280584
0.000561167
0
0.00112233
0
0
0.000280584
0
0
0
0.00224467
0
0
0.000280584
0
0
0
0
0
0
0.000280584
0
0
0
0.000280584
0
0
0.000280584
0
0
0
0.003367
0
0
0
0
0.000280584
0
0
0
0.000561167
0
0
0.000280584
0
0.000561167
0.000280584
0.000280584
0.000280584
0.000280584
0
0.000841751
0.00140292
0
0.000280584
0
0.000280584
0.000280584
0
0.000280584
0
0.000280584
0.000561167
0.000280584
0
0
0.000280584
0
0.000561167
0.000841751
0.00224467
0
0
0
0.00533109
0.000280584
0.000841751
0.000841751
0.000280584
0.000841751
0.000280584
0.000280584
0.000280584
0
0.000561167
0
0.000280584
0
0.000561167
0.000561167
0.000280584
0.00140292
0.00112233
0
0
0.000280584
0
0
0.000280584
0
0
0.000280584
0.000841751
0.000561167
0
0.000280584
0
0
0
0.000561167
0.000280584
0.000561167
0.000280584
0
0
0
0.00533109
0
0
0
0.000280584
0
0
0
0
0.000561167
0
0.000841751
0
0.000280584
0.000841751
0.000280584
0
0.000280584
0
0
0
0.00280584
0
0
0.000280584
0
0
0
0.000280584
0
0.000280584
0
0.00112233
0
0.000280584
0.000280584
0
0.000280584
0.000280584
0
0
0
0
0.00645342
0.000280584
0.000280584
0
0
0.000561167
0
0.000561167
0.00112233
0
0.000561167
0
0
0.000280584
0.00252525
0
0
0.000841751
0
0.000280584
0
0.00645342
0.000280584
0
0.00112233
0.00252525
0
0
0.00476992
0
0.000561167
0.00420875
0
0.000280584
0.00308642
0.00140292
0.0016835
0.003367
0.00140292
0
0.000280584
0
0.182941