0
0
0.000383583
0.00268508
0.00166219
0.00179005
0.00102289
0.00179005
0.00102289
0.00255722
0.000639304
0.00217364
0.000255722
0.000383583
0.000639304
0.000255722
0.000255722
0.000511444
0
0.000255722
0
0.000255722
0
0.000127861
0.000255722
0.000127861
0.000127861
0.000255722
0.00102289
0.000255722
0.000255722
0.00115075
0.000511444
0.000383583
0.000255722
0.000383583
0.000255722
0.000127861
0.000127861
0
0.000127861
0
0
0.00179005
0
0
0
0
0
0
0
0
0
0
0
0
0
0.000127861
0
0
0.000255722
0
0
0
0.000255722
0
0
0
0
0
0
0
0
0
0
0
0
0
0
0
0
0
0
0
0
0.000511444
0
0
0
0
0
0
0
0
0
0
0
0
0
0
0.000127861
0
0
0
0
0
0.000255722
0
0
0
0
0.000255722
0.000127861
0.000127861
0
0
0
0
0
0
0.000127861
0
0
0
0
0
0
0
0.00179005
0
0
0
0.000383583
0.000127861
0.000127861
0.000639304
0.00102289
0.000639304
0.00115075
0.00102289
0.00153433
0.000895026
0.00191791
0.00179005
0.00115075
0.00600946
0.00460299
0.00600946
0.00409155
0.0149597
0.0153433
0.0240378
0.0213528
0.0526787
0.0661041
0.0649533
0.0756936
0.0375911
0.0381025
0.0407876
0.00511444
0.0213528
0.0262115
0.0214806
0.0199463
0.0203299
0.00600946
0.00204577
0.000383583
0.000127861
0.0675105
0
0.000511444
0.000639304
0.000895026
0.00191791
0.00179005
0.00383583
0.000383583
0.00549802
0.000383583
0.00677663
0.00127861
0.000639304
0.00754379
0.000511444
0.000639304
0.00255722
0.00140647
0.000511444
0.000383583
0.00958957
0
0.000127861
0.00217364
0.000255722
0.00191791
0.00166219
0.0058816
0
0.00281294
0.000511444
0.00332438
0.000255722
0.00166219
0.00179005
0.00217364
0.000383583
0.000511444
0.000127861
0
0
0
0.0136811
0
0
0.000255722
0.00127861
0.00115075
0.00140647
0.00191791
0.00179005
0.00102289
0.00447513
0.000383583
0.00383583
0
0.00434727
0.0023015
0.000511444
0.00396369
0.00140647
0.00179005
0
0.00677663
0.00242936
0.000895026
0.00255722
0.00306866
0.00332438
0.00306866
0.00652091
0.00562588
0.00779951
0.00856668
0.00856668
0.0125304
0.0135533
0.0365682
0.00434727
0.0181562
0.00332438
0.00511444
0.00473085
0
0.018412