0
0.00591216
0.00844595
0.0101351
0.00506757
0.00253378
0.00337838
0.00253378
0.00675676
0.00422297
0.00591216
0.00253378
0
0.000844595
0.00253378
0.000844595
0
0.00168919
0
0
0.000844595
0.000844595
0.000844595
0
0
0.000844595
0
0
0
0.000844595
0.000844595
0
0
0
0.000844595
0.000844595
0
0
0
0
0
0
0
0.00253378
0
0
0
0
0
0
0
0
0
0.00168919
0
0
0
0.000844595
0
0
0
0
0
0
0
0
0
0
0
0
0
0
0
0
0
0
0
0
0
0
0
0
0
0
0
0
0
0
0
0
0
0
0
0
0
0
0
0
0
0
0
0
0
0
0
0
0
0
0
0
0
0
0
0.00168919
0
0
0
0
0
0
0.000844595
0
0.000844595
0
0
0
0
0
0.00168919
0
0
0
0
0
0
0
0.00253378
0.000844595
0
0
0.00422297
0.00168919
0.000844595
0.00168919
0.00253378
0.00253378
0.00168919
0
0.00168919
0.00422297
0.00675676
0.00506757
0.0439189
0.0793919
0.116554
0.0785473
0.0599662
0.0346284
0.027027
0.0253378
0.0135135
0.0109797
0.0101351
0.0109797
0.00591216
0.00844595
0.00760135
0.00591216
0.0101351
0.00253378
0.0126689
0.00168919
0.00168919
0.00506757
0.00422297
0.00591216
0.00253378
0.00591216
0.00337838
0.00253378
0.00506757
0.00253378
0.00168919
0.00253378
0
0
0.00253378
0.00506757
0.00675676
0.00168919
0.000844595
0.00422297
0.000844595
0.00253378
0.00253378
0.000844595
0
0.00253378
0.00422297
0.00168919
0.00253378
0.000844595
0.000844595
0
0.00168919
0.000844595
0.00253378
0.00168919
0.00253378
0.00168919
0.000844595
0.000844595
0
0.0101351
0.000844595
0.000844595
0.00253378
0.00168919
0.00337838
0.000844595
0.00591216
0.000844595
0.000844595
0.000844595
0.00168919
0.00675676
0.000844595
0.00337838
0.00422297
0.00168919
0.00422297
0.00168919
0.00422297
0.00168919
0.00675676
0.00506757
0.00506757
0.00337838
0.00337838
0.00929054
0.00422297
0.0101351
0.00337838
0.00253378
0.00253378
0.00422297
0.00591216
0.00675676
0.00675676
0.00422297
0.00929054
0.0244932
0.0152027
0.00929054
0.00675676
0.0135135