0
0
0
0
0
0.000772201
0
0.000772201
0
0
0
0.0015444
0
0.000772201
0
0
0.000772201
0
0
0
0
0
0
0
0
0
0
0
0
0
0
0
0
0
0
0
0
0
0
0
0
0
0
0
0
0
0
0
0
0
0
0
0
0
0
0
0
0
0
0
0
0
0
0
0.000772201
0
0
0
0.000772201
0
0
0
0
0
0
0
0
0.000772201
0
0
0
0
0
0
0
0.000772201
0
0
0
0
0
0
0
0
0
0
0
0.000772201
0
0
0
0
0
0
0
0
0.000772201
0
0
0
0
0
0
0.0015444
0
0
0
0.000772201
0
0
0
0
0
0
0
0
0
0
0.0030888
0
0
0
0
0
0
0.000772201
0
0.000772201
0.0015444
0
0.000772201
0
0.0023166
0.0030888
0
0.0030888
0.0015444
0.0023166
0.0015444
0.00772201
0.00540541
0.0131274
0.0138996
0.034749
0.0756757
0.0949807
0.0903475
0.0525097
0.0378378
0.023166
0.015444
0.015444
0.0293436
0.0208494
0.0262548
0.0223938
0.0208494
0.00772201
0.003861
0
0.050193
0
0.0030888
0.0046332
0.003861
0.00540541
0.003861
0.0046332
0.0030888
0.00772201
0.0015444
0.0046332
0.0015444
0.0030888
0.00694981
0.000772201
0.0030888
0.0023166
0.0030888
0.0015444
0.0015444
0.0108108
0
0.0015444
0.0015444
0.000772201
0.0046332
0.003861
0.0023166
0.0015444
0.003861
0.0023166
0.0023166
0
0.0015444
0.0046332
0.0015444
0
0
0.000772201
0.000772201
0
0
0.00772201
0
0
0.0015444
0.0023166
0.00772201
0.0030888
0.00617761
0.0015444
0.0015444
0.00772201
0.000772201
0.0030888
0.000772201
0.00540541
0.003861
0.000772201
0.00617761
0.00926641
0.0046332
0
0.00926641
0.0030888
0.00694981
0.00772201
0.003861
0.00617761
0.0046332
0.0123552
0.00849421
0.00694981
0.0108108
0.003861
0.0015444
0.00772201
0.00694981
0.000772201
0.000772201
0.0030888
0.0046332
0
0
0.0108108