0.00392734
0.0386598
0.062592
0.0225822
0.0229504
0.022705
0.0223368
0.0123957
0.00760923
0.00945017
0.00515464
0.00454099
0.00454099
0.00454099
0.00454099
0.00257732
0.00159548
0.0033137
0.00282278
0.00306824
0.00171821
0.00380461
0.000981836
0.0012273
0.00159548
0.000859107
0.000859107
0.00110457
0.00135002
0.000122729
0.000245459
0.000490918
0.000490918
0.000368189
0.000368189
0.000736377
0.000122729
0.000122729
0.000122729
0
0
0
0
0.0074865
0
0
0
0
0
0
0
0
0
0
0
0
0
0.000245459
0
0
0.000122729
0
0
0
0.000245459
0.000122729
0
0.000122729
0.000122729
0
0
0.000245459
0
0
0
0
0
0
0
0
0.000122729
0
0
0
0
0.000613648
0
0
0
0
0
0
0
0
0.000122729
0
0
0.000122729
0
0
0
0
0.000245459
0
0.000122729
0
0.000245459
0
0.000122729
0.000122729
0
0.000122729
0
0.000122729
0
0.000122729
0
0.000490918
0.000122729
0.000245459
0
0.000122729
0
0.000122729
0.000122729
0
0
0
0.0062592
0
0.000122729
0.000245459
0.000490918
0.000368189
0.00135002
0.00135002
0.000613648
0.000245459
0.000859107
0.0012273
0.00135002
0.000613648
0.00147275
0.0012273
0.00159548
0.0020864
0.00196367
0.0020864
0.00147275
0.00380461
0.00282278
0.00515464
0.00981836
0.0315415
0.0648012
0.0776878
0.0954836
0.0506873
0.0293324
0.0155866
0.00920471
0.0033137
0.00454099
0.00343643
0.00220913
0.00159548
0.00257732
0.00135002
0.00135002
0.000122729
0.0101865
0
0.000736377
0.000736377
0.0012273
0.000859107
0.000859107
0.0012273
0.000490918
0.00196367
0.000736377
0.0012273
0.000736377
0.000981836
0.00135002
0.000368189
0.000245459
0.000981836
0.000490918
0.000859107
0.000368189
0.00184094
0.000122729
0.000368189
0.000981836
0.000245459
0.000981836
0.000736377
0.0012273
0.000245459
0.000859107
0.000613648
0.000981836
0.000245459
0.000490918
0.00110457
0.000613648
0.000368189
0.000613648
0
0.000245459
0
0
0.00846834
0.000122729
0.000490918
0.000245459
0.000368189
0.000613648
0.000613648
0.000490918
0.00135002
0.000613648
0.00159548
0.000736377
0.000613648
0.000859107
0.00257732
0.000981836
0.000613648
0.00159548
0.00135002
0.00147275
0.000736377
0.00380461
0.0012273
0.00135002
0.00135002
0.00245459
0.00220913
0.00135002
0.00368189
0.00171821
0.00306824
0.00392734
0.00306824
0.00368189
0.00490918
0.00478645
0.00478645
0.00515464
0.00650466
0.00687285
0.00871379
0.0101865
0.114998