0
0.00720721
0.00540541
0.0042042
0.00900901
0.003003
0.0024024
0
0
0.000600601
0
0
0
0
0
0
0
0
0
0
0
0
0
0
0
0
0
0
0
0
0
0
0
0
0
0
0.000600601
0
0
0
0
0
0
0
0
0
0
0
0
0
0
0.000600601
0
0
0
0
0
0
0
0
0
0
0
0
0
0
0
0
0
0
0
0
0
0
0
0
0
0
0
0
0
0
0
0
0
0
0
0
0
0
0
0
0
0
0
0
0
0
0
0
0
0
0
0
0
0
0
0
0
0
0
0
0
0
0
0
0
0
0
0
0
0
0
0
0
0
0
0
0
0
0.000600601
0
0
0
0
0
0.000600601
0.000600601
0
0
0.0012012
0
0.000600601
0.0018018
0.0012012
0.000600601
0.0036036
0.0042042
0.0042042
0.0048048
0.00660661
0.0156156
0.0432432
0.0888889
0.111111
0.0876877
0.0528529
0.0372372
0.0168168
0.0162162
0.0174174
0.0132132
0.0132132
0.00840841
0.0132132
0.00780781
0.0102102
0.00840841
0.0036036
0.000600601
0.0252252
0.0036036
0.0024024
0.003003
0.00600601
0.0048048
0.0024024
0.003003
0.0024024
0.00600601
0.0012012
0.0048048
0.0012012
0.00660661
0.00540541
0.0012012
0.0048048
0.00540541
0.003003
0.0042042
0.003003
0.0042042
0.0018018
0.0024024
0.0042042
0.003003
0.0018018
0.003003
0.0012012
0.0024024
0.0024024
0.0024024
0.0042042
0.0018018
0.0018018
0.0036036
0.0018018
0.0018018
0.0012012
0.0036036
0.000600601
0.0012012
0
0.003003
0.000600601
0.000600601
0.0012012
0.0012012
0.0012012
0
0.0012012
0.0018018
0.0018018
0
0.0018018
0.0024024
0.000600601
0.0024024
0.003003
0.0024024
0.003003
0.00540541
0.0018018
0.0018018
0.0036036
0.003003
0.0024024
0.0036036
0.00540541
0.0042042
0.00660661
0.00600601
0.00540541
0.00540541
0.0102102
0.00780781
0.003003
0.00780781
0.00900901
0.00840841
0.0108108
0.0126126
0.0168168
0.0168168
0.0168168
0.0174174