0
0
0
0
0
0
0
0
0
0
0
0
0
0
0
0
0
0
0
0
0
0
0
0
0
0
0
0
0
0
0
0
0
0
0
0
0
0
0
0
0
0
0
0.000126823
0
0
0
0
0
0
0
0
0
0
0
0
0
0.000126823
0
0
0.000126823
0
0
0
0.000126823
0
0
0
0.000126823
0
0
0.000253646
0
0
0
0
0
0
0
0
0
0
0
0
0
0.000126823
0
0
0
0
0
0
0
0
0.000126823
0
0.000126823
0
0
0.000126823
0
0
0
0.000126823
0
0
0.000126823
0
0
0
0
0
0
0.000126823
0
0
0
0.000380469
0
0.000380469
0.000253646
0.000253646
0
0.000126823
0
0
0
0
0.00101458
0
0
0.000507292
0.000126823
0.000126823
0.000380469
0.000634115
0.000253646
0.000380469
0.00139505
0.000507292
0.00139505
0.000253646
0.00228282
0.00253646
0.00101458
0.00317058
0.00519975
0.00722892
0.00253646
0.0144578
0.01078
0.0192771
0.0247305
0.040837
0.0450222
0.0592264
0.0662016
0.0523779
0.0518706
0.0470514
0.0215599
0.025111
0.0403297
0.0277743
0.0210526
0.0194039
0.0176284
0.00608751
0.00367787
0
0.065948
0
0.00101458
0.00367787
0.00291693
0.00570704
0.0032974
0.00634115
0.00215599
0.00938491
0.00114141
0.00456563
0.00342422
0.00139505
0.00469245
0.00114141
0.00240964
0.00253646
0.00317058
0.00202917
0.000760939
0.00684845
0
0.00190235
0.0032974
0.000253646
0.00202917
0.0032974
0.00304375
0.000126823
0.00190235
0.000253646
0.00240964
0.000760939
0.00266328
0.00393152
0.00190235
0.000507292
0.00215599
0.00101458
0
0
0
0.0098922
0
0
0.00114141
0.0032974
0.00190235
0.00215599
0.00456563
0.00266328
0.00152188
0.00279011
0.00139505
0.00253646
0.000634115
0.0032974
0.00342422
0.000887762
0.00519975
0.00456563
0.00443881
0
0.00875079
0.00722892
0.00393152
0.010019
0.00570704
0.00697527
0.0135701
0.0175016
0.0082435
0.0116677
0.0209258
0.00342422
0.00443881
0.00367787
0.00139505
0.000760939
0
0.000126823
0.000253646
0
0
0.000507292