0
0.00899471
0.00507936
0.0042328
0.00201058
0.00126984
0.000952381
0.00031746
0.00010582
0.00021164
0.00010582
0.00010582
0
0
0.00021164
0.00010582
0
0.00010582
0
0
0
0.00031746
0
0
0
0
0
0
0
0
0
0
0
0
0
0
0
0.00010582
0
0
0
0
0
0.00021164
0
0
0
0
0
0
0
0
0
0
0
0
0
0
0
0
0
0
0
0
0
0
0
0
0
0
0
0.00021164
0
0
0
0
0
0
0
0
0
0
0
0
0
0.00021164
0
0
0
0
0
0
0
0
0
0
0
0
0
0
0
0
0
0.00010582
0
0
0.00021164
0
0
0
0
0
0
0.00010582
0
0
0
0
0
0
0.00010582
0
0
0
0
0
0
0
0.000634921
0
0
0
0
0
0
0
0.00031746
0
0.00031746
0.00010582
0.00042328
0
0.000952381
0.000634921
0.00031746
0.000634921
0.00190476
0.0021164
0.00306878
0.0110053
0.0182011
0.0430688
0.0675132
0.111852
0.111852
0.107513
0.0561905
0.037672
0.0262434
0.0230688
0.00962963
0.0101587
0.0128042
0.00952381
0.00666667
0.00529101
0.00550265
0.00444444
0.00285714
0.00031746
0.0168254
0.00010582
0.00179894
0.0015873
0.00328042
0.00253968
0.00179894
0.00222222
0.00116402
0.00349206
0.000740741
0.0026455
0.00222222
0.0015873
0.0021164
0.000740741
0.00148148
0.0021164
0.00179894
0.0010582
0.0010582
0.0031746
0.00042328
0.000634921
0.000846561
0.000846561
0.00179894
0.000952381
0.00253968
0.000634921
0.0010582
0.000634921
0.000846561
0.00137566
0.000740741
0.0015873
0.000740741
0.000634921
0.0010582
0.000634921
0.00126984
0
0
0.00359788
0
0.000634921
0.00042328
0.0010582
0.00137566
0.00116402
0.000952381
0.00116402
0.000634921
0.00190476
0.000740741
0.00126984
0.000846561
0.00275132
0.0015873
0.000740741
0.00243386
0.00137566
0.0010582
0.0010582
0.00391534
0.00116402
0.00126984
0.0026455
0.00328042
0.00137566
0.00253968
0.00359788
0.00253968
0.00402116
0.00486773
0.00338624
0.0037037
0.00730159
0.00730159
0.00507936
0.00952381
0.0100529
0.0150265
0.0320635
0.025291
0.0302646