0
0
0.00396825
0.00529101
0.00793651
0.00529101
0.0026455
0.00793651
0.0026455
0.00661376
0
0.0026455
0
0
0.0026455
0.00132275
0
0
0
0
0
0.00132275
0
0
0
0
0.00132275
0
0.00132275
0
0
0
0
0
0.00132275
0
0
0
0
0
0
0
0
0.00396825
0
0
0
0
0
0
0
0
0
0
0
0
0
0.00132275
0
0
0
0
0.00132275
0
0
0
0
0
0
0
0
0
0
0
0
0
0
0
0
0
0
0
0
0
0
0.00132275
0
0
0
0
0
0
0
0
0.00132275
0
0
0.00132275
0
0
0
0
0
0
0
0
0.00132275
0
0.00132275
0.00132275
0
0
0
0
0
0
0
0
0.00132275
0
0.00132275
0
0.00132275
0.00132275
0
0
0
0
0.00132275
0.00132275
0
0
0.0026455
0.00132275
0
0
0.00132275
0.00529101
0.00132275
0.00132275
0.00396825
0.0026455
0.00396825
0.0026455
0.00396825
0.00396825
0.0026455
0.00132275
0.0026455
0.0145503
0.010582
0.0357143
0.0515873
0.0793651
0.0674603
0.0873016
0.042328
0.0277778
0.015873
0.015873
0.0119048
0.015873
0.00396825
0.00661376
0.010582
0.00793651
0.00132275
0.00396825
0.00793651
0
0.0145503
0.00132275
0.00529101
0.00396825
0.00661376
0.00396825
0.00529101
0.00396825
0.00396825
0.010582
0.00396825
0.00132275
0.00396825
0.0026455
0.00529101
0.0026455
0
0.00529101
0.00661376
0.00396825
0.00661376
0.00396825
0.00132275
0.0026455
0.0026455
0.00132275
0.00132275
0
0.00132275
0.00529101
0.00132275
0
0.00396825
0.00396825
0.00396825
0.00529101
0.00529101
0
0
0.0026455
0.00132275
0
0
0.00661376
0
0.00132275
0.00132275
0
0.0026455
0.0026455
0.00396825
0.0026455
0.00396825
0.0026455
0.00132275
0.00396825
0
0.0026455
0.010582
0.0026455
0.00132275
0.0026455
0.00661376
0.0026455
0.00661376
0.0026455
0.00529101
0.00396825
0.00396825
0.00793651
0.00396825
0.00661376
0.00793651
0.00661376
0.00925926
0.00132275
0.00529101
0.00396825
0.0119048
0.00396825
0.00793651
0.010582
0.00793651
0.015873
0.00132275
0.0171958