0
0.0121228
0.00646552
0.00484914
0.00404095
0.00242457
0.00215517
0.00161638
0.000538793
0.000538793
0
0.00161638
0.000538793
0
0.000269397
0.000269397
0
0
0
0.000269397
0
0.000269397
0
0
0
0
0
0
0
0
0
0
0
0
0
0
0
0
0
0
0
0
0
0
0
0
0
0
0
0.000269397
0
0
0
0
0
0
0
0
0
0
0
0
0
0
0
0
0
0
0.000269397
0
0
0.000269397
0
0.000269397
0
0
0
0
0
0
0
0
0
0
0
0.000538793
0
0
0
0
0
0
0
0
0
0
0
0
0
0
0.000269397
0
0
0
0
0
0.000538793
0
0
0
0
0
0
0.000269397
0
0
0
0
0
0.000269397
0
0
0
0
0
0
0
0
0.00242457
0
0
0.000269397
0.000269397
0.000538793
0.00080819
0.00080819
0.00080819
0
0.000269397
0
0.00215517
0
0.00134698
0.00296336
0.00188578
0.00215517
0.00242457
0.00350216
0.00511853
0.0113147
0.0164332
0.0436422
0.0770474
0.119343
0.0905172
0.0977909
0.046875
0.0301724
0.0245151
0.0167026
0.00996767
0.00835129
0.0113147
0.00889009
0.00565733
0.00700431
0.00538793
0.00350216
0.00296336
0.000538793
0.0153556
0.000269397
0.00188578
0.00269397
0.00242457
0.00215517
0.00215517
0.00215517
0.00215517
0.00323276
0.000269397
0.00242457
0.00188578
0.000538793
0.00242457
0.00134698
0.00269397
0.00107759
0.00080819
0.00161638
0.00107759
0.00350216
0.00080819
0.00134698
0.00188578
0
0.00215517
0.00107759
0.00404095
0.00134698
0.00134698
0.00188578
0.00215517
0.00161638
0.00242457
0.00134698
0.00188578
0.00080819
0.000538793
0.00107759
0.00080819
0
0
0.00457974
0
0.00134698
0.00134698
0.00188578
0.00107759
0.00161638
0.00134698
0.00269397
0.000538793
0.00107759
0.000538793
0.00161638
0.00080819
0.000538793
0.00215517
0.00134698
0.00188578
0.00107759
0.00161638
0.000269397
0.00161638
0.00215517
0.00296336
0.00161638
0.00269397
0.00269397
0.00188578
0.00323276
0.00377155
0.00431034
0.00565733
0.00538793
0.00619612
0.0078125
0.00727371
0.00457974
0.00835129
0.0113147
0.0148168
0.0207435
0.0277478
0.0344828