0
0.00132626
0.00265252
0.00530504
0.00530504
0.00530504
0.00265252
0.00265252
0.00132626
0.00397878
0.00397878
0
0.00132626
0
0.00265252
0
0.00265252
0
0.00132626
0.00132626
0
0.00132626
0
0
0
0
0.00265252
0
0
0
0
0
0
0
0
0
0
0
0
0.00132626
0
0
0
0
0
0
0
0
0
0
0
0
0
0.00132626
0
0
0
0
0.00132626
0
0
0
0
0
0
0
0
0
0
0
0
0
0
0
0
0
0
0
0
0
0
0
0.00132626
0
0
0
0
0
0
0
0
0
0
0
0.00132626
0
0
0
0
0.00132626
0
0
0
0
0
0
0
0
0
0.00132626
0
0
0
0
0
0
0
0
0.00132626
0.00132626
0
0
0
0
0.00132626
0
0
0
0.00265252
0
0
0
0.00132626
0.00132626
0
0
0.00132626
0
0.00530504
0
0.00132626
0
0.00132626
0.00265252
0.00132626
0.00265252
0.00265252
0.0066313
0.00132626
0.0185676
0.0238727
0.0238727
0.0557029
0.0742706
0.0862069
0.061008
0.0464191
0.0251989
0.0318302
0.030504
0.0159151
0.0172414
0.0172414
0.0145889
0.0119363
0.0106101
0.0106101
0.00795756
0.00530504
0.00132626
0.0212202
0
0.00132626
0.00397878
0.00928382
0.0066313
0.00530504
0.00265252
0.00530504
0.0066313
0.00132626
0.00397878
0.00265252
0.00397878
0.00265252
0.00132626
0.00265252
0
0.00132626
0.00265252
0.00132626
0.00530504
0
0
0.00132626
0.00132626
0.0066313
0.00265252
0.00132626
0.00265252
0.00265252
0
0.00397878
0.00265252
0
0
0.00132626
0.00265252
0.00132626
0.00132626
0.00397878
0
0
0.0066313
0
0.00265252
0.0066313
0
0.00265252
0.00530504
0.0066313
0.00132626
0.00132626
0.00132626
0.00397878
0.00132626
0.00132626
0.00132626
0.00795756
0
0.00265252
0.00132626
0.00265252
0
0.0066313
0.00132626
0.00132626
0.00397878
0.00397878
0.00132626
0.00530504
0.00530504
0.00132626
0.0066313
0.0066313
0.00795756
0.00928382
0.0119363
0.00928382
0.00530504
0.00265252
0.0106101
0
0.00795756
0.00132626
0.0225464