0
0
0
0
0
0.00292398
0
0
0
0
0
0
0
0
0.00292398
0
0
0
0.00292398
0
0
0
0
0
0
0
0
0
0
0
0
0
0
0
0
0
0
0
0
0
0
0
0
0
0
0
0
0
0
0
0
0
0
0
0
0
0
0
0
0
0
0
0
0
0
0
0
0
0
0
0
0
0
0
0
0
0
0
0
0
0
0
0
0
0
0
0
0
0
0
0
0
0
0
0
0
0
0
0
0
0
0
0
0
0
0
0
0
0
0
0
0
0
0
0
0.00292398
0
0
0
0
0
0.00292398
0
0
0
0
0
0
0.00292398
0
0
0
0
0
0
0
0
0
0
0
0.00292398
0
0.00292398
0
0.00292398
0.00584795
0.00292398
0.00292398
0
0.00292398
0
0.00292398
0.00292398
0.00292398
0.00292398
0.0175439
0.0350877
0.0526316
0.0730994
0.0760234
0.0233918
0.0175439
0.0614035
0.0321637
0.00584795
0.0292398
0.0467836
0.00584795
0.00292398
0
0.102339
0
0
0.00292398
0.0116959
0.0116959
0.0116959
0.0116959
0.00584795
0.0116959
0.00292398
0.00877193
0.00877193
0.00584795
0.00584795
0.00292398
0
0.00292398
0.0116959
0.00877193
0.00584795
0.0380117
0
0.00584795
0.0146199
0.00292398
0.00292398
0.00877193
0.0146199
0
0
0
0.00584795
0
0.00292398
0.00292398
0.00584795
0.00292398
0.00292398
0.00292398
0
0
0
0.00877193
0
0
0
0.00292398
0
0.00292398
0
0.00292398
0.00584795
0.00292398
0.00292398
0.00292398
0
0.0233918
0.00584795
0
0.0175439
0.00292398
0
0
0.00584795
0
0.00292398
0.00292398
0
0.00584795
0.00292398
0
0
0.00584795
0.00292398
0
0
0
0
0
0.00292398
0
0
0
0
0.00584795