0.00144928
0.00772947
0.00724638
0.00966184
0.0057971
0.00289855
0.00386473
0.00386473
0.00193237
0.00193237
0.00144928
0.00193237
0.00289855
0.000966184
0.00483092
0.000966184
0.000966184
0.00241546
0.00193237
0.000483092
0.000966184
0.00338164
0
0.00144928
0.000966184
0.000966184
0.000483092
0.000483092
0.00193237
0.000483092
0.00241546
0.000966184
0.000483092
0.00144928
0.00144928
0.00144928
0.00193237
0.00193237
0.000966184
0
0.00144928
0.00193237
0
0.02657
0.00144928
0.00144928
0.00144928
0.000966184
0.00193237
0.000483092
0.000966184
0.00144928
0.00338164
0.00193237
0
0.000483092
0.00193237
0
0.000483092
0
0.000483092
0.000966184
0.000966184
0
0.000966184
0.00144928
0.000966184
0.000966184
0.000483092
0
0
0.000966184
0.000483092
0.000483092
0
0.000483092
0.000966184
0
0
0
0
0.000483092
0
0
0.000966184
0.000483092
0
0
0
0
0.000483092
0
0
0
0
0
0
0.000483092
0
0.000483092
0.000483092
0.000483092
0.000483092
0.000483092
0.000483092
0
0.00193237
0
0.000483092
0.000966184
0
0.00193237
0
0.000966184
0.000483092
0
0.000483092
0.000483092
0.000966184
0.000483092
0.000483092
0.00193237
0
0.00144928
0.00241546
0.000483092
0
0
0.0188406
0
0.000483092
0
0.000966184
0.000966184
0.00241546
0.00241546
0.00193237
0.00289855
0.00193237
0.00193237
0.00193237
0.00241546
0.00144928
0.00193237
0
0.000966184
0
0.00338164
0.000966184
0.00193237
0.00144928
0.00289855
0.00386473
0.00289855
0.00144928
0.00289855
0.00483092
0.00386473
0.00531401
0.00386473
0.00434783
0.00338164
0.00338164
0.00289855
0.00531401
0.00434783
0.00434783
0.00338164
0.00338164
0.00289855
0.010628
0.00289855
0.00338164
0.0057971
0.00386473
0.00241546
0.00241546
0.00338164
0.00241546
0.00241546
0.000966184
0.00144928
0.00338164
0.000966184
0.00289855
0.000483092
0.000483092
0.00193237
0.00386473
0.00193237
0.00193237
0.00386473
0.00144928
0.00434783
0.00144928
0.00241546
0.000483092
0.000966184
0.000966184
0.00144928
0.00241546
0.00193237
0.00144928
0.000966184
0.00289855
0.00386473
0.000966184
0.000483092
0.00193237
0.00144928
0
0.00241546
0
0.02657
0.00193237
0.00144928
0.000966184
0
0.000966184
0.00144928
0.00193237
0.00241546
0.00144928
0.00144928
0.000966184
0.00193237
0.00144928
0.000483092
0.00241546
0.00144928
0.00193237
0.00193237
0.00144928
0.000483092
0.00241546
0.00193237
0.00193237
0.00386473
0.00483092
0.00483092
0.00483092
0.00434783
0.00531401
0.00483092
0.00386473
0.00434783
0.00724638
0.00821256
0.0207729
0.0164251
0.0270531
0.0347826
0.0193237
0.0140097
0.0101449
0.350725