0
0.0048
0.0108
0.0124
0.01
0.0104
0.004
0.0056
0.0016
0.0056
0.0016
0.0048
0.0024
0.0024
0.0024
0.0012
0.0012
0.0016
0.0024
0.0004
0
0
0
0.0008
0.0008
0
0.0004
0
0.0004
0
0
0
0
0.0004
0
0.0004
0
0
0
0
0
0
0
0.0004
0
0
0
0
0
0
0
0
0
0
0
0
0
0
0
0
0
0
0
0
0
0
0
0
0
0
0
0
0
0
0
0
0
0
0
0
0
0
0
0
0
0.0008
0
0
0
0
0
0
0
0
0
0
0
0
0
0
0
0
0
0
0
0
0
0
0
0
0
0
0
0
0
0
0
0
0
0
0
0
0
0
0
0
0
0
0.0008
0
0
0
0
0
0
0
0
0
0.0004
0.0004
0.0004
0
0.0004
0
0
0.0004
0
0.0008
0
0.0008
0
0.0012
0.0012
0.0016
0.0012
0.0016
0.0016
0.0012
0.0012
0.0016
0.0024
0.0024
0.004
0.0048
0.008
0.0064
0.0024
0.0008
0.0024
0
0.016
0
0.0028
0.0024
0.0016
0.004
0.0016
0.0032
0.0024
0.0072
0.0012
0.0064
0.0032
0.0012
0.0052
0.0024
0.0016
0.0048
0.006
0.0032
0.002
0.0108
0
0.002
0.0056
0.0008
0.0032
0.0044
0.0072
0.0004
0.008
0.0012
0.0052
0.0032
0.0044
0.0068
0.0052
0.0076
0.002
0.0004
0
0
0
0.0296
0
0
0.0008
0.0036
0.004
0.0076
0.0092
0.004
0.004
0.008
0.0012
0.0148
0.0024
0.014
0.0072
0.002
0.0092
0.0176
0.0044
0.0004
0.0252
0.0044
0.014
0.0144
0.0144
0.0128
0.0096
0.0192
0.0148
0.0192
0.024
0.0124
0.0144
0.0356
0.0396
0.0312
0.0456
0.0456
0.0416
0.0232
0.012
0.0856