0
0.0430622
0.0645933
0.0645933
0.141148
0.105263
0.107656
0.0813397
0.0669856
0.0933014
0.0382775
0.0406699
0.0191388
0.0191388
0.00956938
0.00717703
0.00478469
0
0.00239234
0
0
0.00239234
0
0.00239234
0.00239234
0
0
0
0.00239234
0
0
0
0
0
0
0
0
0
0
0
0
0
0
0
0
0
0
0
0
0
0
0
0
0
0
0
0
0
0
0
0
0
0
0
0
0
0
0
0
0
0
0
0
0
0
0
0
0
0
0
0
0
0
0
0
0
0
0
0
0
0
0
0
0
0
0
0
0
0
0
0
0
0
0
0
0
0
0
0
0
0
0
0
0
0
0
0
0
0
0
0
0
0
0
0
0
0
0
0
0
0
0
0
0
0
0
0
0
0
0
0
0
0
0
0
0
0
0
0
0
0
0
0
0
0
0
0
0
0
0
0
0
0
0
0
0
0
0
0
0
0
0
0
0
0
0
0
0
0
0
0
0
0
0
0
0
0
0
0
0
0
0
0
0
0
0
0
0
0
0
0
0
0
0
0
0
0
0
0
0
0
0
0
0
0
0
0
0
0
0
0
0
0
0
0
0
0
0
0
0
0
0
0
0
0
0
0
0
0
0
0
0
0
0.00239234
0
0
0
0.00239234
0.00239234
0.00478469
0.00239234
0.00239234
0.00239234
0.00956938
0.00478469
0.0478469