0.00628931
0.0747729
0.0286513
0.0202655
0.0192173
0.0132774
0.011181
0.0146751
0.00768693
0.0108316
0.0059399
0.00663871
0.00524109
0.0059399
0.00943396
0.00803634
0.0101328
0.020615
0.0153739
0.00838574
0.0118798
0.00943396
0.00419287
0.00768693
0.00384347
0.00384347
0.00628931
0.00279525
0.00349406
0.00209644
0.00174703
0.00104822
0.00174703
0.00104822
0.000698812
0.000349406
0.000349406
0
0
0
0
0.000349406
0
0.00524109
0
0.000349406
0.000349406
0
0
0.000349406
0
0.000349406
0
0
0
0.000349406
0
0
0
0
0
0.000349406
0.000349406
0
0
0
0
0
0
0.000349406
0
0
0
0
0.000349406
0
0
0
0
0.000349406
0
0
0
0
0
0.000349406
0
0
0
0
0
0
0
0
0.000349406
0
0
0
0
0
0
0
0
0
0.000349406
0
0
0
0.000349406
0
0
0
0
0
0
0.000349406
0
0
0
0
0
0
0.000349406
0
0
0.000698812
0
0
0.00139762
0
0
0
0
0
0.000349406
0.000349406
0.000349406
0.000349406
0
0
0
0
0.00139762
0.000698812
0.000349406
0.000698812
0.00104822
0.000698812
0.000698812
0.00104822
0
0.000349406
0.00104822
0.000698812
0.000349406
0.000349406
0.000698812
0.000349406
0.00174703
0.00104822
0.00174703
0.000698812
0.000349406
0.000698812
0.000349406
0.00104822
0.00139762
0.00104822
0.00104822
0.000349406
0.00663871
0.000698812
0.000349406
0.00139762
0.00174703
0.00209644
0.000698812
0.00279525
0.00139762
0.00244584
0.00174703
0.00174703
0.00384347
0.00174703
0.00104822
0.00314465
0.000698812
0.00139762
0.00244584
0.00209644
0.00314465
0.00419287
0.000349406
0.00314465
0.00139762
0.00104822
0.00209644
0.00244584
0.00244584
0.00139762
0.00174703
0.00104822
0.00279525
0.00244584
0.00174703
0.00349406
0.000349406
0.00174703
0.00244584
0.00279525
0.00174703
0
0.000349406
0.00768693
0.000349406
0.00244584
0.00209644
0.00174703
0.00384347
0.00279525
0.00628931
0.0055905
0.00349406
0.00838574
0.00454228
0.00663871
0.00733753
0.00838574
0.0101328
0.00838574
0.0136268
0.0136268
0.012928
0.0136268
0.0171209
0.0164221
0.0160727
0.0139762
0.0160727
0.00908456
0.0181691
0.0122292
0.00663871
0.00768693
0.00873515
0.00733753
0.00628931
0.0143256
0.00838574
0.00803634
0.0185185
0.011181
0.0108316
0.0150245
0.0216632
0.10587