0
0.000400962
0.00160385
0.000801925
0.000534616
0.000668271
0.000267308
0.000668271
0.000267308
0.000801925
0.000133654
0.000534616
0.000267308
0.000267308
0.000668271
0.000400962
0
0.000400962
0.000133654
0
0.000267308
0.000534616
0
0.000133654
0.000267308
0
0.000133654
0
0.000133654
0.000133654
0
0
0
0
0
0
0
0
0
0
0
0
0
0.000534616
0
0
0
0
0
0
0
0
0
0
0
0
0
0
0
0
0
0
0
0
0
0
0
0.000133654
0
0
0
0
0
0
0
0
0
0
0
0
0
0
0
0
0
0
0
0
0
0
0
0
0
0
0
0
0
0
0
0
0
0
0
0
0
0
0
0
0
0
0
0
0
0.000133654
0
0
0
0
0
0
0
0
0
0
0
0
0
0
0.0105587
0
0
0
0.000133654
0.000400962
0.000400962
0.000668271
0.000534616
0.000534616
0.000267308
0.000801925
0.000400962
0.000534616
0.000935579
0.000400962
0.000935579
0.00200481
0.00120289
0.00106923
0.00106923
0.0032077
0.00227212
0.00200481
0.00334135
0.00400962
0.00360866
0.00547982
0.00507886
0.00735098
0.00708367
0.00788559
0.00534616
0.00761828
0.00855386
0.00721732
0.00695001
0.00614809
0.00748463
0.00601443
0.00721732
0.00133654
0.0249933
0.000133654
0.00374231
0.00855386
0.00842021
0.00654905
0.00775194
0.00695001
0.00788559
0.0144346
0.00574713
0.0155039
0.0105587
0.0137664
0.0121625
0.0117616
0.0100241
0.00935579
0.0110933
0.0120289
0.00828655
0.0161721
0.00106923
0.0106923
0.00975675
0.0049452
0.00922213
0.00855386
0.00895482
0.00253943
0.00735098
0.00427693
0.00628174
0.0064154
0.00601443
0.00414328
0.00334135
0.00360866
0.00507886
0.00400962
0.00213847
0.000133654
0
0.0168404
0.000668271
0.00280674
0.00387597
0.00574713
0.00334135
0.00267308
0.00374231
0.00267308
0.00387597
0.00374231
0.00227212
0.00374231
0.0032077
0.0064154
0.00347501
0.00307404
0.00735098
0.00614809
0.0064154
0.00708367
0.0152366
0.0118952
0.0144346
0.0141673
0.0168404
0.0137664
0.0180433
0.0136327
0.0180433
0.0169741
0.0197808
0.0192462
0.0172414
0.0161721
0.0145683
0.0101577
0.00601443
0.00467789
0.00267308
0.0017375
0.0014702
0.150361