0.000287604
0.00201323
0.0120794
0.0319241
0.0244464
0.00977854
0.00776532
0.0069025
0.00373886
0.00805292
0.00747771
0.00603969
0.00517688
0.00460167
0.00345125
0.00603969
0.0066149
0.00575209
0.00460167
0.00632729
0.00776532
0.00632729
0.00834052
0.00719011
0.010929
0.00862813
0.0069025
0.00776532
0.00949094
0.00776532
0.00805292
0.00517688
0.00862813
0.00603969
0.00575209
0.0066149
0.00632729
0.00603969
0.00603969
0.00488927
0.00316365
0.00287604
0.000575209
0.128272
0.00258844
0.00143802
0.00115042
0.000862813
0.00172563
0.00143802
0.000575209
0.000575209
0.00115042
0
0.000287604
0.000862813
0
0.000575209
0
0.000287604
0.000287604
0.000862813
0.000287604
0
0.000575209
0.000287604
0.000287604
0.000575209
0.000287604
0.000575209
0
0
0
0.000575209
0.000287604
0.000287604
0
0
0.000287604
0.000287604
0
0
0
0
0
0.000862813
0
0.000287604
0
0
0.000287604
0
0
0
0
0.000287604
0.000287604
0
0.000287604
0.000287604
0
0.000287604
0
0
0
0
0.000287604
0
0.000287604
0
0
0
0.000287604
0
0
0
0.000287604
0
0.000287604
0.000575209
0
0.000575209
0.000287604
0.000287604
0.000287604
0
0
0
0.00776532
0.000575209
0
0
0.000287604
0
0
0
0.000575209
0
0
0
0.000287604
0.000287604
0
0.000575209
0
0
0
0
0
0.000575209
0.000287604
0
0.000287604
0
0
0
0
0.000287604
0.000862813
0
0
0
0.000287604
0.000575209
0.000287604
0.000287604
0
0.000575209
0.000287604
0
0.000575209
0
0.000862813
0.000287604
0.000287604
0.000287604
0
0
0
0
0
0
0.000287604
0
0.000287604
0.000575209
0
0
0.000287604
0.000575209
0.000287604
0.000575209
0
0
0
0.000575209
0.000575209
0
0.00115042
0.00115042
0.000862813
0.000575209
0.000287604
0
0.000287604
0.000287604
0
0
0.000575209
0.000287604
0.000287604
0.000575209
0
0.00949094
0
0.000287604
0.000575209
0.000287604
0
0.000287604
0.000287604
0.000287604
0.000287604
0.00201323
0
0.000862813
0.000287604
0.00201323
0.000287604
0.000862813
0.00143802
0.000862813
0.000575209
0.00115042
0.00201323
0.000287604
0.00143802
0.000287604
0.000862813
0.000862813
0.000862813
0
0
0.000862813
0.000575209
0.000862813
0.00258844
0.00115042
0.00143802
0.00172563
0.00258844
0.00258844
0.00201323
0.00316365
0.00201323
0.45384