0
0.0264706
0.0352941
0.0588235
0.111765
0.120588
0.138235
0.0911765
0.0882353
0.0823529
0.0617647
0.0264706
0.0205882
0.0176471
0.00882353
0.00588235
0.00294118
0.00882353
0
0
0
0.00294118
0
0
0
0
0
0
0
0
0
0
0
0
0
0
0
0
0
0
0
0
0
0
0
0
0
0
0
0
0
0
0
0
0
0
0
0
0
0
0
0
0
0
0
0
0
0
0
0
0
0
0
0
0
0
0
0
0
0
0
0
0
0
0
0
0
0
0
0
0
0
0
0
0
0
0
0
0
0
0
0
0
0
0
0
0
0
0
0
0
0
0
0
0
0
0
0
0
0
0
0
0
0
0
0
0
0
0
0
0
0
0
0
0
0
0
0
0
0
0
0
0
0
0
0
0
0
0
0
0
0
0
0
0
0
0
0
0
0
0
0
0
0
0
0
0
0
0
0
0
0
0
0
0
0
0
0
0
0
0
0
0
0
0
0
0
0
0
0
0
0
0
0
0
0
0
0
0
0
0
0
0
0
0
0
0
0
0
0
0
0
0
0
0
0
0
0
0
0
0
0
0
0.00294118
0
0
0
0
0
0
0
0
0
0
0
0
0
0
0.00294118
0
0.00588235
0
0
0
0
0.00588235
0.00294118
0.00294118
0.00588235
0.00588235
0.00294118
0.00294118
0.00588235
0.00588235
0.00882353
0.0294118