0.00099552
0.0099552
0.012444
0.026879
0.0557491
0.0537581
0.0338477
0.0204082
0.0194126
0.0174216
0.0154306
0.0134395
0.012444
0.0109507
0.0114485
0.0099552
0.00945744
0.00696864
0.00945744
0.00696864
0.0049776
0.00846192
0.00398208
0.00895968
0.00099552
0.0024888
0.00348432
0.00199104
0.0049776
0.0024888
0.00298656
0.00348432
0.00447984
0.0024888
0.00199104
0.00149328
0.00049776
0.00049776
0.00099552
0.00099552
0.00149328
0
0
0.0537581
0
0
0.00049776
0.00049776
0
0
0.00099552
0
0.00049776
0.00049776
0
0.00049776
0.00049776
0.00099552
0.00049776
0.00049776
0.00099552
0
0.00099552
0
0.00099552
0.00049776
0.00099552
0.00049776
0
0.00049776
0
0
0
0
0.00049776
0.00049776
0.00049776
0.00049776
0
0.00049776
0
0
0.00049776
0.00099552
0
0
0
0
0
0
0.00049776
0.00049776
0
0
0.00049776
0
0.00199104
0
0.00049776
0
0.00049776
0
0
0
0.00049776
0
0
0.00049776
0
0.00049776
0
0.00099552
0
0
0.00049776
0.0024888
0.00049776
0
0.00099552
0
0.00099552
0.00049776
0.00049776
0
0
0.00049776
0.00099552
0
0.014435
0
0.00049776
0
0.00049776
0
0.00099552
0.00049776
0.00099552
0.00049776
0
0.00099552
0
0.00049776
0.00199104
0
0.00049776
0.00099552
0.00049776
0
0
0.00099552
0
0
0
0.00099552
0.00049776
0.00099552
0
0
0
0.00149328
0
0
0.00049776
0.00049776
0.00049776
0
0.00049776
0.00049776
0.00049776
0.00049776
0.00199104
0.00099552
0.00049776
0.00049776
0.00199104
0.00199104
0.0024888
0.00099552
0.00049776
0.00298656
0.00049776
0.00149328
0.00199104
0.00149328
0.0024888
0.00049776
0.00149328
0.00149328
0.00099552
0
0
0.0024888
0.00099552
0.00049776
0.0024888
0
0
0.00049776
0.00298656
0.00149328
0.00049776
0.00199104
0.00049776
0
0.00149328
0.00049776
0.00099552
0.00049776
0.00049776
0
0.00099552
0
0
0.0204082
0.00049776
0.00149328
0.00149328
0.00049776
0.00049776
0.00099552
0.00099552
0.00199104
0.00149328
0.0024888
0.00199104
0.00149328
0.00099552
0.0024888
0.00049776
0.00049776
0.00099552
0.00149328
0.00149328
0.00199104
0.00348432
0.0024888
0.00099552
0.00149328
0.00149328
0.00149328
0.00149328
0.00348432
0.00199104
0.00199104
0.0049776
0.00199104
0.0024888
0.00398208
0.00447984
0.00447984
0.00547536
0.00348432
0.00696864
0.00696864
0.0049776
0.297661