0.00306122
0.0173469
0.0183673
0.0193878
0.0505102
0.0556122
0.0234694
0.0270408
0.0117347
0.022449
0.0173469
0.0122449
0.00918367
0.0112245
0.00969388
0.00612245
0.00765306
0.00969388
0.00867347
0.00561224
0.00918367
0.00408163
0.00357143
0.00204082
0.00306122
0.00408163
0.00561224
0.00306122
0.000510204
0.00255102
0.00153061
0.00255102
0.00204082
0.00153061
0.00255102
0.00204082
0.00153061
0.00153061
0.00153061
0
0.00153061
0.00102041
0
0.0387755
0
0.000510204
0.000510204
0
0
0.00102041
0.000510204
0
0.00255102
0
0.000510204
0.00102041
0
0.000510204
0
0
0
0
0.000510204
0
0.000510204
0
0
0
0
0
0.000510204
0
0
0
0
0.000510204
0
0.000510204
0
0
0
0
0
0
0
0.000510204
0
0.000510204
0
0
0
0
0
0
0.000510204
0
0
0
0
0
0
0
0
0
0.000510204
0.000510204
0.00102041
0
0
0.000510204
0
0.000510204
0
0
0
0
0
0.000510204
0
0
0.000510204
0.000510204
0
0
0.000510204
0
0
0
0.0158163
0.000510204
0.000510204
0.000510204
0.000510204
0.00102041
0.000510204
0.000510204
0.00153061
0.000510204
0
0.000510204
0.000510204
0.000510204
0.000510204
0.000510204
0.00153061
0.000510204
0.00102041
0.000510204
0.000510204
0.00102041
0.000510204
0
0.00153061
0
0.00102041
0.000510204
0.000510204
0
0
0.00102041
0.000510204
0.00153061
0
0.000510204
0.000510204
0.00102041
0.00255102
0.00102041
0
0.00102041
0.00255102
0.00102041
0.00204082
0.000510204
0.00102041
0.00102041
0.00153061
0.000510204
0.00153061
0.00153061
0.00102041
0.00153061
0
0.00153061
0.00153061
0.000510204
0
0.00102041
0
0
0
0.00102041
0.00102041
0
0.000510204
0.00153061
0
0.00102041
0.000510204
0.000510204
0.00102041
0
0.000510204
0
0.00255102
0.00102041
0.00102041
0.000510204
0.00102041
0.000510204
0.00102041
0.000510204
0
0.0357143
0.000510204
0.00102041
0.00102041
0.00102041
0.000510204
0.000510204
0.000510204
0
0.00102041
0.00102041
0.000510204
0.00153061
0.000510204
0.00204082
0.00204082
0.00204082
0.00357143
0.00102041
0.00255102
0.00204082
0.00459184
0.00306122
0.00204082
0.00204082
0.00204082
0.00255102
0.00153061
0.00306122
0.00255102
0.00357143
0.00663265
0.00255102
0.00204082
0.00612245
0.00612245
0.00714286
0.00459184
0.00816326
0.00663265
0.00561224
0.00663265
0.311735