0.00189036
0.0132325
0.0118147
0.00803403
0.0094518
0.00803403
0.00425331
0.00236295
0.00330813
0.00378072
0.00330813
0.00425331
0.00141777
0.00236295
0.00283554
0.00283554
0.00519849
0.00189036
0.00236295
0.00236295
0.00189036
0.00141777
0.00094518
0.00141777
0.00141777
0.00094518
0.00141777
0.00094518
0.00283554
0.00189036
0.00189036
0.00189036
0.00141777
0.00094518
0.00094518
0.00283554
0.00094518
0.00094518
0.00047259
0.00189036
0
0.00047259
0
0.0293006
0
0.00094518
0
0.00047259
0.00141777
0.00141777
0.00094518
0.00047259
0
0
0
0.00189036
0.00047259
0
0.00047259
0
0.00094518
0
0.00047259
0
0.00189036
0.00047259
0
0
0.00141777
0
0
0.00047259
0.00047259
0
0
0.00047259
0
0.00047259
0.00047259
0
0
0
0
0
0
0.00189036
0
0
0
0
0
0
0.00047259
0
0.00047259
0
0
0
0.00094518
0.00047259
0.00094518
0.00047259
0
0
0
0
0
0.00047259
0
0.00094518
0
0
0.00047259
0.00047259
0
0.00094518
0.00047259
0
0.00094518
0
0.00141777
0
0
0.00047259
0.00094518
0.00047259
0.00094518
0
0.0222117
0.00189036
0.00141777
0.00141777
0.00141777
0.00094518
0.00283554
0.00189036
0.00189036
0.00094518
0.00094518
0.00236295
0.00236295
0.00047259
0.00378072
0.00283554
0.00094518
0.00236295
0.00141777
0.00141777
0
0.00283554
0.00141777
0.00189036
0.00283554
0.00283554
0.00236295
0.00141777
0.00519849
0.00236295
0.00236295
0.00330813
0.00189036
0.00141777
0.00047259
0.00330813
0.00141777
0.00283554
0.00283554
0.00283554
0
0.00330813
0.00897921
0.00141777
0.00141777
0.00236295
0.00236295
0.00283554
0.00189036
0.00189036
0.00283554
0.00378072
0.00236295
0.00378072
0.00236295
0.00189036
0.00330813
0.00094518
0.00094518
0.00236295
0.00189036
0.00283554
0.00189036
0.00330813
0.00047259
0.00236295
0.00094518
0.00094518
0.00236295
0.00189036
0.00047259
0
0.00094518
0.00141777
0.00236295
0.00189036
0.00189036
0.00141777
0.00141777
0.00094518
0.00047259
0.00047259
0.00141777
0.00189036
0
0.0241021
0.00141777
0.00189036
0.00141777
0.00047259
0.00047259
0.00283554
0.00141777
0.00094518
0.00094518
0.00236295
0.00141777
0.00141777
0.00047259
0.00283554
0.00047259
0.00236295
0.0047259
0.00330813
0.00189036
0.00236295
0.00425331
0.00283554
0.00236295
0.0047259
0.00330813
0.0047259
0.00614367
0.00519849
0.00519849
0.00897921
0.00519849
0.00708885
0.00519849
0.0094518
0.0170132
0.0160681
0.0274102
0.0189036
0.0193762
0.020794
0.0203214
0.352552