0.000967118
0.0464217
0.0396518
0.0522244
0.040619
0.0198259
0.0145068
0.0135397
0.00725338
0.00483559
0.00241779
0.00241779
0.00241779
0.00193424
0.000967118
0.00145068
0.000483559
0.00145068
0
0.00145068
0
0.000967118
0
0
0
0
0.000483559
0.000483559
0
0
0.000483559
0
0
0
0.000483559
0
0
0
0
0
0
0
0
0.00435203
0
0
0
0
0
0
0.000483559
0
0
0.000967118
0
0
0
0
0
0
0
0
0
0
0
0
0
0
0
0
0
0
0
0
0
0
0
0
0
0
0
0
0
0
0
0
0
0
0
0
0
0
0
0
0
0
0
0
0
0
0
0
0
0
0
0
0
0
0
0
0
0
0
0.000483559
0
0
0
0.000483559
0
0
0
0
0
0
0
0
0
0
0.00676983
0
0.000483559
0
0.000483559
0
0.000483559
0.000483559
0
0.000967118
0.000967118
0
0.000483559
0
0.00145068
0.00193424
0.00241779
0.00145068
0.00241779
0.00338491
0.000483559
0.00676983
0.00241779
0.00483559
0.00580271
0.00483559
0.00531915
0.00773694
0.00725338
0.00967118
0.00628627
0.00676983
0.00338491
0.00531915
0.00531915
0.00531915
0.000967118
0.00338491
0.00386847
0.00290135
0.00145068
0
0.0140232
0
0
0.000967118
0.00338491
0.00241779
0.00290135
0.00145068
0.00338491
0.00338491
0
0.00435203
0.000483559
0.00290135
0.00241779
0.00145068
0.00145068
0.000967118
0.000967118
0.00193424
0
0.00580271
0
0.000483559
0.00241779
0.000483559
0.00338491
0.000483559
0.00241779
0.000967118
0.000967118
0.000483559
0.00145068
0.00145068
0.000967118
0.00145068
0.000483559
0
0.00290135
0.000967118
0.000483559
0
0
0.0246615
0
0.000967118
0.000967118
0.00241779
0.00145068
0.000967118
0.00290135
0.00193424
0.00338491
0.000967118
0.00193424
0.00193424
0.000967118
0.00725338
0.00290135
0.000967118
0.00435203
0.00386847
0.00241779
0.00193424
0.0082205
0.00531915
0.00531915
0.00338491
0.00628627
0.00967118
0.00435203
0.00918762
0.0111219
0.0111219
0.0140232
0.0101547
0.00967118
0.0130561
0.0149903
0.0125725
0.0169246
0.0265957
0.0193424
0.0343327
0.0391683
0.180367