0
0.0445283
0.065283
0.0554717
0.0313208
0.0233962
0.0135849
0.00830189
0.00301887
0.0090566
0.00301887
0.00377358
0.00301887
0.00150943
0.00754717
0.00113208
0.00150943
0.00339623
0.00188679
0.00113208
0.000754717
0.0120755
0
0.000754717
0.000754717
0.000377358
0.00188679
0.000754717
0.00566038
0
0.000377358
0
0.00264151
0.00113208
0.00226415
0.00113208
0.000377358
0.000377358
0
0
0
0
0
0.0415094
0
0
0
0
0
0.000377358
0
0.000754717
0
0.00226415
0
0
0
0.00377358
0
0
0
0
0
0
0.00603774
0
0
0
0
0
0
0.00113208
0
0
0.000377358
0
0
0
0
0
0
0
0
0
0
0.00792453
0
0
0
0
0
0
0
0
0
0
0.000754717
0
0
0.000377358
0
0
0.000754717
0
0
0
0.00264151
0
0
0
0
0.000377358
0
0.00301887
0
0.000377358
0
0.00113208
0
0.00113208
0.000754717
0.000377358
0.000377358
0
0
0
0
0
0.0249057
0
0
0.000377358
0.000377358
0.00264151
0.00226415
0.00415094
0.00528302
0.00264151
0.00754717
0.00150943
0.0101887
0.00113208
0.0188679
0.0135849
0.00150943
0.0158491
0.0132075
0.00943396
0
0.0362264
0.0045283
0.00867925
0.00867925
0.0128302
0.00792453
0.00226415
0.0158491
0.00226415
0.0045283
0.0045283
0
0.00150943
0.00679245
0.0045283
0.00150943
0.00150943
0.000754717
0
0
0
0.0324528
0
0
0
0.000377358
0
0.000754717
0.000754717
0
0.00113208
0
0.00113208
0.000754717
0
0.00188679
0
0
0.00188679
0.000377358
0
0
0.0090566
0
0
0.000377358
0
0
0.000377358
0.00301887
0
0.000377358
0
0.00113208
0
0.000377358
0
0
0.000754717
0
0
0
0
0
0.0196226
0
0
0
0.000377358
0
0.000377358
0.000377358
0.00188679
0
0.000754717
0
0.000377358
0.00113208
0.00188679
0.00188679
0
0.00150943
0.000377358
0.00113208
0.000754717
0.00830189
0.000754717
0.000377358
0.000377358
0.00188679
0.00188679
0.00188679
0.00566038
0.00264151
0.00301887
0.00603774
0.000754717
0.00301887
0.00528302
0.00377358
0.00792453
0.00641509
0.0135849
0.00981132
0.0173585
0.0166038
0.143396