0
0
0
0.00823045
0.0260631
0.0164609
0.0205761
0.0260631
0.00411523
0.0329218
0.00137174
0.0219479
0.0150892
0.00274348
0.0288066
0
0.00823045
0.00411523
0.00274348
0.00274348
0
0.00960219
0
0
0
0
0.00411523
0
0.00411523
0
0
0
0.00274348
0
0
0
0
0
0
0
0
0
0
0.0233196
0
0
0
0
0
0
0
0.00137174
0
0.00411523
0
0
0
0.00137174
0
0
0
0
0
0
0.00137174
0
0
0
0
0
0
0.00274348
0
0
0
0
0
0
0
0
0
0
0
0
0
0
0
0
0
0
0
0
0
0
0
0
0
0
0
0
0
0
0
0
0
0
0
0
0
0
0
0
0
0
0
0
0
0
0
0
0
0
0
0
0
0
0
0
0.00137174
0
0
0
0
0
0
0
0
0
0
0
0
0
0
0
0
0
0
0
0
0
0
0
0
0
0
0
0
0
0
0
0
0
0
0
0
0
0
0
0
0
0.00685871
0
0
0
0
0
0
0
0
0
0
0
0
0
0.00411523
0
0
0
0
0
0
0.0164609
0
0
0
0
0
0
0.00411523
0
0
0
0
0
0
0
0
0
0
0
0
0
0
0.0205761
0
0
0
0
0
0
0
0
0
0.00274348
0
0
0
0.00685871
0
0
0.00137174
0
0
0
0.0246914
0
0.00274348
0.00274348
0.0109739
0.00137174
0.00274348
0.0246914
0
0.00960219
0.0329218
0
0.0109739
0.0438957
0.0356653
0.0150892
0.0356653
0.0699589
0.0233196
0
0
0.311385