0
0
0
0.00116891
0.00526008
0.00672122
0.00730567
0.00847458
0.00087668
0.0169492
0
0.0198714
0.00292227
0.00116891
0.0254237
0
0.00087668
0.00496785
0.00087668
0
0
0.0254237
0
0
0.000292227
0
0.00263004
0
0.00409117
0
0
0
0.000292227
0
0
0
0
0
0
0
0
0
0
0.025716
0
0
0
0
0
0
0
0
0
0.000584454
0
0
0
0.00204559
0
0
0
0
0
0
0.00350672
0
0
0
0
0
0
0.000292227
0
0
0
0
0
0
0
0
0
0
0
0
0
0.00175336
0
0
0
0
0
0
0
0
0
0
0
0
0
0
0
0
0
0
0
0
0
0
0
0
0
0
0
0
0
0
0
0
0
0
0
0
0
0
0
0
0
0
0.00263004
0
0
0
0
0
0
0
0
0
0
0
0
0
0
0
0
0
0
0
0
0.00116891
0
0
0
0
0
0
0
0
0
0
0
0
0
0
0
0
0
0
0
0
0.0239626
0
0
0
0
0
0
0
0
0
0
0.000292227
0
0
0.00175336
0
0
0
0
0
0
0.0201636
0
0
0.000292227
0
0
0
0.00087668
0
0
0
0
0
0
0
0
0
0
0
0
0
0
0.0452951
0
0
0
0
0
0.000292227
0
0
0.000584454
0.000584454
0
0
0
0.00496785
0
0
0.000584454
0.000292227
0
0
0.034775
0
0.000292227
0.000292227
0.00409117
0.000292227
0
0.028346
0.000584454
0.00526008
0.0198714
0
0.00818235
0.0286382
0.0210403
0.0289304
0.0639977
0.0537697
0.0160725
0
0
0.412332