0
0.00321396
0.00711662
0.0128558
0.0179063
0.0424702
0.0677227
0.0709366
0.0532599
0.0440771
0.025023
0.0325987
0.0296143
0.0241047
0.0252525
0.0243343
0.021809
0.0224977
0.0247934
0.021809
0.0179063
0.0371901
0.0130854
0.0181359
0.0169881
0.00711662
0.0110193
0.0119376
0.013315
0.00183655
0.00321396
0.00160698
0.00298439
0.00183655
0.00298439
0.00114784
0.000918274
0.000918274
0.00114784
0.000918274
0
0
0
0.0140037
0
0
0
0
0
0.000229568
0.000688705
0.000688705
0
0.000229568
0
0.000229568
0
0.000688705
0
0
0.000229568
0
0
0
0.00114784
0
0
0.000229568
0.000459137
0
0
0.000918274
0
0
0.000459137
0
0
0
0
0
0
0
0
0
0
0.00505051
0
0
0
0
0
0
0
0
0.000459137
0
0
0
0
0.00114784
0
0
0.000229568
0
0
0
0.00206612
0
0
0
0
0
0
0.00160698
0
0.000459137
0
0.000459137
0
0.000459137
0.000688705
0
0.000229568
0.000229568
0
0
0
0
0.00826446
0
0.000688705
0.000229568
0.00114784
0.00114784
0.00229568
0.00298439
0.00137741
0.00183655
0.00367309
0.00321396
0.00229568
0.000918274
0.00550964
0.00344353
0.00298439
0.00688705
0.00505051
0.00298439
0.00206612
0.0103306
0.00183655
0.00252525
0.00229568
0.00206612
0.00206612
0.000688705
0.00275482
0.000688705
0.000688705
0.00229568
0
0.000918274
0.00160698
0.000918274
0.000918274
0.000918274
0.000229568
0
0
0
0.0107897
0
0
0.000229568
0
0
0.000459137
0.000229568
0
0.000459137
0
0
0.000229568
0
0.00137741
0
0
0.000918274
0.000229568
0.000459137
0
0.00367309
0
0
0
0
0.000459137
0.000229568
0.00137741
0
0.000229568
0
0.000688705
0
0.000459137
0.000229568
0
0
0.000229568
0.000229568
0
0
0
0.00596878
0
0
0.000229568
0.000459137
0
0.000229568
0
0.000688705
0
0.00114784
0
0.000459137
0
0.00229568
0
0
0.000459137
0.000459137
0.000229568
0.000229568
0.00528007
0.000229568
0.000459137
0.000918274
0.00160698
0.000918274
0.000459137
0.00390266
0.00160698
0.00137741
0.00482094
0.000459137
0.000918274
0.00482094
0.00390266
0.00229568
0.00321396
0.00344353
0.00390266
0.00390266
0.00229568
0.0495868