0
0
0
0.000698812
0.00733753
0.00733753
0.00384347
0.00454228
0.000349406
0.0122292
0
0.0164221
0.00174703
0
0.0262055
0
0.000698812
0.00454228
0.000698812
0
0
0.0248078
0
0
0
0
0.00104822
0
0.00489168
0
0
0
0.000349406
0
0
0.000349406
0
0
0
0
0
0
0
0.020615
0
0
0
0
0
0
0
0
0
0
0
0
0
0.00104822
0
0
0
0
0
0
0.00384347
0
0
0
0
0
0
0
0
0
0
0
0
0
0
0
0
0
0
0
0
0.00454228
0
0
0
0
0
0
0
0
0
0
0
0
0
0
0
0
0
0
0
0
0.00104822
0
0
0
0
0
0
0
0
0
0
0
0
0
0
0
0
0
0
0
0
0
0.00419287
0
0
0
0
0
0
0
0
0
0
0
0
0
0
0
0
0
0
0
0
0.00174703
0
0
0
0
0
0
0
0
0
0
0
0
0
0
0
0
0
0
0
0
0.0262055
0
0
0
0
0
0
0
0
0
0
0
0
0
0.00489168
0
0
0
0
0
0
0.0283019
0
0
0
0
0
0
0.00139762
0
0
0
0
0
0
0
0
0
0
0
0
0
0
0.0408805
0
0
0
0
0
0
0
0
0
0.000349406
0
0
0
0.00663871
0
0
0.000698812
0.000349406
0
0
0.0307477
0
0
0.000698812
0.00314465
0.00104822
0
0.0303983
0.000698812
0.00908456
0.022362
0
0.00873515
0.0331936
0.0373864
0.0286513
0.0573026
0.0614955
0.0251572
0
0
0.385045