0
0
0
0
0
0.00454545
0.00454545
0.00681818
0
0.00227273
0
0.00454545
0.00454545
0
0
0
0
0
0
0
0
0.00681818
0
0
0
0
0
0
0.00227273
0
0
0
0
0
0
0
0
0
0
0
0
0
0
0.0113636
0
0
0
0
0
0
0
0
0
0
0
0
0
0
0
0
0
0
0
0
0.00227273
0
0
0
0
0
0
0
0
0
0
0
0
0
0
0
0
0
0
0
0
0.00227273
0
0
0
0
0
0
0
0
0
0
0
0
0
0
0
0
0
0
0
0
0
0
0
0
0
0
0
0
0
0
0
0
0
0
0
0
0
0
0
0
0
0
0.00681818
0
0
0
0
0
0
0
0
0
0
0
0
0
0
0
0
0
0
0
0
0.00227273
0
0
0
0
0
0
0.00454545
0
0
0
0
0
0
0
0
0
0
0
0
0
0.0113636
0
0
0
0
0
0
0
0
0
0
0
0
0
0.00681818
0
0
0
0
0
0
0.00681818
0
0
0
0
0
0
0
0
0
0
0
0
0
0
0
0
0
0
0
0
0
0.0272727
0
0
0
0
0
0
0
0
0
0.00909091
0
0
0
0.0181818
0
0
0.0227273
0.00681818
0
0
0.0636364
0
0.00681818
0.0113636
0.025
0.00227273
0
0.0636364
0.0181818
0.0454545
0.0772727
0
0.0363636
0.075
0.0568182
0.0181818
0.0727273
0.0318182
0.00681818
0
0
0.213636