0.000566893
0.0085034
0.0130385
0.0289116
0.0345805
0.0629252
0.042517
0.0255102
0.0153061
0.0153061
0.010771
0.0130385
0.00453515
0.0085034
0.0085034
0.00963719
0.00907029
0.00736961
0.00793651
0.00510204
0.00680272
0.00680272
0.00510204
0.00340136
0.00396825
0.00453515
0.00510204
0.00340136
0.00226757
0.00340136
0.00170068
0.00510204
0.00453515
0.00566893
0.00510204
0.00340136
0.00510204
0.00396825
0.00226757
0.00340136
0.00226757
0.000566893
0
0.0430839
0.00170068
0.00113379
0.00170068
0.000566893
0.000566893
0.000566893
0.000566893
0.00170068
0
0
0
0.00113379
0
0
0
0
0.00113379
0.000566893
0
0
0.000566893
0
0
0
0.000566893
0
0.000566893
0.000566893
0
0
0
0.000566893
0
0
0
0
0
0
0
0
0
0.000566893
0
0
0
0
0.000566893
0.000566893
0
0
0.000566893
0
0
0
0
0
0
0
0.000566893
0
0
0.000566893
0.000566893
0
0
0
0.000566893
0
0.000566893
0.00113379
0
0
0.000566893
0
0
0
0.000566893
0.00113379
0.000566893
0
0.000566893
0
0
0
0.00907029
0
0
0.000566893
0.00113379
0.00113379
0
0
0.000566893
0.000566893
0
0.000566893
0.000566893
0
0
0
0.000566893
0.000566893
0
0
0
0.000566893
0
0
0.000566893
0.000566893
0.00113379
0
0.000566893
0.00113379
0
0.000566893
0
0
0.000566893
0
0
0.000566893
0
0
0.000566893
0.000566893
0.00113379
0.000566893
0.000566893
0.00113379
0.000566893
0.000566893
0.00113379
0.000566893
0
0
0.00226757
0.00113379
0.000566893
0.000566893
0
0.000566893
0.000566893
0.00170068
0.000566893
0.000566893
0
0.00113379
0.000566893
0.00170068
0.000566893
0.00226757
0.000566893
0
0.000566893
0.000566893
0.00170068
0.000566893
0.00113379
0.00170068
0.000566893
0.00170068
0
0.00226757
0.000566893
0.000566893
0
0.00113379
0
0.0249433
0.000566893
0.00113379
0
0.000566893
0.00170068
0
0.00170068
0
0.000566893
0.00226757
0.00113379
0
0.00226757
0.00453515
0.00113379
0.00113379
0.00340136
0.00226757
0.00283447
0.00226757
0.00113379
0.00226757
0.00170068
0.00283447
0.00226757
0.00226757
0.00396825
0.00510204
0.00170068
0.00226757
0.00113379
0.00283447
0.00793651
0.00510204
0.00736961
0.00566893
0.0085034
0.0085034
0.00283447
0.00510204
0.00736961
0.314059