0
0.005625
0.0125
0.015
0.02
0.034375
0.058125
0.06375
0.0525
0.06125
0.02875
0.02375
0.02625
0.021875
0.019375
0.01625
0.015625
0.021875
0.026875
0.025625
0.03
0.03625
0.015625
0.01625
0.00875
0.0075
0.0075
0.00125
0.008125
0.003125
0.0025
0.00125
0.000625
0.00375
0.004375
0.001875
0.00125
0.00125
0.003125
0.001875
0.00125
0
0
0.019375
0
0.000625
0.00125
0.00125
0.000625
0.003125
0.0025
0.00125
0.00125
0.00125
0
0.000625
0
0.001875
0
0.000625
0
0.000625
0.000625
0.000625
0.00375
0
0.000625
0
0
0
0
0.001875
0
0
0.00125
0
0.000625
0
0.000625
0
0
0
0
0
0
0.0075
0
0
0
0.000625
0.000625
0
0.000625
0
0.000625
0
0
0.000625
0
0.001875
0
0.000625
0
0.00125
0.000625
0
0.00375
0
0
0.000625
0
0.000625
0.000625
0.001875
0
0.000625
0
0.00125
0.000625
0.001875
0.00125
0
0
0.00125
0.000625
0.0025
0
0
0.015625
0
0
0.0025
0.001875
0.000625
0.00125
0.0025
0.003125
0.001875
0.003125
0.0025
0.0025
0.00125
0
0
0
0.001875
0.000625
0.00125
0.00125
0.005
0.001875
0.000625
0.000625
0
0.000625
0.000625
0.000625
0.00125
0.00125
0.00125
0
0.00125
0.0025
0.001875
0.00125
0.000625
0.001875
0.0025
0
0
0.016875
0
0.000625
0.00125
0.0025
0.000625
0
0
0
0
0
0.000625
0.000625
0
0.0025
0
0
0
0
0
0.000625
0
0
0
0
0
0.00125
0.00125
0.001875
0
0
0
0
0
0
0
0
0
0
0
0
0
0
0.0075
0
0
0
0
0.000625
0.000625
0.000625
0
0
0.00125
0
0.000625
0
0.000625
0
0
0.000625
0
0
0
0.005
0.000625
0.00375
0.00125
0.001875
0.00125
0.001875
0.006875
0.00125
0.0025
0.0025
0.001875
0
0.00375
0.004375
0.0025
0.00625
0.006875
0.0025
0.004375
0.0025
0.038125