0
0
0
0.000185117
0.0044428
0.0153647
0.0044428
0.00870048
0
0.0114772
0
0.0120326
0.00259163
0
0.0216586
0
0.000185117
0.0011107
0.000740467
0
0
0.0327656
0
0
0
0
0.000740467
0
0.00592373
0
0
0
0.000740467
0
0
0
0
0
0
0
0
0
0
0.0286931
0
0
0
0
0
0
0
0
0
0
0
0
0
0.000370233
0
0
0
0
0
0
0.00203628
0
0
0
0
0
0
0
0
0
0
0
0
0
0
0
0
0
0
0
0
0.00462792
0
0
0
0
0
0
0
0
0
0
0
0
0
0
0
0
0
0
0
0
0.000370233
0
0
0
0
0
0
0
0
0
0
0
0
0
0
0
0
0
0
0
0
0
0.00758978
0
0
0
0
0
0
0
0
0
0
0
0
0
0
0
0
0
0
0
0
0.00129582
0
0
0
0
0
0
0
0
0
0
0
0
0
0
0
0
0
0
0
0
0.0401703
0
0
0
0
0
0
0
0
0
0
0
0
0
0.00055535
0
0
0
0
0
0
0.0125879
0
0
0
0
0
0
0.00129582
0
0
0
0
0
0
0
0
0
0
0
0
0
0
0.0453536
0
0
0
0
0
0
0
0
0
0
0
0
0
0.00185117
0
0
0.00055535
0
0
0
0.0251759
0
0.000185117
0.00055535
0.00296187
0.000925583
0
0.0198075
0.000185117
0.00481303
0.0214735
0
0.0044428
0.0227693
0.0225842
0.0246205
0.0401703
0.0388745
0.0103665
0
0
0.489633