0
0
0
0.00696864
0.0180023
0.0150987
0.0127758
0.0203252
0.00232288
0.0209059
0
0.0220674
0.0087108
0.00116144
0.0267131
0
0.00348432
0.00348432
0.00232288
0
0
0.0180023
0
0
0
0
0.00116144
0
0.00058072
0
0
0
0.00058072
0
0
0
0
0
0
0
0
0
0
0.033101
0
0
0
0
0
0
0
0
0
0
0
0
0
0.00232288
0
0
0
0
0
0
0.00116144
0
0
0
0
0
0
0.00058072
0
0
0
0
0
0
0
0
0
0
0
0
0
0.00696864
0
0
0
0
0
0
0
0
0
0
0
0
0
0
0
0
0
0
0
0
0.00058072
0
0
0
0
0
0
0.00058072
0
0
0
0
0
0
0
0
0
0
0
0
0
0
0.00232288
0
0
0
0
0
0
0
0
0
0
0
0
0
0
0
0
0
0
0
0
0
0
0
0
0
0
0
0
0
0
0
0
0
0
0
0
0
0
0
0
0
0.0116144
0
0
0
0
0
0
0
0
0
0
0.00058072
0
0
0.00696864
0
0
0
0
0
0
0.0220674
0
0
0
0
0
0
0.00406504
0
0
0
0
0
0
0
0
0
0
0
0
0
0
0.0360046
0
0
0
0
0
0
0
0
0
0.00406504
0
0
0
0.014518
0
0
0
0
0
0
0.0348432
0
0.00116144
0.00058072
0.00696864
0.00116144
0
0.018583
0.00174216
0.00696864
0.0214866
0
0.0087108
0.0400697
0.0278746
0.018583
0.0272938
0.043554
0.0481998
0.00232288
0
0.357724