0
0.0694444
0.0592593
0.0453704
0.0407407
0.0189815
0.00972222
0.0111111
0.00648148
0.0106481
0.000925926
0.0106481
0.00509259
0.00324074
0.00972222
0.000462963
0.00277778
0.00277778
0.00185185
0.000462963
0.000925926
0.0314815
0
0.000462963
0.00185185
0
0.00694444
0.000925926
0.0203704
0
0.00138889
0
0.00509259
0
0.00185185
0.000462963
0.000462963
0
0
0
0
0
0
0.0569444
0
0
0.000462963
0
0
0
0
0
0
0.000462963
0
0
0
0.00231481
0
0
0
0
0
0
0.00555556
0
0
0
0
0
0
0.00138889
0
0
0
0
0
0.000462963
0
0
0
0
0
0
0
0.0106481
0
0
0
0
0
0
0
0
0
0
0.000462963
0
0
0.00138889
0
0
0
0
0
0
0.00185185
0
0
0
0
0
0
0.00185185
0
0
0
0.00462963
0
0.00138889
0.000462963
0
0
0
0
0
0
0
0.0398148
0
0
0
0
0.00231481
0.00231481
0.00555556
0.00833333
0.00185185
0.0175926
0.000462963
0.00925926
0
0.0157407
0.00416667
0.000462963
0.0106481
0.0101852
0.000925926
0
0.0268519
0
0.00138889
0.00648148
0.00648148
0.00231481
0
0.0101852
0.000462963
0.00324074
0.00416667
0
0
0.0037037
0.00277778
0
0
0
0
0
0
0.0236111
0
0
0
0
0.000462963
0
0
0
0
0
0.000925926
0
0
0.00138889
0
0
0
0
0
0
0.00509259
0
0
0
0
0.000462963
0
0.00277778
0
0
0
0.00138889
0
0.000462963
0
0
0
0
0
0
0
0
0.0162037
0
0
0
0
0
0
0
0.000925926
0
0.00138889
0
0.000462963
0
0.00185185
0
0
0.00231481
0.000462963
0
0
0.00833333
0
0
0.00185185
0.00231481
0.000462963
0.000925926
0.00694444
0.00277778
0.00185185
0.000925926
0.000462963
0.00185185
0.00648148
0.00740741
0.00277778
0.00324074
0.00925926
0.00925926
0.0125
0.012037
0.178241