0.0230769
0.075
0.0773077
0.0476923
0.0238462
0.0184615
0.01
0.00692308
0.00923077
0.00807692
0.00615385
0.00461538
0.00692308
0.00807692
0.00923077
0.00538462
0.00692308
0.0111538
0.00923077
0.00576923
0.00423077
0.005
0.00423077
0.00153846
0.00423077
0.00346154
0.00192308
0.00269231
0.00692308
0.00269231
0.00538462
0.00192308
0.00346154
0.00346154
0.00307692
0.00807692
0.00153846
0.00384615
0.00384615
0.00461538
0.00346154
0.000384615
0
0.0107692
0.000769231
0.000384615
0.00346154
0.000769231
0.00230769
0
0.00115385
0.00153846
0.000769231
0.000384615
0
0.000769231
0
0.00230769
0
0.000384615
0.00153846
0.000384615
0.000769231
0
0.00269231
0
0
0.000384615
0
0.000384615
0
0.000384615
0
0.000384615
0.00115385
0
0.000384615
0.000384615
0.000384615
0.000384615
0.000384615
0
0
0
0
0.000384615
0
0
0
0.000384615
0.000384615
0
0
0
0.000384615
0
0.000384615
0.000384615
0
0.000384615
0.000384615
0.000769231
0.00115385
0
0
0
0.000769231
0
0.000384615
0
0
0.00115385
0.000384615
0.000384615
0
0.000769231
0.000384615
0.00115385
0.000769231
0.000769231
0.000384615
0.00153846
0.000384615
0.00115385
0.000769231
0.000384615
0.00115385
0
0.0369231
0.00115385
0.00230769
0.00576923
0.00384615
0.00230769
0.00346154
0.00769231
0.00461538
0.00576923
0.00346154
0.005
0.00615385
0.00884615
0.01
0.0126923
0.005
0.0146154
0.00615385
0.00576923
0.00884615
0.00884615
0.00846154
0.00692308
0.00846154
0.00692308
0.00538462
0.00384615
0.00346154
0.00423077
0.00230769
0.00192308
0.00153846
0.000769231
0.00115385
0.00269231
0.00269231
0.00115385
0.00269231
0
0.000384615
0
0.00615385
0
0.00153846
0.00153846
0.00230769
0.000384615
0
0.00115385
0
0.00307692
0
0.000769231
0.00115385
0.00115385
0.00115385
0.00115385
0
0.000384615
0.000769231
0.000769231
0
0.000384615
0.000384615
0.00153846
0
0
0.00269231
0.000769231
0.000384615
0.000769231
0.000769231
0.000769231
0.00153846
0.000769231
0
0.00115385
0.000384615
0
0.00115385
0.00153846
0
0
0
0.00653846
0
0.00115385
0.000384615
0.000769231
0
0
0.00153846
0.000384615
0.000384615
0.00230769
0.00115385
0.000769231
0.000384615
0.000384615
0.00115385
0.000769231
0.00230769
0.00153846
0
0.00192308
0.00307692
0
0.00153846
0.00153846
0.00384615
0.00269231
0.00307692
0.00346154
0.00269231
0.00346154
0.00423077
0.005
0.00423077
0.005
0.00461538
0.00769231
0.00961538
0.0107692
0.0157692
0.02
0.0253846
0.0592308