0
0.0711207
0.075431
0.0786638
0.0463362
0.0398707
0.0290948
0.0215517
0.00646552
0.012931
0.0150862
0.0140086
0.00646552
0.00215517
0.00969828
0.00323276
0.00646552
0.00538793
0.00646552
0.00431034
0.00107759
0.0107759
0.00431034
0.00215517
0.00646552
0.00431034
0.0150862
0.00323276
0.0150862
0.0075431
0.00969828
0.00431034
0.00431034
0.00862069
0.00862069
0.00862069
0.00538793
0.00215517
0.00538793
0.00431034
0
0.00107759
0
0.0290948
0
0
0
0.00107759
0
0.00107759
0.00107759
0.00538793
0.00215517
0.00323276
0
0.00323276
0
0.00323276
0
0
0.00107759
0.00215517
0
0
0.00538793
0
0
0
0.00107759
0.00107759
0
0
0
0
0.00215517
0
0
0
0
0
0
0
0
0
0
0.0075431
0
0
0
0
0.00107759
0
0.00107759
0
0
0
0
0
0
0.00215517
0
0
0
0
0.00107759
0
0.00215517
0
0
0.00107759
0
0
0
0.00107759
0
0.00107759
0.00215517
0
0
0.00215517
0.00107759
0.00215517
0
0
0
0.00107759
0
0
0.00538793
0
0.00107759
0.00215517
0
0
0.00107759
0
0
0
0.00323276
0
0
0
0.00431034
0
0
0
0.00107759
0
0
0.00107759
0
0
0
0.00215517
0
0
0.00107759
0.00107759
0
0.00323276
0
0
0
0
0
0.00107759
0
0
0
0
0.00107759
0
0.00107759
0
0.00107759
0
0.00107759
0.00107759
0
0
0
0
0.00107759
0
0.00215517
0
0
0.00107759
0
0
0
0
0
0
0
0
0
0
0.00107759
0
0.00107759
0
0
0
0.00107759
0
0
0
0
0
0.00107759
0
0
0.00538793
0
0.00107759
0
0
0
0
0.00107759
0.00215517
0.00107759
0.00107759
0
0
0
0
0.00215517
0
0.00323276
0.00215517
0.00107759
0.00107759
0.00323276
0.00215517
0.00323276
0.00107759
0.00862069
0.00431034
0.00107759
0.00646552
0.00215517
0.00538793
0.00538793
0.00646552
0.00323276
0.00862069
0.0204741
0.00969828
0.0161638
0.00969828
0.0107759
0.0215517
0.0204741
0.0894397