0
0.00235294
0.0113725
0.0164706
0.0305882
0.0352941
0.0427451
0.0439216
0.0294118
0.0282353
0.0203922
0.0231373
0.00980392
0.0117647
0.0129412
0.00745098
0.0054902
0.00862745
0.00666667
0.00431373
0.00470588
0.00705882
0.00117647
0.00392157
0.00235294
0.000392157
0.0027451
0.00156863
0.00588235
0.00196078
0.00235294
0.000784314
0.00156863
0.0027451
0.00313725
0.00156863
0.00235294
0.00196078
0.0027451
0.00196078
0.00156863
0
0
0.0172549
0
0.000784314
0.000392157
0.00156863
0.00117647
0.00117647
0
0.00156863
0.000784314
0.0027451
0
0.00196078
0
0.0027451
0.00156863
0.000392157
0.00196078
0.000784314
0.00117647
0
0.0054902
0
0.000784314
0.000392157
0.00196078
0.000392157
0.000392157
0.00392157
0.000784314
0.000392157
0.00196078
0
0.000392157
0.00117647
0.000784314
0
0.000392157
0.00117647
0
0.000392157
0
0.00784314
0
0
0
0.000392157
0.000392157
0.000392157
0.00117647
0
0.00117647
0
0.000392157
0.000392157
0.000392157
0.00509804
0
0
0.0027451
0.000784314
0.000392157
0.000784314
0.00509804
0
0.00117647
0.00156863
0.000784314
0.0027451
0.000392157
0.00392157
0.000392157
0.00196078
0
0.00392157
0.000784314
0.00313725
0.00117647
0.00196078
0.00235294
0.00117647
0.00196078
0.00117647
0
0
0.0305882
0.00117647
0.00235294
0.00588235
0.00823529
0.00627451
0.012549
0.00745098
0.0117647
0.00392157
0.0129412
0.00431373
0.00862745
0.00431373
0.0121569
0.0109804
0.00235294
0.00627451
0.0101961
0.00470588
0.00235294
0.0168627
0.00627451
0.00392157
0.00470588
0.00313725
0.00509804
0.00117647
0.00823529
0.00235294
0.00470588
0.00431373
0.00156863
0.00117647
0.00313725
0.00235294
0.00196078
0.0027451
0
0.000784314
0
0.000784314
0.0184314
0
0.000392157
0.00117647
0.00156863
0.000392157
0.00156863
0.000784314
0.00196078
0.00313725
0
0.0027451
0.000784314
0.000784314
0.0027451
0.000392157
0.00156863
0.00196078
0.000784314
0.00196078
0.000392157
0.00588235
0
0.00117647
0.00235294
0
0.00235294
0.00117647
0.0027451
0.000784314
0.00156863
0
0.00235294
0
0.00235294
0.00156863
0.000784314
0.000392157
0.00196078
0.000392157
0.000784314
0
0
0.00901961
0
0.000784314
0.000784314
0.000784314
0.00196078
0.000392157
0.00156863
0.00117647
0.000392157
0.00509804
0
0.00196078
0.000392157
0.00313725
0.000784314
0
0.00117647
0.0027451
0.000784314
0
0.0054902
0
0.00196078
0.00235294
0.00196078
0.00313725
0.000392157
0.0054902
0.0027451
0.00509804
0.0054902
0.00156863
0.00117647
0.00823529
0.00470588
0.00352941
0.0054902
0.00823529
0.00627451
0.00666667
0.00117647
0.0466667