0
0.0920732
0.0603659
0.0390244
0.0195122
0.0146341
0.0097561
0.00914634
0.00792683
0.0097561
0.00731707
0.00670732
0.0054878
0.00609756
0.00609756
0.00670732
0.00182927
0.00853659
0.00487805
0.00182927
0.00365854
0.00609756
0.00121951
0.00243902
0.00365854
0.000609756
0.00365854
0.00426829
0.00792683
0.00609756
0.00731707
0.00426829
0.00365854
0.00426829
0.00670732
0.0054878
0.00121951
0.00487805
0.0054878
0.00426829
0.000609756
0
0
0.027439
0
0.000609756
0.00304878
0.000609756
0.00182927
0.00182927
0.00243902
0.00304878
0.000609756
0.00365854
0
0
0
0.00487805
0.000609756
0
0.00365854
0.00243902
0
0
0.00243902
0.000609756
0.00121951
0
0
0
0.000609756
0.000609756
0
0
0
0
0.000609756
0.00121951
0.000609756
0
0
0
0
0
0
0.00426829
0
0
0
0
0
0
0.000609756
0
0.000609756
0
0.00121951
0.00121951
0.000609756
0.00121951
0
0.00121951
0.000609756
0.000609756
0.000609756
0
0.00182927
0
0
0.00243902
0.000609756
0
0
0.00182927
0
0.000609756
0
0.000609756
0
0.000609756
0.00121951
0.00121951
0.000609756
0.000609756
0.000609756
0
0
0
0.00853659
0.00182927
0.000609756
0.000609756
0.00182927
0.000609756
0.00182927
0.00304878
0.00487805
0.00304878
0.00304878
0.00426829
0.00914634
0.00426829
0.00731707
0.00853659
0.00304878
0.00670732
0.00609756
0.00426829
0.00365854
0.0152439
0.00609756
0.00670732
0.00304878
0.00609756
0.00304878
0.00304878
0.0054878
0.00487805
0.00792683
0.00426829
0.00243902
0.00243902
0.00243902
0.00304878
0.00426829
0.00121951
0.000609756
0.000609756
0
0
0.0207317
0
0
0
0.00121951
0.00182927
0.000609756
0.00121951
0.000609756
0.00304878
0.000609756
0.00243902
0.00243902
0
0.00304878
0.000609756
0.00182927
0.00426829
0.000609756
0.000609756
0.000609756
0.00487805
0
0.000609756
0.00121951
0
0.00243902
0
0.00426829
0.000609756
0.00121951
0.000609756
0.000609756
0
0.000609756
0
0.000609756
0
0
0.000609756
0
0
0
0.00792683
0
0
0.000609756
0.00121951
0
0.00365854
0.000609756
0.00182927
0.00121951
0.00182927
0.000609756
0
0
0.00487805
0.00243902
0
0.00426829
0.000609756
0.00304878
0.000609756
0.0054878
0.00243902
0.00121951
0.00487805
0.00182927
0.00243902
0.00121951
0.00487805
0.00426829
0.00365854
0.00304878
0.00304878
0.0054878
0.00792683
0.0097561
0.0103659
0.0158537
0.0109756
0.0115854
0.0134146
0.0365854
0.0737805