0
0.0656371
0.0725869
0.0579151
0.0316602
0.023166
0.0138996
0.0162162
0.00540541
0.0146718
0.0108108
0.00694981
0.0030888
0.00617761
0.00849421
0.0030888
0.00617761
0.0108108
0.0108108
0.00926641
0.0030888
0.0223938
0.00540541
0.00540541
0.0162162
0.000772201
0.0146718
0.0138996
0.0177606
0.00617761
0.015444
0.0030888
0.00772201
0.00694981
0.0131274
0.0108108
0.00772201
0.0030888
0.003861
0.0030888
0.000772201
0
0
0.0339768
0.000772201
0
0.000772201
0.0015444
0.000772201
0
0.0023166
0.0023166
0.000772201
0.000772201
0.000772201
0.000772201
0
0.000772201
0.000772201
0
0.0023166
0.0015444
0
0
0.0023166
0.000772201
0
0.000772201
0.0015444
0
0
0.0023166
0.000772201
0
0
0
0.000772201
0.000772201
0
0
0
0
0
0
0
0.0030888
0
0
0
0.000772201
0
0
0
0
0
0
0.000772201
0
0
0.003861
0
0
0
0
0
0
0.0030888
0
0
0
0
0.000772201
0.000772201
0.0023166
0
0.000772201
0.000772201
0.000772201
0.000772201
0.0023166
0.0015444
0.0023166
0.000772201
0.0030888
0.000772201
0
0.000772201
0
0.0146718
0
0
0.000772201
0.0023166
0.000772201
0.000772201
0.0023166
0.0015444
0
0.0023166
0.000772201
0.0023166
0.000772201
0.0030888
0
0
0.0015444
0.0023166
0.000772201
0
0.0030888
0
0.000772201
0.0015444
0.0015444
0
0
0.0015444
0
0.000772201
0
0
0
0
0.000772201
0
0.000772201
0
0
0
0
0.00694981
0
0
0
0
0.000772201
0
0
0
0
0
0.000772201
0.000772201
0.000772201
0
0
0.0015444
0
0.0015444
0
0.000772201
0.000772201
0
0
0
0.000772201
0
0.000772201
0.0023166
0
0.000772201
0.0015444
0
0
0.000772201
0.0015444
0
0.000772201
0.000772201
0
0
0
0
0.0030888
0
0
0
0.000772201
0
0
0
0.000772201
0.000772201
0.000772201
0.0023166
0.0015444
0.000772201
0.0015444
0.000772201
0
0.0046332
0.003861
0.0030888
0.000772201
0.00849421
0.0015444
0.0030888
0.00540541
0.0015444
0.0023166
0.0023166
0.00694981
0.00540541
0.00849421
0.0100386
0.0046332
0.00926641
0.0131274
0.0100386
0.0100386
0.0108108
0.0131274
0.0108108
0.0200772
0.0200772
0.0749035