0.00967742
0.0754839
0.0564516
0.0280645
0.0290323
0.0193548
0.0180645
0.0164516
0.00967742
0.0083871
0.00967742
0.00709677
0.00806452
0.00741935
0.00612903
0.00677419
0.00483871
0.00451613
0.00516129
0.00322581
0.00258065
0.00806452
0.00258065
0.00193548
0.00483871
0.00225806
0.00419355
0.00580645
0.00548387
0.00354839
0.00322581
0.00322581
0.00354839
0.00451613
0.00419355
0.00548387
0.00322581
0.00387097
0.00387097
0.00225806
0.00290323
0.00129032
0
0.0141935
0.0016129
0.00451613
0.00354839
0.00387097
0.00258065
0.0016129
0.00580645
0.00580645
0.00258065
0.00451613
0.00451613
0.00354839
0.00258065
0.00451613
0.00612903
0.00354839
0.00451613
0.00354839
0.00225806
0.000967742
0.00451613
0.00193548
0.00354839
0.000967742
0.0016129
0
0.0016129
0.00290323
0.0016129
0.000967742
0.00225806
0.000322581
0.000645161
0.00129032
0.000322581
0.0016129
0.000967742
0.0016129
0.000645161
0
0
0.00387097
0
0
0.000967742
0.000645161
0
0.000322581
0.000967742
0.00129032
0
0.000322581
0.00129032
0.000322581
0.000645161
0.000322581
0.000322581
0.000322581
0.0016129
0.000967742
0.000645161
0.000322581
0.00129032
0
0.000645161
0.0016129
0.000645161
0.000645161
0.0016129
0.0016129
0
0.000322581
0.000967742
0.00193548
0
0.0016129
0.000967742
0.000322581
0.00258065
0.000645161
0.00193548
0.0016129
0.000322581
0
0.00548387
0.000967742
0.000645161
0.000645161
0.000322581
0.00129032
0.00193548
0.00322581
0.00290323
0.00258065
0.00451613
0.00483871
0.00419355
0.00193548
0.00677419
0.00419355
0.00548387
0.00290323
0.00483871
0.00451613
0.00451613
0.0103226
0.00322581
0.00645161
0.00516129
0.00580645
0.00645161
0.00677419
0.00806452
0.00451613
0.00677419
0.00516129
0.00258065
0.00290323
0.00354839
0.00387097
0.00419355
0.00322581
0.00225806
0.00225806
0.000322581
0
0.0190323
0
0.000322581
0.000322581
0.0016129
0.0016129
0.000967742
0.00354839
0
0.00225806
0.000967742
0.00354839
0.000645161
0.000645161
0.00451613
0.000967742
0.000645161
0.000967742
0.000322581
0.00129032
0.000322581
0.00516129
0
0
0.00290323
0
0.000967742
0.00225806
0.00258065
0
0.000322581
0
0.00193548
0.000645161
0.00129032
0.00129032
0.00129032
0.000967742
0.000645161
0.000322581
0.000967742
0.000322581
0
0.00612903
0
0.000322581
0.00225806
0.000967742
0.000322581
0.000645161
0.00193548
0.000645161
0.000967742
0.00322581
0.00290323
0.00129032
0.000967742
0.00193548
0.00258065
0.000967742
0.00290323
0.000967742
0.00322581
0.000322581
0.00580645
0.000645161
0.00354839
0.00258065
0.00516129
0.00129032
0.00290323
0.00322581
0.00419355
0.00677419
0.00387097
0.00645161
0.00548387
0.00806452
0.0083871
0.00741935
0.00903226
0.0116129
0.00967742
0.013871
0.0135484
0.0309677