0
0.0820067
0.0547945
0.0298038
0.0223991
0.0116623
0.00703443
0.00703443
0.00425768
0.0088856
0.0044428
0.00814513
0.012773
0.014254
0.0249907
0.017401
0.0101814
0.00407257
0.00518327
0.00240652
0.0022214
0.0088856
0.000740467
0.00166605
0.0022214
0.000740467
0.00296187
0.00055535
0.00277675
0.000185117
0.000740467
0.000185117
0.00259163
0.00055535
0.000925583
0
0.00055535
0
0.000185117
0
0
0
0
0.0148093
0
0
0
0
0
0.000185117
0.000185117
0.000185117
0
0.000925583
0
0.000185117
0
0.00148093
0.000370233
0
0.000370233
0.000185117
0
0
0.00425768
0
0
0
0.000740467
0
0
0.00129582
0
0
0.00055535
0
0
0.00055535
0
0
0
0
0
0
0
0.00647908
0
0
0
0
0
0
0.000370233
0
0.00055535
0
0.000740467
0.000185117
0
0.00185117
0
0
0.000185117
0
0
0
0.0022214
0
0
0.000185117
0
0
0
0.00240652
0
0.000185117
0
0.000925583
0
0.00055535
0.000185117
0
0.000370233
0
0.000185117
0
0
0
0.00981118
0
0
0.000185117
0.00055535
0.00055535
0.000925583
0.000925583
0.00185117
0.0011107
0.00166605
0.000925583
0.0011107
0.000925583
0.00573862
0.00203628
0.00129582
0.00259163
0.00314698
0.00407257
0.00185117
0.00684932
0.00462792
0.00536838
0.00647908
0.00721955
0.00629397
0.00610885
0.00870048
0.00629397
0.00629397
0.00833025
0.00277675
0.00351722
0.00796001
0.00610885
0.00425768
0.0066642
0.00796001
0.00351722
0
0
0.0344317
0
0.000185117
0.00240652
0.00259163
0.0033321
0.0022214
0.00314698
0.000740467
0.00407257
0.000185117
0.00518327
0.00259163
0.00129582
0.00536838
0.000740467
0.00166605
0.00314698
0.0011107
0.000740467
0.000370233
0.00907071
0
0.000370233
0.00148093
0.000370233
0.00407257
0.000925583
0.00499815
0.00055535
0.00129582
0.00055535
0.00592373
0.00055535
0.00203628
0.00185117
0.000370233
0.000185117
0.000370233
0.000185117
0.000370233
0
0
0.0131433
0
0.000185117
0.000370233
0.000370233
0.00055535
0.000925583
0.000925583
0.00148093
0.000925583
0.00499815
0.00055535
0.00203628
0.000925583
0.00610885
0.00185117
0.00055535
0.00277675
0.00462792
0.0011107
0.000185117
0.011107
0.00148093
0.00351722
0.00240652
0.00351722
0.00351722
0.000925583
0.00851536
0.00351722
0.0055535
0.00740466
0.00388745
0.00629397
0.0118475
0.00944095
0.0116623
0.00962606
0.0148093
0.0129582
0.0220289
0.0307294
0.0986672