0
0.126656
0.0801053
0.0247197
0.0139314
0.0119776
0.00713558
0.00807
0.004842
0.00662589
0.0046721
0.00849473
0.00662589
0.00713558
0.0120625
0.00764526
0.00874958
0.00917431
0.0102786
0.00917431
0.00849473
0.0195379
0.00314305
0.0101087
0.0103636
0.00441726
0.0111281
0.00832484
0.0114679
0.0030581
0.00832484
0.00297316
0.00747537
0.00518179
0.00577642
0.00705063
0.00280326
0.00212368
0.0030581
0.00271831
0.000679579
0.000169895
0
0.0254842
0.000169895
0.000169895
0.00110432
0.000934421
0.00127421
0.00186884
0.00152905
0.001614
0.000934421
0.00373768
8.49473e-005
0.001614
8.49473e-005
0.003228
0.000679579
0.000254842
0.00127421
0.00118926
8.49473e-005
0
0.00365274
8.49473e-005
0.000339789
0.000339789
0.00110432
0.000254842
0
0.00220863
0
0.000424737
0.00186884
8.49473e-005
0.000254842
0.000594631
0.000594631
0.000509684
0.000339789
8.49473e-005
0.000169895
0
0
0.00509684
0
0
0
0.000424737
0.000424737
0.000169895
0.000509684
8.49473e-005
0.000424737
0
0.000679579
0.000169895
0.000169895
0.000764526
0.000254842
0.000254842
0.000424737
0.000509684
0.000509684
8.49473e-005
0.001614
0
0.000169895
0.000339789
0
0.000764526
0.000594631
0.00101937
8.49473e-005
0.000424737
0.000254842
0.000169895
0.000594631
0.00101937
0.000849473
0.000339789
0.00101937
0.00101937
0.000849473
0.00127421
0.000424737
0
0.0120625
0.001614
0.0030581
0.00671084
0.00492695
0.00637105
0.00577642
0.00807
0.00696568
0.0107034
0.0129969
0.0104485
0.0113829
0.011298
0.0213218
0.0183486
0.0079001
0.0169895
0.0113829
0.00688073
0.00458716
0.0126572
0.00475705
0.00331295
0.00288821
0.00356779
0.00152905
0.00169895
0.00356779
0.000934421
0.00110432
0.00229358
0.000254842
0.000169895
0.00186884
0.00135916
0.000934421
0.000339789
0.000679579
0.000169895
0
0
0.00662589
0
0
0
0.000339789
0.000509684
0.000424737
0.000424737
8.49473e-005
0.00101937
0
0.00101937
0.000169895
0.000254842
0.00101937
0.000169895
0.000254842
0.00152905
0.000509684
0
8.49473e-005
0.00178389
0
8.49473e-005
0.000849473
0
0.00127421
0.000509684
0.001614
0
0.000424737
0
0.000764526
0.000339789
0.000254842
0.000849473
0.000509684
0.000254842
0.000424737
0
0
0
0
0.00450221
0
0
0.000424737
8.49473e-005
0.000509684
0.000594631
0.000934421
0.000934421
0.000509684
0.00178389
0.000339789
0.00101937
8.49473e-005
0.00135916
0.000934421
8.49473e-005
0.00152905
0.0014441
0.000679579
0.000509684
0.00331295
0.000509684
0.00101937
0.00186884
0.00263337
0.00169895
0.00110432
0.00314305
0.001614
0.00212368
0.00399252
0.000934421
0.00348284
0.00433231
0.0046721
0.00441726
0.00526673
0.00713558
0.00747537
0.00874958
0.0118077
0.0417091