0
0.0490846
0.0984849
0.0399306
0.0195707
0.0134154
0.0107323
0.0104167
0.00552399
0.00710227
0.00378788
0.00505051
0.00410354
0.00315657
0.00441919
0.00299874
0.00173611
0.00157828
0.00268308
0.00173611
0.00173611
0.00363005
0.00126263
0.00142045
0.00205177
0.000789141
0.000789141
0.000631313
0.00126263
0
0.000631313
0.000157828
0.00126263
0.000631313
0.000631313
0.000315657
0.000315657
0.000315657
0.000315657
0.000315657
0.000157828
0
0
0.0115215
0
0
0
0
0
0.000473485
0.000315657
0.000473485
0
0.000631313
0
0.000315657
0
0
0
0
0.000631313
0.000157828
0.000157828
0
0.000473485
0
0.000157828
0.000157828
0.000157828
0
0.000473485
0.000315657
0
0.000157828
0.000315657
0.000157828
0
0.000473485
0.000157828
0.000315657
0
0.000315657
0
0
0
0.00126263
0
0
0.000157828
0.000631313
0.000157828
0
0.000473485
0
0.000315657
0.000315657
0.000473485
0.000157828
0
0.00126263
0.000157828
0.000473485
0.000315657
0.000157828
0.000631313
0.000157828
0.000631313
0
0
0.000789141
0.000157828
0.00094697
0.000473485
0.0011048
0.0011048
0.00094697
0.000631313
0.00126263
0.00094697
0.00189394
0.00189394
0.00126263
0.00094697
0.00347222
0.00189394
0.00205177
0.000631313
0.000315657
0.0636048
0.000473485
0.00426136
0.00568182
0.00536616
0.00741793
0.0094697
0.0121528
0.0108902
0.0148359
0.0170455
0.0162563
0.0116793
0.0102588
0.0175189
0.0127841
0.00868056
0.0138889
0.0083649
0.00915404
0.00457702
0.0104167
0.00473485
0.00489268
0.00426136
0.00489268
0.00299874
0.00236742
0.00505051
0.00205177
0.00315657
0.00299874
0.00173611
0.00157828
0.00205177
0.0022096
0.00126263
0.0011048
0.00126263
0.000315657
0.000315657
0.000157828
0.0083649
0.000315657
0.000473485
0.00094697
0.000315657
0.0011048
0.00094697
0.00142045
0.000473485
0.00142045
0.0011048
0.00094697
0.00157828
0.000473485
0.00157828
0.000315657
0.000315657
0.000473485
0.00094697
0
0.000631313
0.00268308
0.000157828
0.000631313
0.00094697
0.000315657
0.000473485
0.000157828
0.0011048
0.000473485
0.000789141
0.000631313
0.000631313
0.0011048
0.000789141
0.000473485
0.000631313
0.000157828
0.000315657
0.000473485
0
0.000157828
0
0.00647096
0
0.000157828
0
0.000315657
0.000473485
0.000473485
0.0011048
0.000789141
0.000631313
0.00094697
0.000631313
0.000789141
0.000631313
0.00173611
0.000473485
0.000315657
0.0022096
0.000631313
0.000789141
0.000157828
0.00268308
0.000631313
0.00094697
0.00173611
0.00236742
0.00205177
0.00126263
0.0022096
0.00157828
0.00236742
0.00236742
0.00173611
0.00284091
0.00315657
0.00284091
0.00268308
0.00410354
0.00457702
0.00505051
0.00473485
0.00662879
0.207386