0
0
0
0
0.00333333
0.01
0.00833333
0.00833333
0.00666667
0.005
0.01
0.00833333
0.00666667
0.00833333
0.0166667
0.0133333
0.00666667
0.0133333
0.015
0.01
0.01
0.0166667
0.0116667
0.01
0.0116667
0.00166667
0.0166667
0.00833333
0.0216667
0.00666667
0.00833333
0.015
0.0133333
0.0116667
0.0216667
0.0183333
0.015
0.005
0.00666667
0.02
0.0183333
0.01
0.0166667
0.143333
0.00166667
0.005
0.00166667
0.00166667
0.00333333
0.00166667
0.0133333
0.00166667
0.00333333
0.005
0.00333333
0.00333333
0
0.00166667
0.00166667
0
0.00333333
0.00166667
0.00333333
0.00166667
0.00166667
0
0
0.00166667
0
0
0.00166667
0
0
0.005
0.00333333
0.00166667
0.00166667
0.00166667
0.00166667
0
0.005
0.00166667
0
0.00166667
0
0.00666667
0
0.00166667
0.00166667
0
0.00166667
0.00166667
0.00333333
0
0.00333333
0
0.00833333
0
0.00166667
0
0
0.00166667
0.005
0
0.00166667
0.00166667
0.00166667
0
0.00166667
0.00166667
0
0
0
0.00333333
0.00166667
0.00166667
0
0.00333333
0.00166667
0
0
0.00166667
0
0.00166667
0.00166667
0.00166667
0
0
0.015
0
0
0
0.00166667
0
0.00166667
0
0
0
0.00166667
0.00166667
0.00333333
0.00166667
0.00166667
0.00333333
0
0.00166667
0.00166667
0
0
0.00166667
0
0
0.00166667
0
0.00166667
0
0
0
0.00166667
0
0.00166667
0
0
0.00333333
0.00333333
0.00166667
0.00166667
0.00166667
0
0
0.00166667
0
0
0
0.00166667
0
0.00666667
0.00166667
0.00166667
0.00166667
0
0
0
0.00166667
0.00166667
0
0.00333333
0
0
0.00333333
0
0.00166667
0
0
0
0.00166667
0
0
0.00166667
0
0
0.00166667
0
0.00333333
0
0
0
0.00166667
0.00166667
0
0
0
0
0.0133333
0
0
0
0.00166667
0
0
0
0.00333333
0
0.00333333
0
0.00333333
0
0.00166667
0
0
0
0.00166667
0.00166667
0.00166667
0.00166667
0
0.00166667
0
0
0
0.00166667
0.00166667
0.00166667
0.00333333
0.00166667
0.00666667
0
0.00166667
0.00166667
0.00166667
0
0.00166667
0
0.00166667
0
0.108333