0.023119
0.0366621
0.0128591
0.0112175
0.0112175
0.00820793
0.0103967
0.00793434
0.00725034
0.00697674
0.00437756
0.00642955
0.00560876
0.00437756
0.00574555
0.00478796
0.00465116
0.00314637
0.00424077
0.00492476
0.00492476
0.00547196
0.00383037
0.00519836
0.00615595
0.00273598
0.00396717
0.00615595
0.00492476
0.00341997
0.00533516
0.00437756
0.00396717
0.00478796
0.00369357
0.00369357
0.00478796
0.00273598
0.00232558
0.00232558
0.00259918
0.000547196
0
0.0264022
0.000273598
0.00164159
0.00328317
0.00287278
0.00259918
0.00383037
0.00246238
0.00273598
0.00177839
0.00273598
0.00232558
0.00259918
0.000957592
0.00465116
0.00314637
0.000683995
0.00300958
0.00218878
0.000957592
0.000136799
0.00492476
0.00164159
0.000683995
0.00218878
0.00177839
0.000957592
0.00164159
0.00232558
0.000820793
0.000547196
0.00164159
0.000410397
0.000410397
0.000957592
0.000957592
0.000957592
0.00136799
0.00150479
0.000273598
0.000136799
0
0.00506156
0
0.000136799
0.000136799
0.000957592
0.000957592
0.000683995
0.00123119
0.00123119
0.00177839
0.000273598
0.00136799
0.000957592
0.00109439
0.00205198
0.00136799
0.000820793
0.00164159
0.00136799
0.00177839
0.00109439
0.00232558
0.000410397
0.000547196
0.000820793
0.000683995
0.00205198
0.000957592
0.00300958
0.000957592
0.00191518
0.00109439
0.00191518
0.00191518
0.00109439
0.00191518
0.00232558
0.00123119
0.00218878
0.00177839
0.00136799
0.00123119
0.000136799
0.0309166
0.00177839
0.00191518
0.00355677
0.00287278
0.00383037
0.00273598
0.00396717
0.00369357
0.00314637
0.00369357
0.00519836
0.00478796
0.00506156
0.00629275
0.00601915
0.00355677
0.00560876
0.00601915
0.00656635
0.00506156
0.00533516
0.00300958
0.00451436
0.00287278
0.00533516
0.00383037
0.00300958
0.00273598
0.00273598
0.00300958
0.00287278
0.00123119
0.00136799
0.00218878
0.00123119
0.00164159
0.00150479
0.00150479
0.000410397
0.000547196
0.000410397
0.00670315
0
0.00109439
0.000683995
0.00136799
0.000957592
0.00109439
0.000410397
0
0.000957592
0.000273598
0.000820793
0.000410397
0.000410397
0.000820793
0.000410397
0.000683995
0.000273598
0.000136799
0.00109439
0.000410397
0.000820793
0.000410397
0.000273598
0.000547196
0.000410397
0.00123119
0.000273598
0.000683995
0.000136799
0.000820793
0.000683995
0.000820793
0.000273598
0.000547196
0.000820793
0.000410397
0.000547196
0.000547196
0.000273598
0.000683995
0.000410397
0
0.0117647
0.000410397
0.000683995
0.000410397
0.000820793
0.000273598
0.000957592
0.000957592
0.00109439
0.00150479
0.00150479
0.00109439
0.00136799
0.000820793
0.00246238
0.00150479
0.000957592
0.00164159
0.00205198
0.00191518
0.000957592
0.00314637
0.00246238
0.00150479
0.00177839
0.00259918
0.00300958
0.00369357
0.00383037
0.00424077
0.00273598
0.00341997
0.00328317
0.00410397
0.00437756
0.00410397
0.00451436
0.00670315
0.00533516
0.00656635
0.00943912
0.0259918
0.232421