0
0.00142248
0.000711238
0.00142248
0.00213371
0.00355619
0.00355619
0.00426743
0.00497866
0.00782361
0.00853485
0.012091
0.0113798
0.014936
0.0163585
0.0184922
0.0227596
0.0234708
0.0199147
0.0213371
0.0312945
0.0412518
0.0263158
0.0199147
0.0341394
0.0291607
0.0284495
0.027027
0.0170697
0.00782361
0.00640114
0.00426743
0.00711238
0.00213371
0.00426743
0.00711238
0.00497866
0.00355619
0.00213371
0.00355619
0.00213371
0.00284495
0.00142248
0.071835
0
0.00142248
0.00142248
0.000711238
0.00142248
0.00142248
0.00142248
0.00213371
0.00213371
0.00355619
0
0.00142248
0
0.00284495
0
0.000711238
0.00142248
0.000711238
0.00142248
0
0.00355619
0
0.000711238
0.000711238
0.00213371
0.000711238
0.000711238
0.000711238
0
0
0.00213371
0
0
0.00355619
0
0.000711238
0.00142248
0.00142248
0
0
0
0.00640114
0
0
0
0.000711238
0
0.000711238
0.00284495
0
0.000711238
0
0.000711238
0
0.000711238
0.00213371
0
0.000711238
0.00213371
0.00142248
0
0
0.00426743
0
0.000711238
0.000711238
0.000711238
0.00213371
0.00142248
0.00142248
0.00142248
0.00284495
0.00142248
0.00213371
0.00142248
0.00213371
0.00284495
0.00284495
0.00426743
0.00213371
0.00142248
0.00284495
0.00142248
0
0.0341394
0.00284495
0.00355619
0.00355619
0.00497866
0.00426743
0.00426743
0.0056899
0.00355619
0.00213371
0.00284495
0.000711238
0.00213371
0.00355619
0.000711238
0.00497866
0.00213371
0.00213371
0.00142248
0.000711238
0.000711238
0.00142248
0.00355619
0.00213371
0.00355619
0.000711238
0.000711238
0.00284495
0.00497866
0.00142248
0.00284495
0.00142248
0.00142248
0.000711238
0.00142248
0.00213371
0.000711238
0.00426743
0.00142248
0.00284495
0
0
0.00355619
0
0
0
0.000711238
0.00142248
0.000711238
0.000711238
0
0.00142248
0
0
0.00142248
0
0.000711238
0.000711238
0
0.000711238
0.000711238
0
0
0.00142248
0
0.000711238
0
0
0
0
0.000711238
0.000711238
0.000711238
0.000711238
0.000711238
0
0
0
0
0
0.000711238
0
0
0
0
0.00640114
0
0.00142248
0
0
0
0
0
0
0
0.00213371
0.000711238
0
0.000711238
0.00213371
0
0
0
0
0.000711238
0.000711238
0.000711238
0
0.000711238
0.00142248
0.000711238
0
0
0.00142248
0
0
0.00142248
0.000711238
0.000711238
0.00284495
0.00213371
0.00142248
0.000711238
0.00142248
0.00213371
0.00284495
0.000711238
0.124467