0.00210526
0.0310526
0.0505263
0.0457895
0.0284211
0.0221053
0.0205263
0.0147368
0.0142105
0.0126316
0.0115789
0.01
0.00578947
0.00421053
0.00894737
0.00421053
0.00526316
0.00421053
0.00421053
0.00473684
0.00315789
0.00315789
0.00315789
0.00315789
0.00315789
0.00105263
0.00210526
0.00210526
0.00263158
0.000526316
0.00210526
0.000526316
0.00105263
0.000526316
0.00263158
0.00210526
0.00157895
0.00105263
0.00315789
0.00263158
0.00105263
0.000526316
0
0.0210526
0
0.000526316
0
0
0
0
0.00157895
0.00105263
0
0.000526316
0
0.000526316
0
0.000526316
0.000526316
0.00105263
0
0
0
0
0.00263158
0.000526316
0.00157895
0.000526316
0
0.000526316
0
0
0
0
0.00105263
0.000526316
0
0.000526316
0
0
0
0
0
0
0
0.00263158
0
0.000526316
0
0.000526316
0.00105263
0.000526316
0.000526316
0
0.000526316
0
0
0.00157895
0.00157895
0.00157895
0
0
0.000526316
0
0
0
0.00263158
0
0.000526316
0.000526316
0
0.000526316
0.000526316
0.000526316
0
0.00157895
0.000526316
0.00105263
0.00105263
0.00263158
0.00105263
0
0.00105263
0.000526316
0.000526316
0.00105263
0.000526316
0
0.0378947
0.00210526
0.00263158
0.00526316
0.00368421
0.00684211
0.00894737
0.00736842
0.00578947
0.00631579
0.00578947
0.00631579
0.00842105
0.00736842
0.00684211
0.00894737
0.00578947
0.0110526
0.00842105
0.00578947
0.00947368
0.00894737
0.00368421
0.00421053
0.00421053
0.00210526
0.00421053
0.00210526
0.00631579
0.00315789
0.00578947
0.00578947
0.00105263
0.00315789
0.00368421
0.00157895
0.00157895
0
0.00210526
0.00315789
0.00157895
0.000526316
0.00789474
0.000526316
0.000526316
0
0.00210526
0
0.00105263
0.00157895
0.00210526
0.00105263
0.000526316
0.00157895
0.00105263
0.000526316
0.00315789
0
0.00105263
0.00105263
0.00210526
0.00105263
0
0.00157895
0.000526316
0.00157895
0.00157895
0
0.00210526
0.00157895
0.00105263
0.00210526
0.000526316
0.00105263
0.00263158
0.00105263
0.00157895
0.00210526
0
0.00157895
0
0.000526316
0
0.00105263
0
0.00789474
0.00105263
0.000526316
0.000526316
0.00105263
0.000526316
0.00210526
0.00157895
0.00210526
0.00263158
0
0.00157895
0.00315789
0.00210526
0.00315789
0.00105263
0.00105263
0.00368421
0.00263158
0.00105263
0
0.00315789
0.00105263
0.00157895
0.000526316
0.00263158
0.00210526
0.00157895
0.00578947
0.00578947
0.00368421
0.00263158
0.00210526
0.00578947
0.00473684
0.00736842
0.00526316
0.00736842
0.00736842
0.00631579
0.00578947
0.00789474
0.164737