0.018583
0.0551684
0.0447154
0.029036
0.0191638
0.0110337
0.0087108
0.00987224
0.00348432
0.00348432
0.00348432
0.0058072
0.00348432
0.00638792
0.00232288
0.00116144
0.0029036
0.00232288
0.00174216
0.00406504
0.00232288
0.0087108
0.00174216
0.0087108
0.00406504
0.00464576
0.0121951
0.00696864
0.00638792
0.00696864
0.00696864
0.00696864
0.00696864
0.0127758
0.00406504
0.00696864
0.00696864
0.00522648
0.00464576
0.0127758
0.0058072
0
0.00058072
0.0383275
0
0.00232288
0.00522648
0.00406504
0.0029036
0.00116144
0.00232288
0.00232288
0.0029036
0.0029036
0.00174216
0.0029036
0
0.00232288
0.00232288
0
0.00174216
0.0029036
0.00058072
0
0.00058072
0
0.00058072
0.00174216
0.00116144
0.00058072
0.00174216
0.00232288
0.00058072
0
0.00116144
0.00116144
0.00058072
0.00058072
0
0.00174216
0
0
0.00058072
0
0.00116144
0.00464576
0
0
0.00058072
0.00058072
0.00058072
0.00058072
0.00058072
0
0.00174216
0
0.00058072
0
0.00058072
0.00058072
0
0.00116144
0
0.00058072
0.00058072
0
0.00058072
0
0
0
0
0
0.00116144
0.00232288
0.00174216
0.00058072
0
0.00058072
0.00232288
0
0.00116144
0.00116144
0.00058072
0.00116144
0.00116144
0.00058072
0.00116144
0.00058072
0.0278746
0.00174216
0.00174216
0.00638792
0.00406504
0.0029036
0.00232288
0.00406504
0.0029036
0.00174216
0.00406504
0.0029036
0.00232288
0.0029036
0.00058072
0
0
0.00464576
0.00174216
0.00406504
0.0029036
0.0029036
0.00058072
0.00058072
0.00232288
0.0029036
0.00174216
0.0029036
0.00058072
0.00116144
0.00058072
0.00232288
0
0.00058072
0.00174216
0.00232288
0.00174216
0.00232288
0.00116144
0
0
0.00058072
0.00232288
0
0
0.00116144
0.00058072
0.00116144
0.00116144
0
0.00116144
0
0
0
0
0
0.00058072
0.00058072
0
0.00058072
0.00058072
0
0
0.00116144
0
0
0
0
0.00058072
0
0.00116144
0.00058072
0
0.0029036
0
0
0
0.00116144
0
0
0
0
0
0.00058072
0
0.010453
0.00116144
0
0.00058072
0.00174216
0.00174216
0.00116144
0.00058072
0.00058072
0.00058072
0.00232288
0.00058072
0.00058072
0.00174216
0
0.00116144
0.00058072
0.00232288
0.00058072
0.00058072
0.00174216
0.00174216
0.00232288
0.00174216
0.00232288
0.00232288
0.00232288
0.00348432
0.00464576
0.00232288
0.00406504
0.00522648
0.00464576
0.0058072
0.00754936
0.00638792
0.00696864
0.00929152
0.0150987
0.0127758
0.0232288
0.0220674
0.188153