0
0.00212121
0.000909091
0.000909091
0.00212121
0.00121212
0.00151515
0.00151515
0.00151515
0.00121212
0.00121212
0.000909091
0.00121212
0.00181818
0.00181818
0.000909091
0.00121212
0.000606061
0.00121212
0.000606061
0
0.00121212
0.000606061
0.000606061
0.000606061
0
0.000909091
0
0.00151515
0
0
0
0
0
0
0
0
0
0
0
0
0
0
0.000909091
0
0
0
0
0
0.00030303
0
0.00030303
0
0
0
0
0
0
0
0
0.00030303
0
0
0
0
0
0
0
0.000606061
0
0
0.00030303
0
0
0
0
0
0
0.00030303
0
0
0
0
0
0
0.00151515
0
0
0
0.00030303
0
0
0
0
0
0
0
0
0
0
0
0
0
0
0
0
0
0
0
0
0
0.00030303
0
0
0
0
0
0
0
0.00030303
0
0
0
0
0
0
0
0
0.00151515
0
0
0
0
0
0
0.000606061
0.000606061
0.00030303
0.00121212
0.000909091
0.00030303
0.00030303
0.00151515
0.00242424
0.00181818
0.00363636
0.00515152
0.00424242
0.00393939
0.0112121
0.00878788
0.00969697
0.0139394
0.0181818
0.0275758
0.0387879
0.0393939
0.0312121
0.0321212
0.0378788
0.0242424
0.0275758
0.0363636
0.029697
0.0148485
0.0221212
0.0269697
0.0157576
0.00787879
0.00181818
0.0763636
0
0.0030303
0.00363636
0.00515152
0.0163636
0.0069697
0.00878788
0.00363636
0.00727273
0.00242424
0.00757576
0.00454545
0.00212121
0.00575758
0.00242424
0.00424242
0.00272727
0.00484848
0.0030303
0.00242424
0.00545455
0.000606061
0.00151515
0.00333333
0.000909091
0.0030303
0.00272727
0.00545455
0.00151515
0.00181818
0.00181818
0.00212121
0.00333333
0.00272727
0.00242424
0.000606061
0.00121212
0.00242424
0.00121212
0.00242424
0.000909091
0
0.00727273
0.00030303
0.00181818
0.00363636
0.00212121
0.00272727
0.00181818
0.00212121
0.00181818
0.0030303
0.00272727
0.000909091
0.00181818
0.000909091
0.00484848
0.000909091
0.000909091
0.00212121
0.00272727
0.00212121
0.00212121
0.00333333
0.00212121
0.00484848
0.00151515
0.00545455
0.00393939
0.00333333
0.00575758
0.00484848
0.0127273
0.0139394
0.0118182
0.0212121
0.0312121
0.0257576
0.00909091
0.00393939
0.00515152
0.00212121
0.00393939
0.00272727
0.0115152