0
0.00201613
0
0.00100806
0
0.00100806
0.00403226
0.00403226
0.00403226
0.00907258
0.00302419
0.00907258
0.00806452
0.0141129
0.0211694
0.0211694
0.015121
0.03125
0.0292339
0.0201613
0.03125
0.0282258
0.0171371
0.0352823
0.0211694
0.0191532
0.0282258
0.0201613
0.0211694
0.0252016
0.0201613
0.0110887
0.0110887
0.00705645
0.00907258
0.00604839
0.00604839
0.00302419
0.00302419
0.00100806
0.00100806
0
0.00302419
0.0614919
0.00100806
0.00100806
0
0.00302419
0
0.00100806
0.00100806
0.00201613
0.00100806
0.00302419
0
0.00201613
0
0.00604839
0.00100806
0
0.00504032
0.00201613
0.00201613
0
0.00100806
0
0
0
0.00201613
0
0
0.00100806
0
0
0.00100806
0
0.00201613
0.00302419
0.00201613
0.00100806
0
0
0
0.00100806
0
0.00504032
0
0
0
0
0
0
0.00100806
0
0.00100806
0
0.00201613
0
0
0
0
0.00201613
0.00100806
0
0.00100806
0
0.00403226
0
0.00403226
0.00100806
0
0.00504032
0.00201613
0.00201613
0.00100806
0
0.00201613
0.00100806
0.00100806
0.00403226
0.00100806
0.00100806
0.00100806
0.00100806
0.00302419
0.00201613
0.00100806
0
0.0252016
0
0.00201613
0.00504032
0.00302419
0.00604839
0.00201613
0.00403226
0.00403226
0.00604839
0.00403226
0.00201613
0.00504032
0.00504032
0.00201613
0.00403226
0.00100806
0
0
0.00201613
0.00302419
0.00604839
0.00201613
0.00100806
0.00302419
0.00100806
0.00201613
0.00201613
0.00403226
0.00403226
0.00100806
0.00100806
0
0.00100806
0.00201613
0.00302419
0
0.00100806
0
0.00100806
0.00100806
0.00100806
0.00604839
0.00201613
0
0.00403226
0
0.00100806
0.00100806
0.00100806
0.00100806
0.00100806
0
0.00100806
0.00100806
0.00100806
0.00100806
0
0
0.00302419
0.00100806
0
0
0.00100806
0
0
0
0
0
0
0
0
0
0.00100806
0
0.00201613
0
0
0
0
0.00100806
0
0.00100806
0
0
0.0100806
0
0
0.00100806
0.00100806
0
0
0.00100806
0
0.00100806
0.00100806
0
0.00201613
0.00100806
0.00100806
0
0
0.00100806
0
0
0.00100806
0.00100806
0.00100806
0
0.00100806
0.00100806
0.00100806
0.00100806
0.00100806
0
0.00403226
0.00100806
0
0
0.00302419
0.00100806
0.00100806
0
0
0.00100806
0.00100806
0.00100806
0.120968