0
0.00619835
0.00258264
0.00413223
0.00568182
0.0103306
0.00723141
0.00413223
0.00154959
0.00206612
0.00103306
0.00206612
0.000516529
0.0036157
0.00103306
0.00206612
0.00206612
0.000516529
0.00103306
0.000516529
0.00103306
0.00154959
0.00154959
0
0.00103306
0
0.00103306
0.00103306
0.00206612
0
0.00103306
0.000516529
0.00103306
0
0
0.000516529
0
0
0
0
0
0
0
0.00206612
0
0.000516529
0
0.00103306
0.000516529
0
0
0.000516529
0
0
0.000516529
0
0
0.000516529
0.000516529
0
0.000516529
0
0
0.000516529
0.00103306
0.000516529
0
0
0
0
0
0
0
0.000516529
0.00103306
0
0
0
0
0
0
0
0
0
0
0
0
0
0
0
0
0
0.000516529
0
0
0
0
0
0
0.000516529
0
0
0
0
0
0
0.000516529
0
0
0
0
0.000516529
0
0
0
0
0
0
0
0
0
0.000516529
0
0
0
0
0
0
0.000516529
0
0
0
0
0.000516529
0
0.000516529
0.000516529
0
0.00154959
0.000516529
0.000516529
0.00103306
0.000516529
0.00103306
0.00258264
0.00826446
0.00929752
0.00619835
0.00826446
0.0129132
0.017562
0.0160124
0.0335744
0.0661157
0.121901
0.0945248
0.0573347
0.0371901
0.0206612
0.018595
0.0165289
0.0129132
0.0108471
0.0118802
0.00981405
0.00671488
0.00619835
0.00671488
0.00723141
0.0036157
0.0113636
0.00206612
0.00464876
0.00516529
0.00568182
0.00206612
0.00206612
0.0036157
0.00103306
0.00516529
0.00154959
0.00464876
0.00413223
0.00154959
0.00206612
0.00309917
0.00103306
0.00206612
0.00154959
0.000516529
0.00309917
0.00103306
0.00154959
0.00154959
0
0.00154959
0.00206612
0.0036157
0.00258264
0.00103306
0.000516529
0.000516529
0.00103306
0.000516529
0.000516529
0.00206612
0
0.000516529
0.00206612
0.00103306
0.000516529
0.000516529
0
0.00103306
0.00258264
0.00154959
0.00206612
0
0.00206612
0.000516529
0.00258264
0.0036157
0.00103306
0.00103306
0.00103306
0.00154959
0.00206612
0.00154959
0.00258264
0.00154959
0.00103306
0.00206612
0.00413223
0.00258264
0.00154959
0.0036157
0.00413223
0.00258264
0.00516529
0.00206612
0.0036157
0.00154959
0.00258264
0.0036157
0.0036157
0.00516529
0.00464876
0.00568182
0.0170455
0.0129132
0.026343
0.0129132
0.00619835
0.00774793
0.00568182
0.0160124