0
0.0247934
0.0293848
0.0514233
0.0550964
0.0550964
0.113866
0.113866
0.146006
0.135905
0.10652
0.0376492
0.00826446
0.00367309
0.000918274
0
0
0
0
0
0
0
0
0
0
0
0
0
0
0
0
0
0
0
0
0
0
0
0
0
0
0
0
0
0
0
0
0
0
0
0
0
0
0
0
0
0
0
0
0
0
0
0
0
0
0
0
0
0
0
0
0
0
0
0
0
0
0
0
0
0
0
0
0
0
0
0
0
0
0
0
0
0
0
0
0
0
0
0
0
0
0
0
0
0
0
0
0
0
0
0
0
0
0
0
0
0
0
0
0
0
0
0
0
0
0
0
0
0
0
0
0
0
0
0
0
0
0
0
0
0
0
0
0
0
0
0
0
0
0
0
0
0
0
0
0
0
0
0
0
0
0
0
0
0
0
0
0
0
0
0
0
0
0
0
0
0
0
0
0
0
0
0
0
0
0
0
0
0
0
0
0
0
0
0
0
0
0
0
0
0
0
0
0
0
0
0
0
0
0
0
0
0
0
0
0.000918274
0
0
0.000918274
0.000918274
0.00183655
0
0.000918274
0
0.00183655
0
0
0
0.000918274
0
0.000918274
0
0.00275482
0.00275482
0.000918274
0.00275482
0.00550964
0.00275482
0.00550964
0.00183655
0.00550964
0.00275482
0.00367309
0.00275482
0.00275482
0.00367309
0.00183655
0.00183655
0.00183655
0.00183655
0.00367309
0.00918274
0.00459137
0.00550964
0.0128558
0.0192837