0
0
0.00265957
0.00398936
0.00531915
0.000886525
0.00177305
0.00132979
0.00132979
0.00221631
0.000443262
0
0.000443262
0.000443262
0.000443262
0
0
0
0
0
0
0
0
0
0
0
0
0
0
0
0
0
0
0
0
0
0
0
0
0
0
0
0
0
0
0
0
0
0
0
0
0
0
0
0
0
0
0
0
0
0
0
0
0
0
0
0
0
0
0
0
0
0
0
0
0
0
0
0
0
0
0
0
0
0
0
0
0
0
0
0
0
0
0
0
0
0
0
0
0
0
0
0
0
0
0
0
0
0
0
0
0
0
0
0
0
0
0
0
0
0
0
0
0
0
0
0
0
0
0
0
0
0
0
0
0
0
0
0
0
0
0
0
0
0
0
0
0
0
0
0
0
0
0
0
0
0
0
0
0
0
0
0.000443262
0.000443262
0
0
0.000886525
0
0
0
0.000443262
0
0
0
0.000443262
0.000886525
0.00132979
0.00221631
0.00265957
0.00132979
0.000886525
0.0035461
0.00221631
0.00265957
0.00265957
0.00398936
0.00398936
0.00265957
0.00620567
0.00398936
0.00576241
0.0150709
0
0.0115248
0.00620567
0.00221631
0.0106383
0.0141844
0.00753546
0.00443262
0.0035461
0.00975177
0.00576241
0.00664894
0.00753546
0.00576241
0.00398936
0.00221631
0.0106383
0.00930851
0
0
0
0.016844
0
0.000443262
0.0132979
0.00576241
0.00177305
0.00177305
0.00664894
0.00265957
0.00753546
0.00398936
0.00398936
0.0070922
0.00531915
0.00664894
0.00797872
0.00398936
0.0128546
0.00930851
0.00886525
0.00221631
0.0203901
0.0159574
0.016844
0.0221631
0.0164007
0.0226064
0.0359043
0.0363475
0.0381206
0.037234
0.0536348
0.0394504
0.0230496
0.0412234
0.0567376
0.0345745
0.0296986
0.0558511
0.0172872
0.0221631
0
0.0274823