0.00232288
0.0058072
0.0150987
0.0197445
0.0348432
0.0226481
0.0197445
0.0139373
0.0127758
0.00754936
0.0087108
0.00522648
0.00813008
0.00638792
0.00929152
0.00522648
0.00464576
0.00406504
0.00406504
0.00406504
0.0029036
0.0058072
0.00464576
0.00464576
0.00464576
0.00464576
0.0029036
0.00522648
0.00522648
0.00116144
0.0058072
0.00464576
0.0058072
0.0058072
0.0058072
0.00174216
0.00348432
0.00116144
0.00058072
0.00232288
0.00232288
0.0029036
0
0.0627178
0.00116144
0.00232288
0.00058072
0
0.00116144
0.00116144
0.00058072
0.00174216
0.00058072
0.00232288
0.00174216
0.00058072
0.00058072
0.00174216
0
0
0.00058072
0
0
0
0.00174216
0
0
0
0
0.00058072
0
0.00058072
0
0
0
0
0.00116144
0.00174216
0
0.00058072
0.00058072
0
0
0
0
0.00174216
0
0
0.00058072
0
0.00116144
0
0
0.00058072
0.00116144
0.00058072
0
0
0.00058072
0.00116144
0
0.00058072
0.00116144
0.00058072
0.00058072
0.00058072
0.00058072
0
0.00116144
0.00174216
0.00174216
0.00058072
0.00058072
0.00058072
0.00058072
0.00058072
0.00058072
0
0.00174216
0.00058072
0.00116144
0.00058072
0
0.00116144
0.00058072
0.00058072
0.00058072
0
0.0371661
0.00058072
0.00116144
0.00116144
0.00232288
0.00058072
0.0029036
0.00174216
0.00232288
0.0029036
0.00232288
0.00464576
0.00116144
0.00116144
0.00232288
0.00174216
0.00406504
0.00464576
0.00232288
0.00174216
0.00116144
0.0058072
0.00638792
0.00464576
0.0029036
0.0058072
0.0087108
0.0058072
0.0110337
0.00522648
0.00464576
0.00754936
0.00406504
0.00174216
0.00522648
0.00696864
0.0029036
0.0029036
0.00464576
0.00058072
0.00058072
0.00058072
0.0087108
0.00058072
0.00116144
0.00174216
0.00058072
0.00232288
0.00116144
0.00174216
0
0.00116144
0.0029036
0.00406504
0.00116144
0.00116144
0.00696864
0.00116144
0.00174216
0.00232288
0
0.00116144
0.00058072
0.0087108
0
0
0.00058072
0.00058072
0.00058072
0
0.00929152
0
0.00174216
0.00116144
0.00174216
0.00116144
0.0029036
0.00174216
0.00174216
0
0
0
0
0
0.00058072
0.0313589
0
0
0.00174216
0.00116144
0.00116144
0
0
0.00058072
0.00058072
0.00464576
0.00116144
0.00058072
0
0.00348432
0.0029036
0.00116144
0.00232288
0.00058072
0
0.00174216
0.00522648
0.00116144
0.00174216
0.00058072
0.00116144
0
0.00116144
0.00232288
0.00174216
0.00348432
0.00232288
0.00638792
0.00116144
0.00406504
0.0029036
0.00638792
0.00348432
0.00696864
0.00406504
0.00754936
0.00813008
0.207317