0
0.0054321
0.00641975
0.00395062
0.00444444
0.00493827
0.00493827
0.00395062
0.00246914
0.00395062
0.00345679
0.00148148
0.00148148
0.00197531
0.00246914
0.000987654
0.00246914
0.00148148
0.000987654
0.000987654
0
0
0.000987654
0.000987654
0
0
0
0.000493827
0.00246914
0
0
0.000493827
0.000493827
0.000987654
0
0
0
0.000493827
0
0
0.000493827
0
0
0.00246914
0
0.000987654
0.000493827
0.000493827
0
0.000493827
0
0
0.000493827
0
0
0
0
0
0
0
0
0
0.000493827
0.000493827
0.000493827
0
0
0
0
0
0
0
0
0
0
0
0
0.000493827
0.000493827
0.000493827
0
0
0
0
0
0
0
0
0.000493827
0
0
0
0.000493827
0
0
0
0
0
0
0
0
0
0
0
0
0
0.00148148
0
0
0.000493827
0
0
0
0.000493827
0
0
0
0
0.000493827
0
0
0
0
0
0
0
0.000493827
0
0.00148148
0
0
0
0
0
0.000493827
0
0
0.000493827
0
0.000987654
0
0.00148148
0.00246914
0.00444444
0.00197531
0.00740741
0.00246914
0.0118519
0.0148148
0.00987654
0.0138272
0.0202469
0.0479012
0.0785185
0.121975
0.0903704
0.0464198
0.0390123
0.0212346
0.0162963
0.0123457
0.0123457
0.0123457
0.00987654
0.00839506
0.00444444
0.00888889
0.00493827
0.00592593
0.00197531
0.00987654
0.00444444
0.00296296
0.00444444
0.0054321
0.00296296
0.00197531
0.00246914
0.00296296
0.00197531
0.00296296
0
0.00296296
0.00246914
0.00296296
0.00197531
0.000987654
0.00148148
0.00197531
0.00246914
0.000493827
0.00197531
0.00246914
0.00246914
0
0
0.00246914
0.00197531
0.00246914
0.000493827
0.00197531
0
0.000987654
0.00246914
0.00197531
0.00395062
0.000987654
0.00197531
0.000987654
0.000493827
0.00246914
0.000493827
0
0.00148148
0.000493827
0.000493827
0.000987654
0.00296296
0.000987654
0.00148148
0.00148148
0.000493827
0.00197531
0.00296296
0.00345679
0.000493827
0.000987654
0.00197531
0.000987654
0.000987654
0.00197531
0.00197531
0.000493827
0.000987654
0.00148148
0.000493827
0.00345679
0.00197531
0.00296296
0.00345679
0.00148148
0.00395062
0.00493827
0.00493827
0.00493827
0.00444444
0.00839506
0.00938272
0.014321
0.0162963
0.0291358
0.0118519
0.00592593
0.00790123
0.0054321
0.0128395