0
0.00138889
0.00138889
0.00277778
0.00166667
0.0025
0.00333333
0.00333333
0.00194444
0.00166667
0.00194444
0.00194444
0.00222222
0.00166667
0.00166667
0.00194444
0.000833333
0.00277778
0.00111111
0.000277778
0.00111111
0.0025
0.00111111
0.00138889
0.00111111
0.000833333
0.00166667
0.000277778
0.000277778
0.000277778
0.00111111
0
0.00194444
0.000277778
0.000277778
0.000555556
0.000555556
0.000555556
0.000277778
0.000277778
0.000277778
0.000555556
0
0.00777778
0.000277778
0
0
0
0.000277778
0
0
0
0.000277778
0
0
0
0.000277778
0
0
0.000277778
0
0
0
0
0.000277778
0
0
0
0
0
0
0
0
0.000277778
0
0
0
0
0
0
0
0
0
0
0
0.000277778
0
0
0
0
0
0
0
0
0.000277778
0
0
0
0
0
0
0
0
0
0
0
0
0
0
0
0
0.000277778
0
0
0
0
0
0
0
0
0
0
0
0
0
0
0
0
0.00194444
0
0.000277778
0
0
0
0.000277778
0
0.000277778
0
0.000555556
0
0.000555556
0.000833333
0
0.000555556
0
0
0.000833333
0
0.00111111
0.00138889
0.000555556
0.00333333
0.00444444
0.00805556
0.00694444
0.0133333
0.0116667
0.02
0.0291667
0.0344444
0.0202778
0.0161111
0.0166667
0.0138889
0.0113889
0.00694444
0.0141667
0.00444444
0.0075
0
0.0333333
0
0.00361111
0.00388889
0.00722222
0.00583333
0.00611111
0.00611111
0.00194444
0.0113889
0.00166667
0.00944444
0.00527778
0.00388889
0.0127778
0.00305556
0.00527778
0.0111111
0.00638889
0.00444444
0.00138889
0.0216667
0.000277778
0.0025
0.00666667
0.000555556
0.0125
0.00444444
0.00833333
0.000277778
0.00361111
0.00138889
0.0138889
0.00194444
0.0175
0.00444444
0.00194444
0.00166667
0.00222222
0.00166667
0
0
0
0.0525
0
0
0.00361111
0.00166667
0.00166667
0.0025
0.005
0.0183333
0.000555556
0.0122222
0.000833333
0.00361111
0.00111111
0.0113889
0.00166667
0.000555556
0.0105556
0.00472222
0.00277778
0
0.0141667
0.00583333
0.00527778
0.00416667
0.0116667
0.01
0.00972222
0.0122222
0.0141667
0.0216667
0.02
0.0105556
0.0163889
0.01
0.00916667
0.00388889
0.00527778
0.00444444
0.00305556
0.00361111
0.000277778
0.101389