0
0
0.00213675
0.00356125
0.0014245
0.0014245
0.000712251
0.000712251
0
0.0014245
0
0.000356125
0
0
0.000356125
0.000356125
0
0
0
0
0
0
0
0
0
0
0
0
0
0
0
0.000356125
0
0
0
0
0
0
0
0
0
0
0
0
0
0
0
0
0
0
0
0
0
0.000356125
0
0
0
0
0
0
0
0
0
0
0
0
0
0
0
0
0
0
0
0
0
0
0
0
0
0
0
0
0
0
0
0
0
0
0
0
0
0
0
0
0
0
0
0
0
0
0
0
0
0
0
0
0
0
0
0
0
0
0
0
0
0
0
0
0
0
0
0
0
0
0
0
0
0
0
0
0
0
0.000356125
0
0
0
0
0
0
0
0
0
0
0
0
0
0
0
0
0
0
0
0
0
0
0
0
0
0.000356125
0
0
0.000356125
0
0
0
0
0
0
0
0
0.000712251
0
0.000356125
0.000356125
0
0
0.000356125
0.000712251
0.00178063
0.0014245
0.000712251
0.00391738
0.00213675
0.00534188
0.00569801
0.00320513
0.00676638
0.00534188
0.00676638
0.00534188
0.00747863
0.00925926
0
0.0128205
0.00676638
0.00961538
0.0110399
0.00747863
0.0124644
0.00676638
0.00462963
0.00783476
0.00641026
0.00854701
0.00462963
0.0156695
0.00462963
0.00498575
0.00747863
0.0149573
0.00106838
0
0
0.0181624
0
0.00106838
0.00890313
0.00498575
0.00534188
0.00569801
0.00712251
0.00213675
0.00641026
0.00961538
0.00462963
0.00712251
0.00391738
0.0124644
0.0128205
0.002849
0.00997151
0.014245
0.0103276
0.00462963
0.0224359
0.0146011
0.0149573
0.0202991
0.0242165
0.0192308
0.0356125
0.0495014
0.0413105
0.0395299
0.0409544
0.0306268
0.0242165
0.034188
0.0452279
0.0420228
0.0316952
0.0377493
0.0181624
0.0188746
0.000356125
0.0121083