0
0.0054902
0.0101961
0.0054902
0.00588235
0.00627451
0.00352941
0.00196078
0.00470588
0.00352941
0.0027451
0.00235294
0.00313725
0.00117647
0.00196078
0.00196078
0.00117647
0.000784314
0.000392157
0.00117647
0.00117647
0.000784314
0.000392157
0.0027451
0.00352941
0.00117647
0.000392157
0
0.000784314
0
0.000392157
0.000392157
0
0
0
0
0
0.000392157
0.00117647
0
0.000392157
0
0
0.0027451
0.000392157
0.000392157
0
0
0
0
0
0
0
0.000392157
0.000392157
0.000392157
0
0.000392157
0
0.000392157
0
0
0
0
0.000784314
0
0
0
0
0
0.000392157
0.000392157
0
0
0
0
0
0
0
0
0
0
0
0
0
0
0
0
0
0
0
0
0
0
0
0
0.000392157
0
0
0
0
0
0
0
0
0
0
0
0
0
0
0.000392157
0
0
0
0
0
0
0
0
0
0.000392157
0.000392157
0.000392157
0
0
0
0
0.000392157
0
0
0
0
0
0.000392157
0
0
0.000784314
0.000392157
0.000392157
0.000784314
0
0.00117647
0.00196078
0.000784314
0.00313725
0.00431373
0.00784314
0.00666667
0.00901961
0.0113725
0.0160784
0.0278431
0.0835294
0.120392
0.0988235
0.0615686
0.0341176
0.0203922
0.0192157
0.0133333
0.00901961
0.00784314
0.0113725
0.00901961
0.00588235
0.00509804
0.00470588
0.00470588
0.00470588
0.0109804
0.0027451
0.0027451
0.00352941
0.00313725
0.00352941
0.00313725
0.00313725
0.00235294
0.00509804
0.0027451
0.00156863
0.00235294
0.00352941
0.00196078
0.000392157
0.00196078
0.00156863
0.0027451
0.00313725
0.00156863
0.00196078
0.00156863
0.00156863
0.00196078
0.000392157
0.000784314
0.000392157
0.00117647
0.000392157
0.00156863
0.00117647
0.00156863
0.000392157
0.00156863
0.00235294
0.00196078
0.00196078
0.00117647
0.000392157
0.00117647
0
0
0.00352941
0
0.000784314
0.000392157
0.00196078
0.00196078
0.00156863
0.000392157
0.00156863
0.000392157
0.000392157
0.0027451
0.00313725
0.00156863
0.00313725
0.00196078
0.00117647
0.00509804
0.00235294
0
0.00117647
0.00313725
0.00313725
0.0027451
0.00156863
0.00235294
0.00352941
0.00431373
0.00156863
0.0027451
0.00470588
0.0027451
0.00196078
0.00509804
0.00627451
0.0109804
0.0164706
0.0290196
0.0223529
0.0156863
0.0133333
0.00901961
0.0188235