0
0.0057971
0.00676329
0.00531401
0.00676329
0.00483092
0.00772947
0.00289855
0.00241546
0.00289855
0.00386473
0.00434783
0.00144928
0.00338164
0.00289855
0.00289855
0.00289855
0.00241546
0.00241546
0.000483092
0.00144928
0.00144928
0.00144928
0.00193237
0.000966184
0
0.00144928
0.000966184
0.00144928
0
0.000966184
0.000483092
0
0.000483092
0.000483092
0
0
0
0
0.000483092
0
0.000483092
0
0.000966184
0
0.000966184
0
0.000966184
0
0.000483092
0
0
0
0
0
0
0
0
0
0
0.000966184
0
0
0
0
0
0
0
0
0
0
0.000966184
0
0
0
0
0
0
0
0
0
0
0
0
0
0
0
0
0
0
0
0
0
0
0
0
0.000483092
0.000483092
0
0
0
0
0
0
0
0
0.000483092
0
0
0
0
0
0
0.000483092
0
0
0
0
0
0
0
0
0
0
0.000483092
0
0
0
0.000966184
0
0
0
0
0.000483092
0.000966184
0.000966184
0.000483092
0
0.000966184
0
0.000483092
0
0.000483092
0.00193237
0.00144928
0.00289855
0.00628019
0.00966184
0.0120773
0.010628
0.00821256
0.0149758
0.0231884
0.063285
0.129952
0.0816425
0.0512077
0.0347826
0.02657
0.0207729
0.0178744
0.00821256
0.0120773
0.00917874
0.00966184
0.0111111
0.0101449
0.00483092
0.00724638
0.00289855
0.0169082
0.00289855
0.00289855
0.00241546
0.00386473
0.000483092
0.00241546
0.00386473
0.00289855
0.00193237
0.00241546
0.00193237
0.00241546
0.00241546
0.00193237
0.00241546
0.00144928
0.000966184
0.000966184
0.00144928
0.00241546
0.00434783
0
0.00289855
0.00193237
0.00144928
0.00241546
0.00193237
0.00338164
0
0.00144928
0.00144928
0.000966184
0.000966184
0.00144928
0.00144928
0.00144928
0.00241546
0.00144928
0.00241546
0.00193237
0.000966184
0
0.00628019
0.000483092
0
0.000966184
0.000483092
0.000483092
0.00144928
0.00386473
0.000966184
0.00144928
0.00144928
0.00289855
0
0.000966184
0.000966184
0.00193237
0.00193237
0.00289855
0.00483092
0.00338164
0.00241546
0.00531401
0.000966184
0.00144928
0.00338164
0.00241546
0.00144928
0.00338164
0.00144928
0
0.00531401
0.00483092
0.00483092
0.00483092
0.00821256
0.0125604
0.0149758
0.0241546
0.0241546
0.0115942
0.0130435
0.00724638
0.0130435