0
0.000392157
0.012549
0.00470588
0.00392157
0.00509804
0.00352941
0.00117647
0.00235294
0.000392157
0.000392157
0.000784314
0
0
0
0
0
0
0
0
0
0
0
0
0
0
0
0
0
0
0
0
0
0
0
0
0
0
0
0
0
0
0
0
0
0
0
0
0
0
0
0
0
0
0
0
0
0
0
0
0
0
0
0
0
0
0
0
0
0
0
0
0
0
0
0
0
0
0
0
0
0
0
0
0
0
0
0
0
0
0
0
0
0
0
0
0
0
0
0
0
0
0
0
0
0
0
0
0
0
0
0
0
0
0
0
0
0
0
0
0
0
0
0
0
0
0
0
0
0
0
0
0
0
0
0
0
0
0
0
0
0
0
0
0
0
0
0
0
0
0
0
0
0
0
0
0
0
0
0
0
0
0
0
0
0
0
0
0
0
0
0
0
0.000392157
0
0
0
0
0
0.000392157
0
0.000784314
0.000784314
0.000392157
0
0.00235294
0.00196078
0.00156863
0.00196078
0.0027451
0.00627451
0.00470588
0.000392157
0.00470588
0.00588235
0.00392157
0.00431373
0.00745098
0.00901961
0.00431373
0.00705882
0.00470588
0.0109804
0.00941176
0.0054902
0.0137255
0.0105882
0.000392157
0.00666667
0.0239216
0.00117647
0
0
0.0309804
0
0.00196078
0.0137255
0.00470588
0.00392157
0.00901961
0.012549
0.00705882
0.00901961
0.00862745
0.00823529
0.00980392
0.00588235
0.00823529
0.00980392
0.00784314
0.0133333
0.0101961
0.0145098
0.00588235
0.0223529
0.0227451
0.0137255
0.0180392
0.0152941
0.0203922
0.0164706
0.0211765
0.0219608
0.0235294
0.0341176
0.0141176
0.0262745
0.0431373
0.0282353
0.0376471
0.0498039
0.0266667
0.0607843
0.0356863
0.0101961
0.0486275