0.00668896
0.0334448
0.0468227
0.0434783
0.0373467
0.0234114
0.0195095
0.0133779
0.00613155
0.0083612
0.00501672
0.0211817
0.0117057
0.0039019
0.0189521
0.00222965
0.0039019
0.00891862
0.0083612
0.00613155
0.0039019
0.0401338
0.00167224
0.00222965
0.00668896
0.00111483
0.016165
0.00501672
0.0267559
0.000557414
0.00668896
0.00278707
0.0128205
0.00167224
0.00501672
0.00445931
0.00111483
0.000557414
0.00111483
0.000557414
0.00111483
0.000557414
0
0.0496098
0
0.000557414
0.000557414
0.000557414
0.00167224
0.000557414
0.00222965
0.000557414
0.00167224
0.00445931
0.00111483
0.00111483
0
0.00668896
0.00278707
0
0.00222965
0
0
0
0.0100334
0.000557414
0
0
0
0.000557414
0
0.00334448
0
0.000557414
0.00167224
0
0
0.00167224
0
0
0
0
0.000557414
0
0
0.0122631
0
0
0
0
0
0
0
0.000557414
0
0
0.00111483
0
0.000557414
0.00334448
0
0.00111483
0.00111483
0
0
0.000557414
0.00780379
0
0.000557414
0
0
0.00111483
0
0.00278707
0
0
0
0.00222965
0
0.000557414
0
0.000557414
0.000557414
0.000557414
0.000557414
0
0
0
0.0178372
0
0
0.000557414
0.000557414
0.000557414
0
0
0.00111483
0
0.00167224
0.000557414
0
0
0.00222965
0.000557414
0
0.00111483
0.000557414
0
0.000557414
0.00501672
0
0.00111483
0.000557414
0.00111483
0
0.00111483
0.00222965
0.000557414
0
0.00334448
0.000557414
0.00111483
0.00278707
0.000557414
0.00111483
0.00111483
0.00167224
0.00111483
0.00222965
0.00111483
0.0189521
0
0
0.00278707
0.00222965
0.00445931
0.00111483
0.00111483
0
0.0039019
0.000557414
0.00501672
0.00167224
0.000557414
0.00222965
0
0.00167224
0
0.00167224
0.000557414
0
0.0083612
0.00111483
0.000557414
0.00111483
0.000557414
0.00222965
0.00111483
0.00445931
0
0.00111483
0.00111483
0.000557414
0
0.00111483
0.00222965
0.00111483
0.000557414
0.000557414
0.00111483
0.000557414
0
0
0.0245262
0
0.000557414
0.00111483
0.000557414
0.00167224
0.00111483
0.00222965
0.000557414
0
0.000557414
0
0.00111483
0.000557414
0.00445931
0.00222965
0.000557414
0.00334448
0.000557414
0.00278707
0.00111483
0.0122631
0.00111483
0.00167224
0.00222965
0.000557414
0.00167224
0.00222965
0.00501672
0.00222965
0.00334448
0.00668896
0.0039019
0.00278707
0.0117057
0.00557414
0.00724638
0.00334448
0.00445931
0.00947603
0.0139353
0.0133779
0.0964326