0
0
0.0141066
0.00595611
0.0119122
0.00846395
0.0112853
0.0119122
0.00564263
0.0134796
0.00250784
0.0244514
0.00658307
0.00376176
0.0304075
0.00438871
0.00877743
0.0147335
0.00909091
0.00626959
0.00188088
0.0404389
0
0.00438871
0.00909091
0.00250784
0.0122257
0.00344828
0.0178683
0.000626959
0.00752351
0.0015674
0.00940439
0.00188088
0.00689655
0.00532915
0.00219436
0.00188088
0.0015674
0.00031348
0
0
0
0.0416928
0
0
0
0
0
0.000940439
0.00188088
0.00282132
0
0.000626959
0
0.000626959
0
0.0015674
0
0
0.00219436
0.000626959
0
0
0.00250784
0
0
0
0
0.00031348
0
0.00031348
0
0
0.000940439
0
0
0.000626959
0
0.00031348
0.00031348
0
0
0
0
0.00940439
0
0
0
0
0
0
0
0
0.000626959
0
0.00031348
0
0
0.00125392
0
0
0
0
0
0
0.00219436
0
0
0
0
0.000626959
0
0.00219436
0
0.00031348
0
0
0
0
0.00031348
0.000940439
0.00031348
0
0
0
0
0
0.0134796
0
0
0.00031348
0.000626959
0
0.00031348
0.000626959
0.00031348
0
0.0015674
0
0
0
0.00031348
0
0
0.000940439
0.00031348
0
0
0.00376176
0
0
0
0.000626959
0.00031348
0
0.00344828
0
0.00031348
0.00031348
0
0
0.00031348
0.00031348
0.00031348
0.000940439
0.00031348
0
0
0
0.0200627
0
0
0
0.00031348
0.00031348
0
0
0
0.000626959
0
0.00188088
0
0
0.00282132
0
0
0.000626959
0
0
0
0.0103448
0
0
0.00031348
0
0.000940439
0.00031348
0.00219436
0
0.000626959
0
0.00125392
0
0.000940439
0.000940439
0.000626959
0
0.00031348
0
0
0
0
0.039185
0
0.00031348
0.00031348
0
0.00031348
0.00031348
0.00031348
0.000940439
0.00125392
0.00344828
0
0.00125392
0.00031348
0.00940439
0.000626959
0.00031348
0.000940439
0.0015674
0.000626959
0
0.0326019
0.000940439
0.000940439
0.00188088
0.00376176
0.00188088
0.00219436
0.0288401
0.00344828
0.00721003
0.0175549
0.00219436
0.00532915
0.0109718
0.00783699
0.00909091
0.0115987
0.031348
0.00971787
0.0420063
0
0.230408