0
0.00213675
0.0448718
0.0220798
0.0206553
0.0185185
0.0149573
0.0277778
0.0135328
0.034188
0.00783476
0.02849
0.0128205
0.0135328
0.0405983
0.00783476
0.0106838
0.0206553
0.0249288
0.017094
0.00498575
0.0534188
0.0014245
0.0121083
0.0178063
0.00854701
0.0156695
0.0149573
0.0327635
0.0042735
0.017094
0.00997151
0.0220798
0.0192308
0.011396
0.017094
0.0106838
0.00854701
0.0121083
0.00569801
0
0
0
0.0405983
0.000712251
0.000712251
0.0014245
0.00213675
0.002849
0.0014245
0.00213675
0.0014245
0.000712251
0.0042735
0
0
0
0.00498575
0.0014245
0
0.0014245
0.000712251
0
0
0.00498575
0
0
0.0014245
0.00213675
0
0
0.000712251
0
0
0.0014245
0
0
0
0
0.000712251
0.000712251
0
0
0
0
0.0042735
0
0
0
0
0
0
0
0
0.0014245
0
0
0.0014245
0
0
0
0
0.000712251
0
0
0
0.000712251
0
0.000712251
0.000712251
0
0
0.000712251
0.0014245
0.0014245
0.000712251
0
0
0
0.000712251
0
0
0
0.000712251
0
0
0
0
0.0014245
0
0
0
0
0
0
0
0
0
0
0
0
0
0
0
0
0
0
0
0
0.0014245
0
0
0
0
0
0
0.000712251
0
0
0.0014245
0
0
0
0
0
0
0
0
0
0
0.0042735
0
0
0
0
0
0
0
0
0
0
0
0
0
0.0014245
0
0
0
0.000712251
0
0
0.000712251
0
0
0
0
0
0.000712251
0.000712251
0
0
0
0
0
0
0.000712251
0
0
0
0
0
0
0
0.002849
0
0
0
0
0
0
0
0.000712251
0
0.002849
0
0
0
0.0014245
0.000712251
0
0
0.00213675
0.0014245
0
0.00498575
0.000712251
0.000712251
0.002849
0.0014245
0.000712251
0.0014245
0.00641026
0
0.0014245
0.00997151
0.00213675
0.00213675
0.00783476
0.00498575
0.00498575
0.0042735
0.00997151
0.00498575
0.0128205
0
0.111111