0.00271003
0.0426829
0.046748
0.048103
0.0304878
0.0237127
0.0162602
0.0169377
0.00542005
0.0135501
0.00406504
0.0210027
0.00474255
0.00406504
0.0169377
0.00406504
0.00542005
0.00677507
0.00948509
0.00203252
0.00271003
0.0426829
0
0.00474255
0.00677507
0.00203252
0.00813008
0.00135501
0.0149051
0
0.00338753
0.00135501
0.00813008
0.00271003
0.00474255
0.000677507
0.00271003
0.00135501
0.00135501
0
0.00135501
0
0
0.0616531
0
0
0
0.00135501
0.000677507
0.000677507
0.000677507
0.00135501
0
0.00271003
0
0.00203252
0
0.00474255
0
0
0.000677507
0
0
0
0.0121951
0
0
0.000677507
0.00135501
0
0
0.00338753
0
0.00135501
0.00135501
0
0
0
0
0
0
0
0
0
0
0.0155827
0
0
0
0
0
0
0
0
0
0
0
0
0
0.00338753
0
0
0
0
0
0
0.00745257
0
0
0
0
0.000677507
0
0.00406504
0
0
0
0.00271003
0.000677507
0.000677507
0
0
0
0
0
0
0
0
0.0284553
0
0
0
0.00135501
0
0
0.000677507
0.00135501
0.000677507
0.00271003
0
0.000677507
0.00135501
0.00406504
0.00135501
0
0.000677507
0.000677507
0.000677507
0.000677507
0.00813008
0
0.00135501
0
0
0
0
0.00474255
0
0.00271003
0.00135501
0
0.000677507
0.00474255
0.00271003
0.00338753
0.00271003
0.00203252
0.000677507
0.00271003
0
0.0250678
0
0.000677507
0
0.00271003
0.000677507
0.00135501
0.000677507
0.00203252
0.00474255
0
0.00203252
0.00203252
0.00203252
0.00203252
0.000677507
0
0
0.00135501
0.000677507
0.000677507
0.00338753
0
0.000677507
0.000677507
0
0.000677507
0.000677507
0.00203252
0.000677507
0.000677507
0
0.00338753
0.00203252
0.00135501
0
0.00135501
0.000677507
0.000677507
0.000677507
0.00135501
0.000677507
0
0.0162602
0.000677507
0.000677507
0.00271003
0
0.000677507
0.00135501
0.00271003
0.00203252
0
0.000677507
0
0.00203252
0.00135501
0.00406504
0.00338753
0
0.000677507
0.00203252
0.000677507
0
0.00745257
0.00203252
0.00135501
0.00271003
0.00271003
0.00135501
0.00135501
0.00609756
0.00406504
0.00542005
0.00677507
0.00338753
0.00474255
0.00677507
0.00271003
0.00677507
0.0101626
0.00745257
0.0121951
0.0162602
0.0108401
0.112466