0
0
0.0010101
0.0040404
0.0030303
0.0040404
0.00505051
0.00505051
0.0030303
0.00505051
0.0020202
0.00606061
0.0040404
0.00606061
0.0040404
0.0121212
0.0111111
0.0282828
0.0282828
0.0333333
0.0434343
0.00808081
0.00909091
0.0030303
0.0010101
0.0010101
0
0.0010101
0
0.0020202
0
0
0
0
0
0
0
0
0.0010101
0
0
0
0
0.0040404
0
0
0
0
0
0
0
0
0.0010101
0.0010101
0
0
0
0
0
0
0
0
0
0
0.0010101
0
0
0
0.0020202
0.0010101
0
0
0
0
0.0020202
0
0
0
0
0
0
0
0
0
0
0
0
0
0
0
0
0
0
0
0
0
0
0
0
0.0010101
0
0
0
0
0
0
0.0010101
0
0
0
0
0
0
0.0020202
0
0
0.0010101
0
0
0.0010101
0
0
0
0
0
0
0
0
0.0040404
0
0
0
0.0010101
0
0.0020202
0.0030303
0.0030303
0.0010101
0.0010101
0.0010101
0.0010101
0.0020202
0.00909091
0.0020202
0.00606061
0.00808081
0.00909091
0.00909091
0.010101
0.0222222
0.0121212
0.0161616
0.0141414
0.0141414
0.0161616
0.020202
0.0222222
0.0232323
0.0222222
0.0181818
0.0141414
0.0151515
0.0111111
0.0141414
0.0111111
0.0030303
0.00707071
0.00707071
0.0030303
0.0010101
0.0393939
0.0010101
0.00505051
0.00606061
0.00707071
0.0020202
0.0020202
0.0030303
0.0020202
0.0040404
0.0020202
0.0111111
0.00606061
0.0010101
0.00707071
0.0020202
0
0
0.0010101
0.0010101
0.0020202
0.00707071
0
0.00707071
0.0040404
0.0030303
0.0040404
0.0020202
0.00606061
0
0.0030303
0.0020202
0.00505051
0.0010101
0.0010101
0.0030303
0.0010101
0
0.0010101
0.0010101
0
0
0
0.00707071
0
0.0010101
0.0030303
0.0020202
0.0010101
0.0020202
0.00707071
0.0030303
0.0040404
0.010101
0.0020202
0.00606061
0.0010101
0.00606061
0.00505051
0
0.00606061
0.00808081
0.00505051
0.0010101
0.0131313
0.0040404
0.00606061
0.00606061
0.0020202
0.00606061
0.00606061
0.0141414
0.00505051
0.00909091
0.0111111
0.00606061
0.00909091
0.00707071
0.00707071
0.0040404
0.0030303
0.0020202
0.0040404
0.0030303
0
0.020202