0.0008
0.0348
0.0536
0.0388
0.0352
0.0188
0.0232
0.0156
0.0116
0.0116
0.0104
0.012
0.0096
0.0072
0.0108
0.0084
0.0052
0.0076
0.0064
0.0068
0.0068
0.0128
0.0036
0.0132
0.0116
0.0084
0.0164
0.0112
0.0176
0.0108
0.0128
0.014
0.0184
0.018
0.0176
0.0216
0.0164
0.0096
0.0096
0.0112
0.0072
0.0024
0
0.0448
0.0012
0.0044
0.0048
0.0076
0.0028
0.006
0.0072
0.0024
0.0044
0.0044
0.002
0.0056
0.0004
0.0076
0.0048
0.0004
0.004
0.0036
0.0008
0.0004
0.0076
0.0008
0.0032
0.0012
0.0016
0.0008
0.0004
0.0016
0.0008
0.002
0.0028
0
0
0.002
0.0008
0.0004
0
0
0
0
0
0.0096
0
0
0
0
0.0008
0
0.002
0.0004
0.0004
0
0.0016
0.0004
0.0012
0.0008
0.0004
0.0004
0.0008
0.0012
0.0004
0.0008
0.004
0
0.0024
0.0016
0.0004
0.0004
0.0012
0.0044
0.0008
0
0.0004
0.0024
0.002
0.002
0.0016
0.004
0.0008
0.0028
0.0028
0.0008
0
0.0004
0.016
0
0.002
0.004
0.0028
0.0028
0.0032
0.0028
0.0056
0.0048
0.0036
0.002
0.004
0.0036
0.0064
0.0048
0.0016
0.002
0.0016
0.0012
0.0004
0.0012
0.0016
0.0016
0.0012
0.0008
0.0004
0.0004
0
0
0.0004
0.0004
0.0004
0.0004
0.0008
0
0
0
0.0004
0.0004
0
0
0.0048
0
0
0
0.0004
0.0004
0.0004
0
0.0008
0.0004
0
0.0008
0
0
0
0.0004
0
0.0004
0.0008
0
0.0004
0.0004
0
0
0.0008
0
0.0008
0
0
0
0.0004
0
0.0004
0
0
0.0008
0
0.0004
0.0008
0
0
0
0
0.0024
0
0
0
0
0
0.0008
0
0.0004
0.0008
0.0016
0.0004
0
0
0.0008
0.0004
0
0.0012
0.0008
0.0004
0.0004
0.0028
0.0012
0.002
0.0012
0.0012
0.0016
0.0012
0.002
0.0012
0.0016
0.002
0.0008
0.0016
0.0024
0.0024
0.004
0.004
0.0052
0.0068
0.0072
0.0092
0.026