0.00775194
0.0237403
0.0571705
0.0499031
0.0406977
0.0242248
0.0188953
0.0125969
0.00387597
0.0179264
0.00193798
0.0145349
0.0140504
0.00484496
0.0169574
0.00387597
0.00629845
0.0116279
0.0101744
0.00726744
0.00436047
0.0310078
0.000484496
0.00532946
0.0125969
0.00145349
0.0111434
0.00436047
0.0174419
0.00145349
0.00339147
0.00242248
0.00920543
0.00339147
0.00484496
0.00387597
0.000968992
0.000484496
0.00387597
0.00145349
0.000484496
0
0
0.0625
0.000484496
0
0
0.000968992
0
0
0.000968992
0.00290698
0.000484496
0.00242248
0.000968992
0.00242248
0
0.00581395
0.000968992
0
0.00242248
0.000484496
0
0
0.00775194
0
0
0
0.00193798
0
0
0.00726744
0.000968992
0
0.00242248
0
0
0.00242248
0.000484496
0
0
0.000484496
0
0
0
0.0116279
0
0
0.000484496
0
0
0
0.000968992
0
0.00193798
0
0.00145349
0.000484496
0.000484496
0.00484496
0
0
0.00145349
0
0.000484496
0.000484496
0.00775194
0
0
0.000968992
0.000484496
0.000484496
0.000484496
0.00242248
0.000484496
0
0
0.000484496
0.000484496
0
0
0
0
0.000968992
0
0
0
0
0.0174419
0
0.000968992
0
0
0
0.000968992
0.00145349
0.00145349
0
0.000484496
0.000484496
0
0.000968992
0.00193798
0.000484496
0
0.000968992
0.00145349
0
0.000484496
0.00387597
0.000484496
0.000484496
0.000484496
0.00145349
0.00145349
0
0.000968992
0
0.00193798
0.000968992
0
0.000968992
0.00193798
0.00145349
0
0.00145349
0.000968992
0
0.00145349
0
0.0242248
0
0.000968992
0.000968992
0.00193798
0.000968992
0.00290698
0.00242248
0.00145349
0.00436047
0.000484496
0.00242248
0.00193798
0.00242248
0.00436047
0.00242248
0.000968992
0.00290698
0.00242248
0.000484496
0
0.00532946
0
0.00145349
0.00387597
0.000484496
0
0.00290698
0.00387597
0
0.000968992
0
0.00193798
0.00145349
0.000484496
0.00193798
0.000484496
0.000484496
0
0.000968992
0
0
0
0.0213178
0
0.000968992
0.000968992
0.000484496
0.000484496
0.000484496
0.00145349
0.000484496
0.000484496
0.00242248
0.000484496
0.000968992
0.000484496
0.00193798
0.000484496
0.00193798
0.00242248
0.00145349
0.00290698
0.000484496
0.00387597
0.00193798
0.00242248
0.00145349
0.00387597
0.00242248
0.00290698
0.00726744
0.000484496
0.00145349
0.00581395
0.00339147
0.00290698
0.00823643
0.00629845
0.00726744
0.00968992
0.0111434
0.00920543
0.0111434
0.0130814
0.0833333