0
0
0.0363409
0.0150376
0.023183
0.0181704
0.0150376
0.0200501
0.0075188
0.0288221
0.00438596
0.023183
0.0112782
0.0056391
0.0344612
0.0093985
0.0075188
0.0206767
0.0112782
0.00814536
0.0056391
0.0394737
0.0018797
0.00313283
0.0181704
0.00313283
0.0238095
0.014411
0.023183
0.00313283
0.0175439
0.00313283
0.0281955
0.00814536
0.0175439
0.0162907
0.00814536
0.0100251
0.0150376
0.00313283
0
0.000626566
0
0.0670426
0
0.000626566
0
0.00125313
0.0018797
0.000626566
0.00125313
0.00250627
0.000626566
0.0056391
0.000626566
0.00125313
0
0.0037594
0.00125313
0
0.00125313
0
0
0
0.00689223
0
0
0
0.00125313
0.00125313
0
0
0
0
0.000626566
0
0
0.000626566
0
0
0
0
0
0
0
0.00313283
0
0
0
0
0
0
0
0
0
0
0.00125313
0
0.000626566
0
0
0
0
0
0
0
0.00125313
0
0.000626566
0
0
0
0.000626566
0.000626566
0
0
0
0.0018797
0
0
0
0.000626566
0
0
0
0.000626566
0
0
0.0093985
0
0
0
0
0
0.000626566
0
0.00125313
0
0.00125313
0
0.000626566
0
0.000626566
0.00125313
0
0
0
0
0
0.0018797
0
0
0
0
0
0
0.00125313
0.000626566
0.000626566
0.00125313
0
0
0
0.000626566
0
0
0
0
0
0
0.0075188
0
0
0.000626566
0.000626566
0
0
0
0
0
0
0.000626566
0
0
0.000626566
0
0
0
0
0
0
0.00250627
0
0
0
0
0.0018797
0
0.000626566
0
0
0
0.000626566
0
0
0.00125313
0
0.000626566
0
0
0
0
0
0.0093985
0
0.000626566
0.000626566
0
0
0
0.00125313
0.00125313
0
0.0018797
0.000626566
0.00125313
0.000626566
0.00250627
0
0
0.000626566
0.000626566
0.00125313
0
0.00877193
0
0.0018797
0.000626566
0.0037594
0.00438596
0.000626566
0.0056391
0.00250627
0.0018797
0.00814536
0.000626566
0.00313283
0.00689223
0.0018797
0.00814536
0.00438596
0.0112782
0.00689223
0.0206767
0
0.161028