0
0.0175585
0.0510033
0.0526756
0.0317726
0.0200669
0.0246656
0.013796
0.0112876
0.020485
0.00919732
0.0192308
0.0112876
0.0104515
0.0150502
0.00334448
0.00752508
0.00794314
0.00919732
0.0041806
0.00334448
0.0196488
0.00292642
0.00585284
0.00710702
0.00376254
0.00710702
0.00501672
0.0125418
0.00125418
0.00668896
0.00334448
0.0083612
0.00376254
0.0083612
0.00292642
0.0041806
0.0020903
0.00585284
0.00250836
0.00083612
0.00041806
0
0.0313545
0
0
0.00083612
0.00167224
0.00167224
0.00125418
0.00376254
0.00167224
0.00167224
0.0041806
0
0.00250836
0.00083612
0.00501672
0.00083612
0.00041806
0.00250836
0.0020903
0
0.00041806
0.00668896
0.00041806
0.00125418
0.00083612
0.00167224
0.00041806
0.00041806
0.00334448
0.00083612
0.00125418
0.00292642
0
0.00041806
0.00250836
0
0.00041806
0.00041806
0.00125418
0
0
0
0.0104515
0
0
0
0.00083612
0.00167224
0
0.00292642
0
0.0020903
0
0.00292642
0.00083612
0.00041806
0.00459866
0
0.00041806
0.0020903
0.00125418
0.00250836
0.00041806
0.00961538
0
0.00041806
0.00167224
0.00041806
0.00125418
0.00250836
0.00668896
0
0.00125418
0.00250836
0.0062709
0.0020903
0.00376254
0.00543478
0.00125418
0.00376254
0.0020903
0.00041806
0.00041806
0.00083612
0
0.0472408
0.00041806
0.00041806
0.0020903
0.00459866
0.00501672
0.0041806
0.0083612
0.0062709
0.00292642
0.0100334
0.00167224
0.00543478
0.00125418
0.00877926
0.00250836
0.00167224
0.00334448
0.0041806
0.00250836
0
0.0129599
0.00083612
0.00125418
0.00083612
0.0041806
0.00167224
0.00041806
0.0062709
0.00167224
0.00250836
0.00543478
0.00083612
0.00167224
0.00459866
0.0020903
0.00250836
0.0020903
0.00125418
0.00041806
0.00041806
0
0.0213211
0
0.00041806
0.00083612
0.00041806
0.00125418
0.00167224
0.00167224
0.00041806
0.00083612
0
0.00083612
0.00083612
0
0.0020903
0
0.00041806
0.00041806
0
0.00041806
0
0.00376254
0
0.00041806
0.00083612
0
0
0.00041806
0.00125418
0
0.00041806
0
0.00125418
0.00041806
0.00125418
0
0
0.00083612
0
0
0
0
0
0.0108696
0
0.00041806
0
0.00167224
0
0.00041806
0.00083612
0.0020903
0.00041806
0.00083612
0
0.00083612
0.00041806
0.00292642
0.00083612
0.00083612
0.00041806
0.00167224
0.00041806
0.00041806
0.0062709
0.00041806
0.00083612
0.00125418
0
0.00125418
0.00125418
0.00334448
0.00167224
0.00292642
0.00334448
0.00041806
0.00125418
0.00543478
0.00459866
0.00292642
0.00668896
0.00585284
0.00543478
0.00501672
0.0020903
0.0572742