0
0.000244379
0.0266373
0.0134409
0.0105083
0.0146628
0.0127077
0.0185728
0.007087
0.0271261
0.00464321
0.03348
0.0114858
0.00562072
0.0439883
0.00562072
0.00928641
0.0217498
0.0107527
0.00879765
0.00342131
0.0508309
0.000244379
0.00488759
0.0117302
0.00391007
0.0102639
0.0058651
0.0185728
0.00244379
0.00488759
0.00171065
0.00855327
0.00171065
0.00293255
0.00342131
0.00219941
0.00171065
0.00171065
0.00146628
0.000244379
0.0012219
0
0.0259042
0
0
0.000977517
0.00171065
0.000488759
0.0012219
0.0012219
0.0012219
0.000488759
0.00146628
0
0.000488759
0
0.00195503
0
0
0.00171065
0.000244379
0
0
0.00219941
0.000244379
0.000488759
0
0.000244379
0
0
0.0012219
0
0.000488759
0.000733138
0
0
0
0.000244379
0
0.000244379
0
0
0
0
0.00439883
0
0.000244379
0
0
0
0.000244379
0
0
0.000244379
0.000244379
0.000244379
0
0
0.000244379
0
0
0.000244379
0.000244379
0
0
0.00268817
0
0
0.000488759
0
0.000488759
0
0.000733138
0
0.000244379
0
0.000488759
0
0.000488759
0.000244379
0.000488759
0
0.000244379
0
0
0
0
0.00562072
0
0
0
0.000244379
0
0
0.000244379
0
0.000244379
0.000977517
0
0.000488759
0
0.00146628
0.000488759
0
0.000488759
0.000244379
0
0
0.00268817
0
0.000733138
0
0.00146628
0.000244379
0
0.0012219
0
0.000488759
0.0012219
0.000244379
0
0.00146628
0.000244379
0.000244379
0
0
0.000244379
0
0
0.00953079
0
0
0
0.000733138
0
0
0
0
0.000977517
0
0.000977517
0.000488759
0
0.00244379
0
0.000244379
0.0012219
0
0
0
0.00488759
0
0
0.000733138
0
0.000977517
0
0.00171065
0
0.000244379
0
0.000733138
0
0.000977517
0.000244379
0
0.000244379
0.000488759
0
0
0
0
0.0136852
0
0.000488759
0.000488759
0.000488759
0.000488759
0
0.000733138
0.0012219
0.000977517
0.0012219
0
0.000244379
0.000488759
0.0100196
0.0012219
0
0.00219941
0.00171065
0.000488759
0.000244379
0.0207722
0
0.00146628
0.000244379
0.00293255
0.0012219
0.000733138
0.0200391
0.00195503
0.00513197
0.0158847
0.00146628
0.00415445
0.012219
0.00684262
0.00391007
0.00684262
0.0129521
0.00953079
0.0388563
0
0.259042