0
0.0344929
0.0102201
0.0134631
0.0162146
0.0115959
0.00894261
0.0135613
0.00678066
0.0238797
0.00560141
0.0268278
0.0124803
0.00992531
0.0351808
0.00687893
0.00933569
0.0194575
0.0128734
0.00835299
0.00383255
0.0523781
0.00176887
0.00461871
0.0137579
0.00284984
0.0146423
0.00589623
0.0238797
0.00275157
0.00825472
0.00245676
0.0149371
0.00511006
0.00687893
0.00638758
0.00383255
0.00245676
0.00343947
0.00275157
0.00226022
0.000491352
9.82704e-005
0.0386203
0.000982704
0.000786163
0.00196541
0.00176887
0.00117925
0.00196541
0.00186714
0.00196541
0.000589623
0.0016706
0.000589623
0.00108097
0.000196541
0.00452044
0.000491352
9.82704e-005
0.000982704
0.00108097
0.000196541
0
0.00520833
0.000294811
0.000491352
0.000294811
0.000687893
0.000589623
0.000196541
0.00108097
0.000294811
9.82704e-005
0.000491352
0
9.82704e-005
0.000687893
0.000196541
0.000196541
0.000196541
0
0
0
0
0.00363601
0
0
0.000196541
9.82704e-005
0
0.000196541
0.000294811
0
0.000589623
9.82704e-005
0.000589623
9.82704e-005
9.82704e-005
0.000294811
9.82704e-005
0.000196541
0.000687893
0.000196541
0.000196541
0.000294811
0.00157233
0
0.000196541
0.000294811
0
0.000196541
9.82704e-005
0.00137579
0
0.000687893
9.82704e-005
0.000393082
0.000196541
0.000589623
0.000491352
0.000393082
9.82704e-005
0.000196541
0.000196541
0.000491352
9.82704e-005
0
0.00579796
9.82704e-005
0.000294811
9.82704e-005
0.000589623
0.000294811
0.000393082
0.000982704
0.000884434
0.000393082
0.0016706
0.000393082
0.000884434
0.000294811
0.00108097
0.000589623
0
0.000786163
0.00117925
0.000491352
0
0.00412736
0.000687893
0.000589623
0.000294811
0.000393082
0.000589623
0.000196541
0.0026533
0.000294811
0.000393082
0.00108097
0.000294811
0.000196541
0.000294811
0.000196541
0
0.000196541
0.000393082
9.82704e-005
9.82704e-005
0
0.0217178
0
9.82704e-005
0
0.000589623
0.000294811
9.82704e-005
0.000393082
9.82704e-005
0.00157233
0.000196541
0.0043239
0.000687893
9.82704e-005
0.00874607
9.82704e-005
0.000196541
0.000491352
0.000196541
0
0
0.0162146
0
0
0.000393082
9.82704e-005
0.000687893
9.82704e-005
0.0121855
0
0.000294811
0
0.00117925
0
9.82704e-005
0.000491352
9.82704e-005
0
0.000196541
0
0
0
0
0.0340016
0
0
9.82704e-005
0.000294811
9.82704e-005
9.82704e-005
0.000294811
0.000294811
0.000393082
0.0026533
0
0.000687893
0.000294811
0.0107115
0
9.82704e-005
0.000687893
0.000982704
0.000294811
9.82704e-005
0.0213247
0.000294811
0.000491352
0.000491352
0.00176887
0.00117925
0.000687893
0.0113011
0.00137579
0.00255503
0.00648585
0.00157233
0.00226022
0.0043239
0.00422563
0.00334119
0.00471698
0.00609277
0.00786164
0.00619104
0.016706
0.179442