0
0.0274791
0.0433094
0.0573477
0.0322581
0.0227001
0.0128435
0.0110514
0.00567503
0.0146356
0.00268817
0.0131422
0.0083632
0.00298686
0.0232975
0.00448029
0.00358423
0.00746714
0.00388292
0.00238949
0.0020908
0.0295699
0.00149343
0.00179211
0.0020908
0.00298686
0.00388292
0.00298686
0.0101553
0.00328554
0.00567503
0.00776583
0.0113501
0.00776583
0.0110514
0.0116487
0.00537634
0.00448029
0.00238949
0.00179211
0.00328554
0.000896057
0
0.031362
0
0.000597372
0
0
0.000298686
0.000298686
0.000896057
0
0.000298686
0.000298686
0
0
0
0.00149343
0.00119474
0
0
0
0
0
0.00657109
0
0
0
0
0.000298686
0
0.000896057
0
0.000298686
0.000298686
0
0
0
0
0
0
0
0
0
0
0.00866189
0
0
0
0
0
0
0.000298686
0
0
0
0.00119474
0
0
0.00268817
0
0
0.000597372
0
0
0
0.00776583
0
0
0
0
0.000597372
0
0.0062724
0
0.000298686
0
0.00328554
0
0.0020908
0.00149343
0.00149343
0.000298686
0.000298686
0
0
0
0
0.0394265
0
0
0
0.000298686
0.000896057
0.000896057
0.00298686
0.00298686
0
0.00238949
0
0.000896057
0
0.00388292
0.000597372
0
0.00119474
0
0.000298686
0
0.00537634
0
0
0
0.00119474
0
0
0.0020908
0
0
0.000298686
0
0
0.000298686
0
0
0
0
0
0
0
0.0146356
0
0
0
0
0
0
0
0
0
0
0.000298686
0
0
0.00119474
0
0
0
0
0
0
0.00358423
0
0
0
0
0.000298686
0
0.000896057
0
0
0
0
0.000298686
0
0
0
0
0
0
0
0
0
0.025687
0
0
0
0
0
0.000298686
0
0
0
0.000896057
0
0.000597372
0
0.000896057
0
0
0
0.000298686
0
0
0.020908
0
0.000298686
0.000597372
0.000298686
0.000298686
0.000298686
0.00806452
0.000298686
0.00119474
0.00388292
0
0.000298686
0.00238949
0.0041816
0.00298686
0.00328554
0.00298686
0.0020908
0.00806452
0.000597372
0.305257