0
0
0
0
0
0.001287
0.000643501
0
0
0.001287
0
0
0.000643501
0
0.001287
0
0
0
0
0
0
0
0
0
0
0
0.000643501
0
0
0
0
0
0
0
0
0
0
0
0
0
0
0
0
0.000643501
0
0
0
0
0
0
0
0
0
0
0
0
0
0
0
0
0
0
0
0
0
0
0
0
0
0
0
0
0
0
0
0
0
0
0
0
0
0
0
0
0
0
0
0
0
0
0
0
0
0
0
0
0
0
0
0
0
0
0
0
0
0
0
0
0
0
0
0
0
0
0
0
0
0
0
0
0
0
0
0
0
0
0
0
0.000643501
0
0
0
0
0
0
0
0
0
0
0
0
0
0
0
0
0
0
0
0
0.002574
0
0.00514801
0.003861
0.00965251
0.00579151
0.00579151
0.015444
0.003861
0.0199485
0.0135135
0.001287
0.0109395
0.014157
0.00707851
0.002574
0.00900901
0.00514801
0
0
0
0.124839
0
0
0.000643501
0.001287
0.0019305
0.00707851
0.002574
0
0.00772201
0
0.0160875
0.0019305
0
0.0694981
0.000643501
0.000643501
0.00836551
0.0032175
0.001287
0
0.15444
0
0
0.000643501
0
0.0045045
0.000643501
0.029601
0
0.001287
0
0.00579151
0
0.003861
0.003861
0
0
0
0
0
0
0
0.15444
0
0
0
0
0.000643501
0
0.0032175
0.00707851
0.000643501
0.01287
0
0.0019305
0
0.021879
0.001287
0
0.011583
0.00643501
0
0
0.0444015
0
0
0.00643501
0.011583
0.00772201
0
0.0225225
0.000643501
0.01287
0.015444
0
0.003861
0.00514801
0.00707851
0.0109395
0.0109395
0.001287
0
0
0
0.021879