0
0.0266007
0.0429941
0.0519641
0.03588
0.0216517
0.0151562
0.0167028
0.00897
0.0244355
0.00649551
0.0225796
0.0061862
0.0030931
0.0278379
0.00278379
0.00371172
0.00897
0.00278379
0.00154655
0
0.0355707
0
0.00030931
0.00061862
0.00030931
0.00494896
0
0.0120631
0
0.000927931
0
0.00433034
0.00030931
0.00247448
0.00030931
0
0
0
0
0
0
0
0.0547479
0
0
0
0
0
0
0.00030931
0.000927931
0
0.000927931
0
0
0
0.00463965
0
0
0.00030931
0
0
0
0.0117538
0
0
0
0.00030931
0
0
0.00123724
0
0
0.00030931
0
0
0
0
0
0
0
0
0
0
0.0287659
0
0
0
0
0
0
0
0
0
0
0.00123724
0
0
0.00278379
0
0.00030931
0
0
0
0
0.0163934
0
0
0.00061862
0
0.00123724
0
0.00773276
0
0.00061862
0
0.00463965
0.00030931
0.00185586
0
0.000927931
0.00030931
0
0.00030931
0
0
0
0.0736158
0
0.00061862
0.00061862
0.000927931
0.00123724
0.000927931
0.00371172
0.00216517
0.00123724
0.00556758
0.00061862
0.00061862
0.00030931
0.00866069
0.00185586
0.00061862
0.00185586
0.0030931
0.00123724
0
0.0160841
0.00030931
0.000927931
0.00030931
0.0030931
0.00030931
0.00061862
0.00773276
0.00030931
0
0.00247448
0
0.00030931
0.00123724
0.00030931
0
0.00030931
0
0
0
0
0.0371172
0
0
0
0
0
0
0
0
0.00030931
0
0.00185586
0
0
0.000927931
0
0.00030931
0.000927931
0
0
0
0.00680483
0
0
0
0.00030931
0.00030931
0
0.00185586
0
0.00030931
0
0.00123724
0
0.00030931
0.00030931
0
0.00030931
0.00030931
0
0
0
0
0.0163934
0
0
0
0.00061862
0.00030931
0
0.00030931
0
0.00030931
0.000927931
0
0.00030931
0
0.00154655
0.000927931
0
0.000927931
0.00061862
0
0
0.00835138
0.000927931
0.00061862
0.00123724
0.00185586
0.00061862
0.00061862
0.00433034
0.00061862
0.00061862
0.00402103
0.00061862
0.00061862
0.00247448
0.00402103
0.00247448
0.00216517
0.00525827
0.0061862
0.0102072
0.00680483
0.178781