0
0.00924685
0.010855
0.0101849
0.00924685
0.00670062
0.00415438
0.00227821
0.0010721
0.0021442
0.000402037
0.00174216
0.000402037
0.000268025
0.000402037
0
0
0.000134012
0.000134012
0
0
0.000938086
0
0
0
0
0.000268025
0
0.000402037
0
0.000134012
0
0
0
0
0
0
0
0
0
0
0
0
0.00187617
0
0
0
0
0.000134012
0
0
0
0
0.000134012
0
0
0
0.000134012
0
0
0
0
0
0
0
0
0
0
0
0
0
0.000134012
0
0
0
0
0
0
0.000134012
0
0
0
0
0
0
0.000402037
0
0
0
0
0
0
0
0
0
0
0
0
0
0
0
0
0
0
0
0
0.000402037
0
0
0
0
0
0
0.000134012
0
0
0
0.000134012
0
0.000134012
0
0
0
0
0
0
0
0
0.00308228
0
0
0.000134012
0
0.000134012
0.000134012
0
0.000134012
0
0.000670062
0.000268025
0.000268025
0.000268025
0.00227821
0.00147414
0.000804074
0.00375235
0.00495846
0.00388636
0.00603055
0.0272045
0.0140713
0.0184937
0.021978
0.0264004
0.0164835
0.00991691
0.0234522
0.00562852
0.00710265
0.0223801
0.0021442
0.00469043
0.0140713
0.00576253
0.00428839
0.00402037
0.00227821
0.00201019
0.000804074
0.000402037
0.231305
0
0.000268025
0.000938086
0.000804074
0.00294827
0.00134012
0.00348432
0.000670062
0.0076387
0
0.0202359
0.000670062
0.000402037
0.0450281
0.0010721
0.000536049
0.00268025
0.0010721
0.000536049
0.000670062
0.0443581
0.000134012
0.000134012
0.00134012
0.000268025
0.00201019
0.000134012
0.0148754
0.000134012
0.000670062
0.000134012
0.00187617
0.000804074
0.000804074
0.000670062
0.000536049
0.000536049
0.000268025
0.000536049
0.000536049
0
0
0.0351112
0
0.000402037
0.000268025
0.000268025
0.000670062
0.000134012
0.000670062
0.000804074
0.000134012
0.00174216
0.000402037
0.000938086
0.000536049
0.00536049
0.0010721
0.000134012
0.00160815
0.00120611
0.000670062
0.000402037
0.00924685
0.000804074
0.0010721
0.000804074
0.0021442
0.00160815
0.00147414
0.00482444
0.00187617
0.00402037
0.00375235
0.00227821
0.00375235
0.00817475
0.010453
0.011123
0.0120611
0.0162155
0.0158135
0.0205039
0.0339051
0.0617797