0.000555556
0.0172222
0.0311111
0.0572222
0.0494444
0.04
0.0333333
0.0227778
0.0255556
0.0233333
0.0155556
0.0272222
0.0211111
0.03
0.0311111
0.0255556
0.03
0.0194444
0.03
0.0361111
0.0211111
0.0344444
0.00611111
0.0283333
0.0166667
0.00666667
0.0127778
0.0177778
0.0127778
0.00333333
0.0105556
0.00722222
0.00555556
0.00611111
0.00611111
0.00666667
0.00277778
0.00111111
0.00222222
0.00111111
0.00111111
0.000555556
0
0.0127778
0
0
0.00111111
0.000555556
0.000555556
0.000555556
0.00166667
0.000555556
0.00111111
0.00222222
0
0.000555556
0
0.00111111
0
0
0.000555556
0
0
0
0.00222222
0
0.00111111
0
0
0
0
0
0
0.00111111
0
0
0
0
0
0
0
0
0
0
0
0.00111111
0
0
0
0
0
0
0
0.000555556
0
0
0.000555556
0
0.00111111
0.00166667
0
0
0.000555556
0.000555556
0
0
0.00111111
0
0
0.000555556
0
0
0.000555556
0.00111111
0
0
0.000555556
0.00111111
0
0
0
0.000555556
0
0
0.000555556
0
0
0
0.0116667
0
0
0.000555556
0
0.00111111
0.000555556
0.000555556
0
0.000555556
0
0
0.000555556
0
0.00111111
0.00111111
0
0
0.000555556
0
0
0.00111111
0
0.00111111
0.00222222
0.00277778
0.00111111
0.000555556
0.00222222
0.00111111
0.00111111
0.00277778
0.00111111
0.000555556
0.00111111
0
0.000555556
0.000555556
0.000555556
0.000555556
0
0
0.005
0
0
0.000555556
0
0
0
0.00111111
0
0.000555556
0
0.00166667
0
0.000555556
0.000555556
0
0
0
0
0
0.000555556
0.00222222
0
0.000555556
0
0.000555556
0.000555556
0
0.00333333
0
0.00166667
0
0.000555556
0
0.000555556
0
0
0.000555556
0
0
0
0
0
0.00555556
0
0.000555556
0.00111111
0.00166667
0.000555556
0.000555556
0.00111111
0.00111111
0.00166667
0.000555556
0.00111111
0.00333333
0
0.00277778
0.00166667
0
0.000555556
0.00111111
0.000555556
0.00166667
0.00333333
0.00166667
0.00166667
0.00166667
0.000555556
0.00222222
0.000555556
0.00388889
0.00111111
0.00111111
0.005
0.00111111
0.00388889
0.00888889
0.00388889
0.00333333
0.00444444
0.00388889
0.00277778
0.00611111
0.00722222
0.0261111