0.00014758
0.0212515
0.0615407
0.058294
0.0286305
0.0182999
0.0150531
0.0144628
0.0106257
0.0168241
0.00752656
0.0132822
0.0149055
0.014758
0.020366
0.0079693
0.015791
0.0153483
0.0177096
0.0171192
0.00324675
0.0336482
0.0014758
0.0112161
0.0172668
0.0079693
0.0213991
0.0178571
0.0233176
0.00678867
0.0156434
0.00914994
0.0174144
0.0134298
0.0131346
0.0135773
0.0123967
0.00678867
0.00885478
0.0122491
0.00472255
0.00103306
0
0.0522432
0.000590319
0.00250885
0.00398465
0.00339433
0.00191854
0.00191854
0.00295159
0.00295159
0.00132822
0.00280401
0.000737898
0.000295159
0
0.00339433
0.000590319
0.000295159
0.0014758
0.000885478
0.000295159
0
0.00250885
0.000295159
0
0
0.00118064
0.00014758
0.000442739
0.00162338
0.000295159
0.000295159
0.00118064
0
0.00014758
0.000442739
0
0.00014758
0.00014758
0
0
0
0
0.00368949
0
0
0
0
0.00014758
0.00014758
0.00014758
0
0.000442739
0
0.000590319
0.00014758
0.00014758
0.00118064
0
0.00014758
0.000442739
0.00014758
0.00014758
0
0.00162338
0
0.00014758
0
0
0.00014758
0.000442739
0.00162338
0
0.000442739
0
0.00103306
0.000737898
0.000737898
0.000590319
0.00014758
0.000442739
0.000295159
0.000590319
0.000295159
0
0
0.0118064
0.00014758
0.000737898
0.000590319
0.000885478
0.00177096
0.00236128
0.00177096
0.00324675
0.00191854
0.00487013
0.00398465
0.00457497
0.00191854
0.00782172
0.00427981
0.00132822
0.00546045
0.00826446
0.00162338
0.000590319
0.0137249
0.00103306
0.00413223
0.00368949
0.00487013
0.00236128
0.000885478
0.00708383
0.00132822
0.00206612
0.00442739
0.00014758
0.000590319
0.00324675
0.00177096
0.00191854
0.000885478
0.000295159
0
0
0
0.00929752
0
0
0
0
0.000442739
0.00014758
0.000590319
0
0.000737898
0
0.000737898
0.000737898
0.000442739
0.00177096
0.000295159
0
0.00014758
0.000590319
0.000442739
0
0.00236128
0
0
0.000295159
0.00014758
0
0.000295159
0.000590319
0
0.000442739
0
0.000885478
0.000295159
0.000442739
0.000442739
0
0
0
0.000590319
0.00014758
0
0
0.00413223
0
0
0
0.00014758
0.000295159
0.00014758
0.000295159
0.00014758
0.00014758
0.00132822
0.000442739
0.000590319
0.000295159
0.00118064
0.000295159
0.000590319
0.000442739
0.000442739
0.00014758
0
0.00236128
0.000590319
0.000442739
0.00014758
0.000737898
0.00118064
0.00118064
0.0022137
0.000295159
0.000590319
0.00250885
0.000442739
0.000442739
0.0022137
0.00177096
0.00191854
0.00250885
0.00191854
0.00413223
0.00457497
0.00693625
0.0293684