0
0.0594729
0.0553775
0.0302707
0.0247507
0.0160256
0.0110399
0.00979345
0.00320513
0.0146011
0.00302707
0.0162037
0.00623219
0.00213675
0.022614
0.00160256
0.00249288
0.0103276
0.00516382
0.00178063
0.000356125
0.0304487
0
0.00160256
0.00338319
0.000356125
0.00712251
0.00124644
0.0149573
0.000712251
0.0014245
0.000356125
0.00534188
0.000890313
0.00409544
0.000712251
0.00124644
0.000178063
0.000178063
0.000356125
0
0
0
0.0445157
0
0
0.000178063
0.000178063
0.000178063
0.000356125
0.000890313
0.00106838
0.000178063
0.00213675
0
0
0
0.002849
0
0
0.00106838
0
0
0
0.00890313
0
0
0.000178063
0.000534188
0.000178063
0.000178063
0.00498575
0
0
0.000356125
0
0
0.000356125
0.000178063
0
0.000178063
0
0
0
0
0.0186966
0
0
0
0
0
0
0.000178063
0
0.000712251
0
0.00213675
0.000178063
0
0.00391738
0
0.000178063
0.00124644
0.000534188
0.000356125
0
0.00783476
0
0
0.000712251
0
0.000890313
0.000178063
0.00569801
0
0.00160256
0.000178063
0.00462963
0.000178063
0.00249288
0.00160256
0.00124644
0.000712251
0.000712251
0.00124644
0.000178063
0
0
0.0582265
0
0.000178063
0.00160256
0.00302707
0.00213675
0.00302707
0.00623219
0.00712251
0.00213675
0.0103276
0.00178063
0.00534188
0.00160256
0.014067
0.00445157
0.000712251
0.00730057
0.00356125
0.00213675
0.000356125
0.0194088
0.00106838
0.00231481
0.00231481
0.00605413
0.00195869
0.0014245
0.00890313
0.000712251
0.00106838
0.00498575
0.000534188
0.000178063
0.00373932
0.0014245
0.000890313
0.000890313
0.000356125
0.000178063
0
0
0.0350783
0
0.000178063
0.000178063
0.000178063
0.000356125
0.000712251
0.000356125
0.000178063
0.00160256
0
0.00124644
0.000712251
0
0.00320513
0
0
0.000712251
0
0.000178063
0
0.00712251
0
0
0
0
0.00106838
0
0.00302707
0
0.000178063
0.000178063
0.00106838
0
0.00106838
0.000534188
0.000178063
0
0
0
0
0
0
0.0176282
0
0
0
0
0
0
0.000712251
0.000712251
0.000178063
0.00195869
0
0.000356125
0
0.00516382
0.000178063
0
0.00124644
0.000356125
0
0
0.0106838
0
0
0.00106838
0.00231481
0.000178063
0.000178063
0.00641026
0.000712251
0.0014245
0.00551994
0.000178063
0.00124644
0.0042735
0.00356125
0.00195869
0.00391738
0.00356125
0.00320513
0.00676638
0.00356125
0.158832