0
0.00641026
0.010016
0.0128205
0.00761218
0.00560897
0.00440705
0.00440705
0.00360577
0.00400641
0.00200321
0.00240385
0.00120192
0.00200321
0.00120192
0.000801282
0.000400641
0.000400641
0.00160256
0.000801282
0.000400641
0.000801282
0
0
0.000801282
0
0.000400641
0
0.00120192
0
0
0
0
0
0
0.000801282
0.000400641
0.000400641
0.000400641
0.000400641
0
0
0
0.00120192
0
0
0
0
0.000400641
0
0
0
0
0
0
0
0
0.000400641
0
0
0
0
0
0
0.00120192
0
0
0
0
0
0
0
0
0
0
0
0
0
0
0
0.000400641
0
0
0
0
0.00120192
0
0
0
0
0
0
0.00120192
0
0.000400641
0
0
0
0
0
0
0
0
0
0
0
0
0
0
0
0
0
0
0
0
0
0
0
0.000400641
0
0.000400641
0
0
0
0
0
0
0
0.00320513
0
0
0
0.000400641
0
0.000801282
0.000400641
0.00120192
0.00160256
0.00120192
0
0.000400641
0.000801282
0.00240385
0.00440705
0.000400641
0.00200321
0.00560897
0.00240385
0.00480769
0.0120192
0.015625
0.0204327
0.0240385
0.0248397
0.021234
0.0260417
0.0320513
0.0152244
0.021234
0.0204327
0.00841346
0.00761218
0.0168269
0.010016
0.00761218
0.00560897
0.00520833
0.00400641
0.00160256
0.000400641
0.184295
0.000801282
0.00120192
0.000400641
0.00320513
0.00240385
0.00560897
0.00360577
0.000400641
0.00961538
0.00160256
0.0204327
0.00160256
0.00120192
0.0348558
0.000400641
0.00200321
0.00440705
0.00120192
0
0.00200321
0.0192308
0.000400641
0.000801282
0.00160256
0.000801282
0.00240385
0.000801282
0.00721154
0.000801282
0.000801282
0.000801282
0.00120192
0.00120192
0.000400641
0.000801282
0
0.00120192
0.00120192
0.000400641
0
0.000400641
0
0.0148237
0
0.000400641
0.00120192
0.000400641
0.000400641
0.000801282
0.00200321
0.00200321
0.000400641
0.00120192
0.000801282
0.00240385
0.000801282
0.00400641
0.00160256
0.00200321
0.00160256
0.00280449
0.000801282
0.000400641
0.00560897
0.00240385
0.00160256
0.00200321
0.00320513
0.00360577
0.00240385
0.00560897
0.00200321
0.00480769
0.0088141
0.00520833
0.00360577
0.015625
0.0116186
0.0104167
0.0148237
0.010016
0.0180288
0.0200321
0.0260417
0.0404647