0
0
0
0
0
0.00238095
0
0.00238095
0
0
0
0
0.00238095
0
0.00119048
0
0
0.00119048
0
0
0
0.00119048
0
0
0
0
0
0
0
0
0
0
0
0
0
0
0
0
0
0
0
0
0
0
0
0
0
0
0
0
0
0
0
0
0
0
0
0
0
0
0
0
0
0
0
0
0
0
0
0
0
0
0
0
0
0
0
0
0
0
0
0
0
0
0
0
0
0
0
0
0
0
0
0
0
0
0
0
0
0
0
0
0
0
0
0
0
0
0
0
0
0
0
0
0
0
0
0
0
0
0
0
0
0
0
0
0
0
0
0
0
0
0
0
0
0
0
0
0
0
0
0
0
0
0
0
0.00119048
0.00119048
0
0.00595238
0
0.00238095
0.00119048
0.00357143
0.00833333
0
0.00595238
0.00357143
0.00952381
0.00714286
0
0.00238095
0.00238095
0.00357143
0.00357143
0.00714286
0
0
0
0
0.0595238
0
0
0
0.00119048
0.00238095
0.0047619
0.0047619
0
0.00714286
0
0.00833333
0.00238095
0.00119048
0.0571429
0
0.00357143
0.00595238
0.00119048
0
0
0.155952
0
0
0.00238095
0
0.00714286
0
0.0857143
0
0.00119048
0
0.0107143
0
0.0047619
0.00238095
0
0
0
0
0
0
0
0.183333
0
0
0
0
0
0.00119048
0.00238095
0.00595238
0
0.0178571
0
0.00119048
0
0.0488095
0
0
0.0142857
0.00238095
0
0
0.0619048
0
0
0.00714286
0.0178571
0.00119048
0
0.0309524
0
0.00714286
0.0178571
0
0.00238095
0.00833333
0.0154762
0.0130952
0.0047619
0
0
0
0
0.025