0
0.00897868
0.010101
0.00673401
0.00673401
0.00561167
0.003367
0.003367
0.00448934
0.00561167
0.00561167
0.00112233
0.00112233
0.00112233
0.00224467
0
0.00224467
0.00224467
0.00112233
0.00112233
0
0
0
0
0
0
0
0.00112233
0.00112233
0
0
0
0
0
0
0
0.00112233
0
0
0
0
0
0
0.00224467
0
0
0
0
0
0.00112233
0
0
0
0
0
0
0
0
0
0
0
0
0
0
0.00112233
0
0
0
0
0
0
0
0
0
0
0
0.00112233
0
0.00112233
0
0
0
0
0
0
0.00112233
0
0
0
0
0
0
0
0
0
0
0
0
0
0
0
0
0
0
0
0
0
0
0
0
0
0
0
0
0
0
0
0
0
0
0
0
0.00112233
0
0
0
0
0
0.00448934
0
0
0
0
0.00112233
0
0.00112233
0
0
0.003367
0
0
0.00112233
0
0.003367
0.00112233
0.00561167
0.00224467
0.00448934
0.00224467
0.0179574
0.00897868
0.0112233
0.0190797
0.0145903
0.020202
0.026936
0.0347924
0.037037
0.0314254
0.0561167
0.00897868
0.023569
0.0482604
0.023569
0.013468
0.030303
0.010101
0.00673401
0.003367
0
0.0707071
0
0.00224467
0.00112233
0.00224467
0.00448934
0.00448934
0.003367
0.00448934
0.010101
0
0.0112233
0.00112233
0.003367
0.00561167
0.003367
0
0.00561167
0.00112233
0.00224467
0.00224467
0.00561167
0
0.00112233
0.00224467
0
0.00673401
0.00112233
0.003367
0.00224467
0.00224467
0.00112233
0.003367
0
0.00224467
0.00112233
0.003367
0
0
0
0.00112233
0.00224467
0
0.0123457
0
0.00112233
0.00112233
0.00112233
0.00112233
0.00112233
0.00448934
0.003367
0.00112233
0
0.00224467
0.00224467
0.00112233
0.00673401
0.00561167
0.00112233
0.003367
0.00224467
0.00224467
0
0.00897868
0.00448934
0.003367
0.003367
0.003367
0.00448934
0.003367
0.00673401
0.00561167
0.00112233
0.0145903
0.00561167
0.00561167
0.0112233
0.013468
0.0123457
0.0112233
0.0157127
0.0145903
0.0123457
0.0157127
0.0280584