0
0
0
0.00473684
0.00842105
0.00231579
0.000947368
0.00284211
0.000842105
0.000631579
0
0.000526316
0.000315789
0
0.000421053
0
0
0
0
0
0
0.000210526
0
0
0
0
0
0
0.000105263
0
0
0
0
0
0
0
0
0
0
0
0
0
0
0.000421053
0
0
0
0
0
0
0
0
0
0
0
0
0
0
0
0
0
0
0
0
0
0
0
0
0
0
0
0
0
0
0
0
0
0
0
0
0
0
0
0
0
0
0
0
0
0
0
0
0
0
0
0
0
0
0
0
0
0
0
0
0
0
0
0
0
0
0
0
0
0
0
0
0
0
0
0
0
0
0
0
0
0
0
0
0.000631579
0
0
0
0
0
0
0
0
0
0
0
0
0
0.000421053
0
0
0.000210526
0.000421053
0.000210526
0.000105263
0.00515789
0.000526316
0.00389474
0.00505263
0.00957895
0.0134737
0.00673684
0.0284211
0.0105263
0.0149474
0.0261053
0.000631579
0.0111579
0.0125263
0.00989474
0.00873684
0.00821053
0.00105263
0
0
0
0.217474
0
0
0
0.000105263
0.000842105
0.000736842
0.000947368
0
0.00347368
0
0.0130526
0.000526316
0.000105263
0.0543158
0
0.000210526
0.00147368
0.000631579
0
0
0.128211
0
0
0.000631579
0
0.000421053
0
0.0138947
0
0.000421053
0
0.00168421
0
0.000947368
0.000736842
0.000315789
0
0
0
0
0
0
0.0985263
0
0
0
0
0
0.000105263
0.000526316
0.000842105
0
0.00284211
0
0.00115789
0
0.00947368
0.000315789
0
0.004
0.00115789
0
0
0.0225263
0
0.000631579
0.00231579
0.00652632
0.002
0
0.0134737
0.00136842
0.00431579
0.00905263
0.00115789
0.00336842
0.014
0.0133684
0.00473684
0.00568421
0.0361053
0.0112632
0
0
0.0866316