0
0
0
0
0.00250156
0.00250156
0.000625391
0
0.000625391
0.00500313
0.000625391
0.000625391
0.000625391
0
0.000625391
0
0
0.000625391
0
0
0
0.000625391
0
0
0
0
0
0
0
0
0
0
0
0
0
0
0
0
0
0
0
0
0
0.00187617
0
0
0
0
0
0
0
0
0
0
0
0
0
0
0
0
0
0
0
0
0
0
0
0
0
0
0
0
0
0
0
0
0
0
0
0
0
0
0
0
0
0
0
0
0
0
0
0
0
0
0
0
0
0
0
0
0
0
0
0
0
0
0.000625391
0
0
0
0
0
0
0.000625391
0
0
0
0
0
0
0
0
0
0
0
0
0
0
0
0
0
0
0
0
0
0
0
0
0.000625391
0
0
0
0.00250156
0
0
0.000625391
0.00125078
0.00375235
0.00125078
0.00813008
0.00125078
0.00375235
0.00312695
0.00625391
0.0106316
0.0118824
0.0212633
0.0156348
0.0268918
0.0156348
0.00500313
0.0068793
0.0175109
0.00750469
0.00750469
0.00938086
0.00250156
0.00250156
0.000625391
0
0.188243
0
0
0.00312695
0.00375235
0.00500313
0.00437774
0.00875547
0.000625391
0.0243902
0
0.0462789
0.000625391
0.00187617
0.0637899
0
0.00125078
0.0100063
0
0.00250156
0
0.0537836
0
0.00125078
0.000625391
0
0.00375235
0.00250156
0.0293934
0
0.00500313
0.00125078
0.00312695
0.000625391
0.00375235
0.000625391
0.000625391
0
0.00187617
0
0
0
0
0.0481551
0
0
0
0.00125078
0.00187617
0.00250156
0.00437774
0.00625391
0.00250156
0.00625391
0.00125078
0.00250156
0
0.0125078
0.00500313
0
0.0068793
0.00938086
0.00312695
0
0.0168856
0.00187617
0.00813008
0.00938086
0.014384
0.00625391
0.00312695
0.0162602
0.0131332
0.00875547
0.0137586
0.00562852
0.00625391
0.0175109
0.00750469
0.00375235
0.00938086
0.00750469
0.0068793
0.00125078
0
0.0237649