0
0.0100082
0.0076292
0.00820345
0.00549631
0.00418376
0.00155865
0.00155865
0.000410172
0.00139459
0.000246103
0.00106645
0.000328138
0.000246103
0.00229696
0.000246103
0.000164069
0.000656276
0.000328138
0
8.20345e-005
0.00303527
0
8.20345e-005
0
0
0.000246103
8.20345e-005
0.00114848
0
0.000164069
0
0.000328138
0
8.20345e-005
8.20345e-005
8.20345e-005
0
0
0
0
0
0
0.00442986
0
0
0
0
0
0
8.20345e-005
8.20345e-005
0
0.000164069
0
0
0
8.20345e-005
0
0
0
0.000164069
0
0
0.000328138
0
0
8.20345e-005
0
0
0
8.20345e-005
0
0
8.20345e-005
0
0
0
0
0
0
0
0
0
0
0.00073831
0
0
0
0
0
0
0
0
0
0
0
0
0
8.20345e-005
0
0
8.20345e-005
0
0
0
0.000574241
0
0
0
0
0
0
0.000246103
0
8.20345e-005
0
8.20345e-005
8.20345e-005
8.20345e-005
0
8.20345e-005
0
0
0
0
0
0
0.00771124
0
0.000164069
0
0
0.000164069
0.000246103
0.000246103
0.000820345
0.000164069
0.00180476
0.000164069
0.000820345
8.20345e-005
0.00598851
0.0021329
0.00073831
0.00566038
0.00393765
0.00566038
0.00697293
0.0367514
0.0153404
0.0201805
0.0199344
0.0252666
0.0138638
0.0112387
0.0290402
0.00721903
0.0117309
0.0230517
0.00270714
0.00393765
0.0201805
0.011813
0.00574241
0.00607055
0.00369155
0.00123052
0.00131255
0.000410172
0.196473
0
0.000410172
0.000820345
0.00106645
0.00246103
0.00188679
0.00410172
0.00073831
0.00434783
0.000246103
0.0104184
0.00131255
0.000574241
0.0210008
0.000902379
0.000984413
0.00278917
0.000984413
0.000492207
0.000492207
0.0361772
0.000164069
0.000328138
0.000574241
0.000246103
0.00114848
0.00073831
0.00885972
8.20345e-005
0.000492207
0.000246103
0.00147662
0.000246103
0.000820345
0.00073831
0.000410172
0.000246103
0.000410172
8.20345e-005
0.000164069
0
0
0.0444627
0
0.000492207
0.000328138
0.000246103
0.000328138
0.00073831
0.000902379
0.00106645
0.000410172
0.00205086
0.000246103
0.000820345
0.000164069
0.00360952
0.00073831
0.000574241
0.0021329
0.00106645
0.000984413
0.000574241
0.0164889
0.00123052
0.00131255
0.00139459
0.00205086
0.000902379
0.00139459
0.00648072
0.00147662
0.00287121
0.00484003
0.00180476
0.00303527
0.004758
0.00566038
0.00836751
0.0097621
0.0168991
0.0195242
0.0294504
0.0335521
0.0853158