0.000816993
0.0163399
0.0334967
0.0539216
0.0408497
0.0416667
0.0277778
0.0277778
0.0245098
0.0334967
0.0155229
0.0416667
0.0375817
0.0261438
0.0392157
0.0179739
0.0245098
0.0171569
0.0302288
0.0171569
0.0253268
0.0310458
0.00980392
0.0228758
0.0220588
0.0155229
0.0212418
0.0147059
0.0187909
0.00980392
0.00816994
0.00490196
0.00816994
0.00408497
0.00408497
0.00816994
0.00490196
0.00245098
0.00245098
0.00245098
0.00245098
0
0
0.0155229
0
0
0.00163399
0.00245098
0.00163399
0.000816993
0.00163399
0.00163399
0
0.00163399
0
0.000816993
0
0.00163399
0.00245098
0
0
0
0
0
0.00326797
0
0
0
0.000816993
0.00163399
0
0
0
0.000816993
0
0
0.000816993
0
0
0
0
0
0
0
0
0.00163399
0
0
0
0
0
0
0
0
0
0
0
0
0
0
0
0
0
0
0
0.000816993
0.00163399
0.000816993
0
0
0.000816993
0.000816993
0
0
0.000816993
0
0
0.000816993
0
0
0.000816993
0.000816993
0.000816993
0.000816993
0
0.00245098
0
0
0.00163399
0
0
0
0
0
0.00245098
0.00163399
0
0
0
0.000816993
0
0
0
0
0
0
0
0
0
0
0
0.000816993
0
0
0
0
0
0
0
0.000816993
0
0
0
0
0
0
0.000816993
0
0
0
0.00326797
0
0
0
0
0
0
0
0
0
0
0
0
0
0.00163399
0
0
0.000816993
0
0
0
0
0.000816993
0
0.000816993
0
0.000816993
0.000816993
0.00163399
0.000816993
0
0
0.000816993
0.000816993
0.000816993
0
0
0
0
0
0
0
0
0.00245098
0
0.000816993
0
0
0
0.00163399
0
0
0
0
0.000816993
0
0
0.00245098
0.000816993
0.00163399
0.000816993
0.000816993
0.000816993
0.000816993
0.00163399
0
0.00163399
0.00163399
0.00163399
0.00245098
0.00163399
0.00163399
0.000816993
0.00163399
0.00326797
0.00163399
0.00408497
0.00408497
0.00326797
0.00571895
0.00653595
0.00653595
0.00326797
0.00653595
0.00898693
0.0302288