0
0
0.000505561
0.000505561
0.00556117
0.00101112
0.000505561
0.00151668
0.000505561
0.00202224
0.000505561
0.000505561
0
0.000505561
0.00252781
0.000505561
0
0
0
0
0
0.00252781
0
0
0.000505561
0
0
0
0
0
0.000505561
0
0.00101112
0
0
0
0
0
0
0
0
0
0
0.00202224
0
0
0
0
0
0
0
0
0
0
0
0
0
0
0
0
0
0
0
0
0.000505561
0
0
0
0
0
0
0
0
0
0
0
0
0
0
0
0
0
0
0
0
0
0
0
0
0
0
0
0
0
0
0
0
0
0
0
0
0
0
0
0
0
0
0
0
0
0
0
0
0
0
0
0
0
0
0
0
0
0
0
0
0
0
0
0.00101112
0
0
0
0
0
0
0.000505561
0.000505561
0
0.000505561
0
0.000505561
0
0.000505561
0
0
0.00101112
0.00303337
0.00101112
0.000505561
0.00808898
0.00252781
0.00859454
0.00960566
0.0131446
0.020728
0.0151668
0.0283114
0.0151668
0.0182002
0.0273003
0.00353893
0.00859454
0.0182002
0.0146613
0.00960566
0.0121335
0.00606673
0.00151668
0.00101112
0
0.194641
0
0
0.000505561
0.00101112
0.00252781
0.00252781
0.00353893
0.000505561
0.0146613
0
0.0323559
0.00252781
0.00202224
0.049545
0
0.00151668
0.00303337
0.00303337
0.00151668
0
0.0465116
0
0.000505561
0.00202224
0
0.00252781
0.00101112
0.0217391
0
0.00151668
0.000505561
0.00353893
0.00151668
0.00303337
0.000505561
0
0.000505561
0.00101112
0
0
0
0
0.0581395
0
0
0
0.00101112
0.000505561
0.00202224
0.00303337
0.00505561
0.00151668
0.00556117
0.000505561
0.00505561
0
0.0192113
0.00556117
0
0.00808898
0.00707786
0.00151668
0
0.0237614
0.00202224
0.00606673
0.00707786
0.0091001
0.00151668
0.00808898
0.0166835
0.00455005
0.00353893
0.0101112
0.00455005
0.00556117
0.00859454
0.0146613
0.0121335
0.0121335
0.00859454
0.0065723
0.00101112
0
0.0328615