0
0.00936768
0.00796253
0.00772834
0.00796253
0.00772834
0.00632318
0.00421546
0.00234192
0.0058548
0.00140515
0.00327869
0.00187354
0.00140515
0.00140515
0.000468384
0.000702576
0.000234192
0.000702576
0.000234192
0.000468384
0.000936768
0
0
0.000468384
0
0
0.000234192
0.000234192
0
0
0
0.000234192
0.000234192
0.000234192
0
0
0
0.000234192
0
0
0
0
0.00187354
0
0
0
0
0
0
0
0.000234192
0
0
0
0.000234192
0
0
0
0
0
0
0
0
0.000234192
0
0
0
0
0
0
0
0
0
0
0
0
0
0
0
0
0
0
0
0
0
0
0
0
0
0
0
0
0
0.000234192
0
0
0
0
0
0
0
0
0
0
0
0.000468384
0
0
0
0
0
0
0
0
0.000234192
0
0.000234192
0
0
0
0
0
0
0
0.000234192
0
0
0.00187354
0
0
0.000234192
0
0.000468384
0
0
0.000234192
0.000702576
0.000702576
0.000702576
0.000468384
0.000702576
0.0030445
0.0028103
0.00117096
0.00491803
0.00444965
0.00468384
0.00374707
0.0196721
0.00913349
0.0187354
0.012178
0.0213115
0.0156909
0.0100703
0.0290398
0.00398126
0.00632318
0.0227166
0.00234192
0.0030445
0.0159251
0.00538642
0.00421546
0.00351288
0.00327869
0.00140515
0.00187354
0.000234192
0.277283
0
0.000702576
0.00210773
0.00187354
0.00163934
0.00140515
0.00187354
0.00140515
0.00538642
0
0.0185012
0.00140515
0.00187354
0.0456674
0.000234192
0.000468384
0.00234192
0.00140515
0.000702576
0
0.0419204
0
0.000468384
0.00140515
0.000234192
0.00140515
0.000234192
0.0145199
0
0.000936768
0
0.00117096
0.000702576
0.000234192
0.00140515
0.000234192
0.000468384
0.000702576
0
0.000468384
0.000234192
0
0.0266979
0
0
0.000234192
0.000468384
0.000468384
0.000468384
0
0.00140515
0.000702576
0.000702576
0.000468384
0.000468384
0
0.00468384
0.000702576
0.000234192
0.00163934
0.000702576
0.00210773
0.000702576
0.00866511
0.00163934
0.00117096
0.00117096
0.00140515
0.00140515
0.00140515
0.0058548
0.00327869
0.00421546
0.00398126
0.00421546
0.00421546
0.0105386
0.00702576
0.00772834
0.00866511
0.0100703
0.0135831
0.0201405
0.0299766
0.0543326