0
0
0
0.000481
0.0002405
0.000481
0
0.0002405
0
0.0002405
0
0.0002405
0
0
0.000721501
0.0002405
0.0002405
0
0.000481
0
0
0.0012025
0
0
0
0
0.000481
0.0002405
0
0
0
0
0
0
0
0
0
0
0
0
0
0
0
0.0016835
0
0
0
0
0
0
0
0
0
0
0
0
0
0
0
0
0
0
0
0
0
0
0
0
0
0
0
0
0
0
0
0
0
0
0
0
0
0
0
0
0
0
0
0
0
0
0
0
0
0
0
0
0
0
0
0
0
0
0
0
0
0
0
0
0
0
0
0
0
0.0002405
0
0.0002405
0
0
0
0
0
0
0
0
0
0
0
0
0.002886
0
0
0
0
0
0
0
0.0002405
0
0.0002405
0
0.000721501
0
0.0012025
0
0.000721501
0.0012025
0.001443
0.001443
0.0002405
0.00962001
0.00673401
0.00793651
0.015392
0.0199615
0.022126
0.029822
0.041847
0.0334295
0.0281385
0.0315055
0.00817701
0.00937951
0.0214045
0.013468
0.010582
0.011544
0.00625301
0.003367
0.002405
0
0.122174
0
0.0002405
0.000962001
0.0021645
0.0031265
0.001443
0.00529101
0.0012025
0.00721501
0
0.00745551
0.0026455
0.000721501
0.022607
0.0002405
0.0002405
0.0040885
0.000962001
0.000962001
0
0.0529101
0
0
0.001924
0
0.0031265
0.001924
0.0156325
0
0.001443
0
0.00505051
0
0.0021645
0.0016835
0.000721501
0.000962001
0.0002405
0
0
0
0
0.0759981
0
0
0
0
0.0016835
0.001443
0.0026455
0.003848
0.0002405
0.00601251
0
0.0021645
0
0.013949
0.0021645
0
0.00601251
0.00625301
0.000481
0
0.034151
0
0.0045695
0.00529101
0.0113035
0.00649351
0.001924
0.020202
0.00721501
0.0113035
0.0117845
0.0026455
0.00721501
0.0161135
0.0180375
0.0146705
0.00889851
0.0108225
0.0204425
0.00529101
0
0.036075