0
0
0
0
0
0
0.0010101
0.0010101
0
0
0
0.0030303
0
0
0.0010101
0
0
0
0.0010101
0
0
0
0
0
0
0
0
0
0
0
0
0
0
0
0
0
0
0
0
0
0
0
0
0
0
0
0
0
0
0
0
0
0
0
0
0
0
0
0
0
0
0
0
0
0
0
0
0
0
0
0
0
0
0
0
0
0
0
0
0
0
0
0
0
0
0
0
0
0
0
0
0
0
0
0
0
0
0
0
0
0
0
0
0
0
0
0
0
0
0
0
0
0
0
0
0
0
0
0
0
0
0
0
0
0
0
0
0
0
0
0
0
0
0
0
0
0
0
0.0010101
0
0
0
0.0020202
0
0
0.0010101
0.0020202
0
0
0.0040404
0
0.0010101
0.0020202
0.0010101
0
0.0010101
0.00606061
0.0020202
0.00707071
0.0111111
0.0010101
0.00707071
0.00808081
0.00808081
0.0020202
0.0131313
0.00707071
0.0020202
0
0
0.0737374
0
0
0
0
0.0020202
0.00707071
0.0030303
0
0.00909091
0
0.0181818
0.00505051
0
0.0939394
0
0.0010101
0.00505051
0.0030303
0
0
0.178788
0
0
0.0010101
0
0.0020202
0.0010101
0.0484848
0
0.0010101
0
0.00606061
0
0.0010101
0.0020202
0.0010101
0
0
0
0
0
0
0.192929
0
0
0
0
0
0
0.0010101
0.0040404
0
0.00808081
0
0.0010101
0
0.0272727
0.0010101
0
0.0131313
0.00707071
0
0
0.0434343
0
0.0020202
0.0121212
0.0111111
0.0040404
0
0.0252525
0
0.0181818
0.0131313
0
0.0010101
0.00808081
0.00808081
0.0131313
0.00505051
0
0
0
0
0.0191919