0
0
0.00388027
0.00332594
0.00443459
0.00332594
0.00110865
0.00388027
0.000554324
0.00221729
0
0.00166297
0.00110865
0.00110865
0.00110865
0.00166297
0.00110865
0
0.000554324
0
0.000554324
0.00166297
0
0
0
0
0
0
0
0
0.000554324
0.000554324
0
0
0.000554324
0
0.000554324
0
0
0
0
0
0
0.000554324
0
0
0
0
0
0
0
0
0
0
0
0
0
0
0
0
0
0
0
0
0
0
0
0
0
0
0
0
0
0
0.000554324
0
0
0
0
0
0
0
0
0
0
0
0
0
0
0
0
0
0
0
0.000554324
0
0
0
0
0
0
0
0
0
0
0
0
0
0
0
0
0
0
0.00110865
0
0
0
0
0
0
0
0
0
0
0
0
0
0
0
0
0
0
0.000554324
0
0
0
0.000554324
0
0.00110865
0
0.00110865
0
0.00166297
0.00221729
0.00221729
0.00277162
0.00388027
0.00498891
0.00277162
0.0160754
0.00665188
0.0149667
0.0177384
0.0282705
0.0238359
0.0227273
0.0299335
0.02051
0.0299335
0.0199557
0.00609756
0.00997783
0.0315965
0.0160754
0.0138581
0.0155211
0.0110865
0.00110865
0.000554324
0
0.201774
0
0.000554324
0.00166297
0.00277162
0.00776053
0.0094235
0.0110865
0.00110865
0.0243902
0
0.0371397
0.00166297
0.000554324
0.0166297
0
0.00166297
0.0105322
0.00110865
0.000554324
0
0.0149667
0
0.00221729
0.00388027
0
0.00332594
0
0.00776053
0
0.00166297
0.000554324
0.00443459
0
0.00221729
0.00166297
0.00221729
0.000554324
0
0.00110865
0
0
0
0.0138581
0
0
0.00110865
0.00110865
0.00110865
0.00221729
0.00277162
0.00388027
0.00110865
0.00277162
0.000554324
0.00166297
0
0.00609756
0.00388027
0
0.00886918
0.00554324
0.000554324
0
0.00720621
0.00166297
0.00498891
0.00443459
0.00498891
0.00277162
0.00388027
0.00554324
0.00443459
0.00720621
0.0094235
0.00277162
0.00277162
0.0121951
0.0133038
0.00720621
0.00665188
0.0254989
0.00609756
0.0138581
0
0.02051