0
0
0
0
0.00778643
0.0111235
0.00111235
0.00444939
0
0.00444939
0
0
0.00222469
0
0
0
0
0
0
0
0
0
0
0
0
0
0
0
0
0
0
0
0
0
0
0
0
0
0
0
0
0
0
0.00111235
0
0
0
0
0
0
0
0
0
0
0
0
0
0
0
0
0
0
0
0
0.00111235
0
0
0
0
0
0
0
0
0
0
0
0
0
0
0
0
0
0
0
0
0
0
0
0
0
0
0
0
0
0
0
0
0
0
0
0
0
0
0
0
0
0
0
0
0
0
0
0
0
0
0
0
0
0
0
0
0
0
0
0
0
0
0
0.00111235
0
0
0
0
0
0
0
0.00111235
0
0.00111235
0
0.00111235
0
0.00111235
0.00111235
0
0.00111235
0
0
0
0.00222469
0
0.00111235
0.00111235
0.00444939
0.00111235
0.00111235
0.00889878
0.00222469
0.00667408
0.0177976
0
0.00222469
0.00222469
0.00222469
0.00667408
0.00667408
0
0
0
0
0.120133
0
0
0.00111235
0.00222469
0.00333704
0.00333704
0.00889878
0
0.0122358
0.00111235
0.0266963
0.00111235
0.00111235
0.12792
0
0.00111235
0.00111235
0.00222469
0
0
0.0923248
0
0
0.00444939
0
0.00222469
0
0.0422692
0
0
0
0.00333704
0
0.00111235
0.00222469
0
0
0
0
0
0
0
0.0723026
0
0
0
0
0
0.00222469
0.00222469
0.00444939
0
0.0111235
0
0
0
0.0155729
0.00111235
0
0.00889878
0.00444939
0
0
0.0467186
0
0.00222469
0.0155729
0.0100111
0.00222469
0
0.0155729
0.00111235
0.00667408
0.0155729
0.00111235
0.00667408
0.0155729
0.0222469
0.00889878
0.0200222
0.0344828
0.00444939
0
0
0.0789766