0
0
0
0.000819001
0.00819001
0.003276
0
0.000819001
0.001638
0.004095
0.001638
0.001638
0
0.000819001
0.000819001
0
0
0.000819001
0
0
0
0
0
0
0
0
0
0
0
0
0
0
0
0
0
0
0
0
0
0
0
0
0
0
0
0
0
0
0
0
0
0
0
0
0
0
0
0
0
0
0
0
0
0
0
0
0
0
0
0
0
0
0
0
0
0
0
0
0
0
0
0
0
0
0
0
0
0
0
0
0
0
0
0
0
0
0
0
0
0
0
0
0
0
0
0
0
0
0
0
0
0
0
0.000819001
0
0
0
0
0
0
0
0
0
0
0
0
0
0
0
0
0
0
0
0
0
0
0
0
0
0
0
0
0.001638
0
0
0.000819001
0.001638
0
0
0.002457
0
0.002457
0.000819001
0.003276
0.000819001
0
0.00573301
0.000819001
0.002457
0.011466
0
0.001638
0.004095
0.002457
0.00900901
0.00819001
0.000819001
0
0
0
0.187551
0
0
0
0
0.004095
0.001638
0.004095
0
0.010647
0
0.033579
0.004914
0.000819001
0.0868141
0
0
0.00655201
0.002457
0.000819001
0
0.126126
0
0
0.000819001
0
0.004095
0.000819001
0.027846
0
0
0
0.00655201
0
0.003276
0.001638
0.000819001
0
0
0
0
0
0
0.0819001
0
0
0
0
0
0.000819001
0.000819001
0.003276
0
0.00982801
0
0.002457
0
0.015561
0.000819001
0
0.00900901
0.002457
0
0
0.028665
0
0.000819001
0.00573301
0.011466
0.001638
0.000819001
0.018018
0.001638
0.010647
0.017199
0
0.004914
0.022113
0.00655201
0.010647
0.026208
0.019656
0.013104
0
0
0.0712531