0
0.0135747
0.0128205
0.0354449
0.046003
0.0475113
0.0505279
0.0377074
0.0309201
0.0399698
0.0482655
0.0731523
0.0565611
0.0361991
0.0512821
0.025641
0.0218703
0.0226244
0.0316742
0.0165913
0.0188537
0.0279035
0.00980392
0.0143288
0.00754148
0.00829563
0.00603318
0.0015083
0.00980392
0.00301659
0.00301659
0.00452489
0.00452489
0.00452489
0.00452489
0.00377074
0.00301659
0.00452489
0.00301659
0.0015083
0.0015083
0.0015083
0
0.0173454
0
0.0015083
0.00226244
0.000754148
0
0
0.000754148
0
0
0.0015083
0
0.000754148
0
0.00301659
0.000754148
0
0
0.0015083
0
0
0.000754148
0
0
0.000754148
0.0015083
0
0
0.000754148
0
0
0.00226244
0
0
0.000754148
0.000754148
0
0.0015083
0
0
0
0
0.00226244
0
0
0
0
0.000754148
0
0
0
0
0
0.000754148
0
0
0.000754148
0
0
0
0
0
0
0.000754148
0
0
0
0
0
0
0
0
0.000754148
0
0
0
0.000754148
0.000754148
0
0.000754148
0
0
0
0
0
0.0015083
0
0.000754148
0
0
0
0
0
0
0
0
0
0
0
0.000754148
0
0
0
0
0
0
0
0
0
0.000754148
0
0
0
0
0
0.000754148
0
0.000754148
0
0.000754148
0
0
0
0
0
0
0
0.0015083
0
0
0
0
0
0
0
0
0
0
0
0
0
0
0.000754148
0
0
0
0
0
0.000754148
0
0
0
0
0
0
0
0
0
0
0
0
0
0
0
0
0
0
0
0
0
0
0
0
0
0
0
0
0.000754148
0.000754148
0.000754148
0.000754148
0
0
0
0.000754148
0
0.000754148
0.0015083
0.000754148
0
0
0.000754148
0
0.000754148
0.000754148
0.0015083
0
0.000754148
0.0015083
0.00226244
0.0015083
0.00452489
0.000754148
0.00377074
0.00527903
0.00377074
0.00678733
0.0015083
0.00678733
0.00527903
0.00527903
0.00377074
0.0339367