0
0.00440176
0.010004
0.0212085
0.0380152
0.0472189
0.0452181
0.0496198
0.0364146
0.0492197
0.0208083
0.0280112
0.0180072
0.0168067
0.0280112
0.0132053
0.0128051
0.0128051
0.0252101
0.0144058
0.00920368
0.0488195
0.00080032
0.00880352
0.0264106
0.00240096
0.0252101
0.0116046
0.0340136
0.00160064
0.0156062
0.00160064
0.0236094
0.00080032
0.0212085
0.012405
0.00280112
0.00040016
0.00080032
0
0
0
0
0.109244
0
0
0
0.00040016
0.00040016
0.00520208
0.00880352
0.0148059
0
0.0228091
0
0.00240096
0
0.017607
0.00040016
0
0.00760304
0.00240096
0
0
0.0172069
0
0
0.00120048
0.00440176
0
0
0.00880352
0
0
0.00320128
0
0
0.00080032
0.00080032
0
0
0
0
0
0
0.0060024
0
0
0
0
0
0
0
0
0
0
0.00040016
0
0
0.00080032
0
0
0.00080032
0
0
0
0.00080032
0
0
0
0
0
0
0
0
0
0
0
0
0
0
0
0
0
0
0
0
0
0.00040016
0
0
0
0
0
0
0
0
0
0
0
0
0
0.00040016
0
0
0
0
0
0
0
0
0
0
0
0
0
0.00120048
0
0
0
0
0
0
0
0
0
0
0
0
0
0.00120048
0
0
0
0
0
0
0
0
0
0
0
0
0
0
0
0
0
0
0
0
0.00040016
0
0
0
0
0
0
0
0
0
0
0
0
0
0
0
0
0
0
0
0
0
0
0
0
0
0
0
0
0
0
0
0
0
0
0
0
0
0
0
0
0
0
0
0
0
0
0
0
0
0.00080032
0
0
0
0
0
0
0
0
0.00040016
0.00040016
0.00040016
0.00040016
0.00040016
0.0168067