0
0.0195652
0.0130435
0.0195652
0.0391304
0.023913
0.0565217
0.0369565
0.0456522
0.0391304
0.0347826
0.0347826
0.0282609
0.0586957
0.026087
0.0543478
0.0652174
0.0652174
0.0608696
0.023913
0.026087
0.0304348
0.00869565
0.0173913
0.00652174
0.00869565
0.00217391
0.00869565
0.00869565
0.00434783
0.00869565
0
0.00217391
0
0.00217391
0.00217391
0.00217391
0.00217391
0
0
0
0
0
0.00869565
0
0
0
0.00217391
0
0
0.00434783
0
0
0
0
0
0
0
0
0
0
0
0
0
0
0
0
0
0
0
0
0.00217391
0
0
0
0
0
0
0
0
0
0
0
0
0
0.00434783
0
0
0
0
0
0
0
0
0
0
0.00217391
0
0
0.00217391
0
0
0
0
0
0.00217391
0
0
0
0
0
0
0
0
0
0
0
0
0
0
0
0
0
0
0
0
0
0
0.00217391
0
0
0
0
0
0
0
0
0.00217391
0
0
0
0
0
0.00217391
0
0
0
0
0
0
0
0
0.00217391
0
0.00217391
0
0
0
0
0
0
0
0
0
0
0
0
0
0
0
0.00217391
0
0
0
0
0
0.00217391
0
0
0
0
0
0
0
0
0
0
0
0
0
0
0
0
0
0
0
0
0
0
0
0
0
0
0
0
0
0
0
0
0
0
0
0
0
0
0
0
0
0
0
0
0
0
0
0
0
0
0
0
0
0.00434783
0
0
0.00217391
0.00217391
0.00217391
0
0
0
0
0.00217391
0
0
0
0.00217391
0
0
0.00217391
0.00434783
0.00652174
0.00217391
0.00652174
0.00652174
0.00217391
0.00652174
0.0173913