0
0.00626566
0.0075188
0.00689223
0.0125313
0.0137845
0.0275689
0.0357143
0.0369674
0.0494987
0.0432331
0.0582707
0.0463659
0.0451128
0.0488722
0.0307018
0.0338346
0.0338346
0.0238095
0.0244361
0.0194236
0.023183
0.00626566
0.0137845
0.0093985
0.0100251
0.0119048
0.0112782
0.0181704
0.0106516
0.0100251
0.014411
0.0125313
0.0263158
0.0100251
0.00626566
0.00877193
0.00125313
0.00313283
0.00626566
0.00250627
0
0
0.0119048
0
0
0.0018797
0
0.000626566
0.000626566
0
0
0.000626566
0
0
0.00125313
0
0.0018797
0.000626566
0
0.00125313
0.000626566
0
0
0.000626566
0
0
0
0
0.000626566
0
0.00125313
0
0.000626566
0.000626566
0
0.000626566
0.0018797
0.000626566
0
0
0.00125313
0
0
0
0.0037594
0
0
0
0
0
0
0
0
0.000626566
0
0.00125313
0
0
0
0
0
0
0
0
0
0.000626566
0
0
0.000626566
0
0
0
0.000626566
0
0.000626566
0
0.000626566
0
0
0
0.00125313
0
0
0
0
0
0
0.00689223
0
0
0.000626566
0.000626566
0.00125313
0.00125313
0.000626566
0.00501253
0.000626566
0.0018797
0.00125313
0.0018797
0.00125313
0.00125313
0.00250627
0.0018797
0.00250627
0.00250627
0.00125313
0.0018797
0.00438596
0.0018797
0.00125313
0.00125313
0.000626566
0.00125313
0
0.0018797
0
0.0018797
0.00125313
0.00125313
0
0.000626566
0
0
0.00125313
0
0
0
0
0.00250627
0
0
0
0
0
0.000626566
0
0
0
0.000626566
0
0
0
0.00125313
0
0
0
0
0.000626566
0
0.000626566
0
0
0
0
0.00125313
0
0.00125313
0
0
0
0.00125313
0
0.000626566
0
0.000626566
0
0
0.000626566
0.000626566
0
0
0.0018797
0
0
0.000626566
0
0
0.00125313
0.000626566
0
0
0
0
0.000626566
0
0.000626566
0.0018797
0.000626566
0.000626566
0
0.000626566
0
0.0018797
0.00125313
0.000626566
0.00125313
0.0018797
0
0.00250627
0.0037594
0.00313283
0.00125313
0.0018797
0.00125313
0.00313283
0.0037594
0.00313283
0.000626566
0.0018797
0.00250627
0.00313283
0.0018797
0.00125313
0.0200501