0
0.0131519
0.0303855
0.0444444
0.0480726
0.0312925
0.0380952
0.0353741
0.0263039
0.0639456
0.0403628
0.062585
0.0326531
0.0281179
0.045805
0.0190476
0.0199546
0.0263039
0.0249433
0.0113379
0.00725624
0.0399093
0.0031746
0.00589569
0.01678
0.00680272
0.0117914
0.00453515
0.00634921
0.00136054
0.00136054
0.000907029
0.0031746
0.00226757
0.0031746
0.00408163
0.00226757
0.00226757
0.00136054
0.000453515
0.000453515
0
0
0.0176871
0
0.000907029
0.000453515
0.000907029
0.00136054
0.00226757
0.00272109
0.00181406
0.00136054
0.0031746
0.000907029
0.0031746
0.000453515
0.00362812
0.000453515
0
0
0.000907029
0
0
0.00136054
0
0
0
0.000453515
0.000453515
0
0.000453515
0
0.000453515
0.000453515
0
0
0.000453515
0.00136054
0
0
0
0
0
0
0.00725624
0
0
0
0
0.000453515
0
0.000453515
0.000453515
0.00181406
0
0.00181406
0
0.000453515
0.000907029
0
0.000453515
0.00136054
0.000453515
0.000907029
0
0.00136054
0
0
0.00181406
0
0.000907029
0.00136054
0.0031746
0.000907029
0.000907029
0.000453515
0.00181406
0.000453515
0.000907029
0.000907029
0.000907029
0
0.000907029
0.000907029
0.000453515
0
0
0.00861678
0
0.000453515
0.00136054
0.000907029
0.000907029
0
0
0.000453515
0.000453515
0.000907029
0
0.000453515
0
0.000453515
0.00136054
0.000453515
0.000907029
0.00181406
0.000453515
0.000453515
0.00136054
0
0.000453515
0
0.000453515
0.000453515
0
0.00181406
0.000453515
0
0
0
0.000453515
0
0
0
0
0
0
0
0
0.000907029
0
0
0
0.000453515
0
0
0
0.000453515
0.000907029
0
0
0
0
0
0
0
0.00136054
0
0.000453515
0
0.00181406
0
0
0.000453515
0
0.000907029
0
0.000453515
0
0.000453515
0.000907029
0.000453515
0.000453515
0.000453515
0.000453515
0
0
0
0
0
0
0
0.00544218
0
0
0
0
0.000453515
0.000453515
0
0.000453515
0
0.000907029
0.000907029
0.000453515
0.00136054
0.000907029
0.000907029
0.000453515
0.00136054
0
0.000453515
0
0.00181406
0.000453515
0
0.000907029
0.000907029
0.000907029
0.00181406
0.00226757
0.00181406
0.00272109
0.000907029
0.00136054
0.00272109
0.0031746
0.00272109
0.00226757
0.00589569
0.00226757
0.0031746
0.00498866
0.00453515
0.0503401