0
0.000454925
0.000834028
0.00250209
0.00326029
0.0021988
0.00356358
0.00500417
0.00386686
0.0106149
0.00955342
0.0170597
0.0264614
0.0337402
0.0398817
0.0461748
0.0517856
0.0392752
0.0289635
0.0222913
0.0180453
0.0304799
0.00796118
0.0175146
0.0163015
0.00955342
0.0185761
0.0134961
0.0200167
0.0062173
0.0121313
0.00743043
0.0150883
0.0106907
0.0109182
0.0140268
0.00871939
0.00697551
0.00705133
0.00606566
0.00227462
0.000454925
0
0.0696793
0.000379104
0.00136477
0.00197134
0.00356358
0.00348775
0.00417014
0.00500417
0.00576238
0.00250209
0.00394268
0.00098567
0.00303283
0.000454925
0.0058382
0.00189552
0.000303283
0.00318447
0.00212298
0.000454925
0
0.00773372
0.000682387
0.000909849
0.00121313
0.00098567
0.000834028
0.000682387
0.00272955
0.000682387
0.00098567
0.00189552
0.000227462
0.000379104
0.00128895
0.000758208
0.000606566
0.000682387
0.000530745
7.58208e-005
0.000303283
0
0.00689969
0
0.000454925
0.000379104
0.000909849
0.000530745
0.000606566
0.000379104
0.000682387
0.000909849
0.000151642
0.00136477
0.000834028
0.000682387
0.00166806
0.000682387
0.000530745
0.00098567
0.000454925
0.000379104
0.000379104
0.0018197
7.58208e-005
0.000227462
0.00098567
0.000227462
0.000758208
0.000758208
0.00159224
0.000379104
0.000758208
0.000227462
0.00098567
0.000454925
0.000909849
0.000530745
0.000606566
0.00121313
0.000758208
0.000758208
0.000303283
0.000682387
7.58208e-005
0.0103116
0.000379104
0.000834028
0.000606566
0.000834028
0.000758208
0.00136477
0.00098567
0.00113731
0.000303283
0.00098567
0.000909849
0.000834028
0.000454925
0.00136477
0.000530745
0.000303283
0.000834028
0.00151642
0.000151642
0.000379104
0.00159224
0.000530745
0.000530745
0.000909849
0.000758208
0.000758208
0.000758208
0.000758208
0.000682387
0.000606566
0.000758208
0.000379104
0.000454925
0.000530745
0.00113731
0.000379104
0.000530745
0.000379104
0.000454925
0.000151642
0.000606566
0.00371522
7.58208e-005
0.000303283
0.000454925
0.000530745
0.000454925
0.000454925
0.000303283
0.000454925
0.000682387
0.000151642
0.000606566
0.000379104
0.000454925
0.000758208
0.000151642
0.000227462
0.000379104
0.000530745
0.000227462
0
0.00166806
0
0.000454925
0.000227462
0
0.000227462
0.000303283
0.000606566
0
0.000151642
0.000151642
0.000606566
7.58208e-005
0.000379104
7.58208e-005
0.000151642
0.000151642
7.58208e-005
0
0
0
0
0.0036394
0
7.58208e-005
0.000227462
7.58208e-005
0.000151642
0.000303283
0.000151642
0.000303283
7.58208e-005
0.000379104
0
0.000151642
0
0.000682387
0.000151642
7.58208e-005
0.000303283
0.000454925
0.000227462
0.000151642
0.00189552
0.000227462
0.000379104
0.000303283
0.000758208
0.000454925
0.000303283
0.00128895
7.58208e-005
0.000530745
0.00098567
0.000151642
0.000379104
0.000682387
0.00106149
0.000758208
0.000682387
0.000606566
0.000379104
0.000758208
0.000151642
0.136856