0
0.000740741
0.00148148
0.00185185
0.00296296
0.00259259
0.0037037
0.00444444
0.00407407
0.00777778
0.00962963
0.0107407
0.0240741
0.0211111
0.0348148
0.0377778
0.0466667
0.0414815
0.0451852
0.0455556
0.0437037
0.0544444
0.017037
0.0396296
0.0344444
0.0162963
0.0255556
0.0255556
0.0259259
0.00851852
0.0140741
0.00740741
0.0103704
0.00740741
0.00592593
0.00592593
0.0062963
0.00333333
0.00592593
0.00444444
0.00148148
0.00037037
0
0.0522222
0.000740741
0.000740741
0.00296296
0.00259259
0.00592593
0.00185185
0.00333333
0.00407407
0.00148148
0.0037037
0.00037037
0.00111111
0.00037037
0.00148148
0.00111111
0.000740741
0.00407407
0.00111111
0
0
0.0037037
0.00037037
0
0.00111111
0.00037037
0.000740741
0.00037037
0.00148148
0
0.00037037
0.000740741
0.00037037
0.00037037
0
0.00111111
0
0.00037037
0
0
0
0
0.00222222
0
0
0
0
0
0
0.00111111
0
0
0.00037037
0.00037037
0
0.000740741
0.000740741
0
0.000740741
0.000740741
0
0
0.00037037
0
0
0.00037037
0.00037037
0
0.000740741
0
0.000740741
0.00037037
0
0
0.00037037
0
0.000740741
0
0.00037037
0
0.000740741
0
0
0
0
0.0114815
0
0.00037037
0
0.00037037
0.00037037
0.00037037
0
0
0.00037037
0.00037037
0
0.00037037
0.00037037
0.00037037
0.00037037
0.00037037
0.00111111
0
0.00037037
0.00037037
0.00037037
0
0
0.00037037
0
0
0.00037037
0
0.000740741
0
0.00037037
0.000740741
0
0
0
0.00037037
0
0.00037037
0.00037037
0
0
0.000740741
0
0
0
0
0.000740741
0
0.000740741
0
0.00111111
0.00037037
0
0
0.00037037
0.00037037
0
0
0
0.00037037
0
0.00037037
0.00037037
0
0
0
0.000740741
0
0.00037037
0.00037037
0
0
0.00037037
0.00037037
0
0
0
0.00037037
0
0
0
0
0
0
0.00222222
0.00037037
0
0
0
0
0
0
0.00037037
0
0.00037037
0
0
0.00037037
0.00037037
0
0
0
0
0.00037037
0
0.000740741
0
0
0
0.00037037
0.00037037
0.000740741
0.000740741
0.00037037
0
0.00111111
0.00037037
0.000740741
0.00037037
0.000740741
0.00037037
0.00111111
0.000740741
0.000740741
0
0.00037037
0.131481