0
0.00371172
0.00989793
0.0123724
0.013919
0.0201052
0.02691
0.0445407
0.0535107
0.0658831
0.0433034
0.0405196
0.0306217
0.0287659
0.031859
0.0250541
0.0222703
0.0235076
0.0210331
0.0185586
0.0154655
0.0256728
0.00804207
0.0114445
0.0123724
0.00525827
0.00989793
0.00866069
0.0133003
0.00371172
0.00680483
0.00433034
0.00711414
0.0105165
0.00649551
0.0061862
0.00680483
0.00340241
0.00371172
0.00340241
0.00061862
0.00061862
0
0.0222703
0.00030931
0.00030931
0.00030931
0.00123724
0.00123724
0.00123724
0.00185586
0.000927931
0.00061862
0.00185586
0.00061862
0.000927931
0
0.00154655
0.00123724
0
0.00185586
0.00123724
0.00030931
0
0.00216517
0
0
0
0.00061862
0
0
0.00216517
0
0.000927931
0.000927931
0
0
0.00061862
0.00030931
0.00030931
0.00030931
0
0.00030931
0
0
0.00433034
0
0
0.00030931
0.00030931
0.00030931
0
0
0
0.00154655
0.00030931
0.00154655
0.000927931
0.00030931
0.00185586
0.00030931
0.00030931
0.00030931
0.00030931
0
0
0.00371172
0
0
0.000927931
0
0.000927931
0.00030931
0.00216517
0
0.00030931
0
0.000927931
0.00030931
0.00030931
0.00061862
0.000927931
0
0.000927931
0
0
0
0
0.0120631
0.00154655
0.00030931
0.00123724
0.00154655
0.00216517
0.00278379
0.00216517
0.00247448
0.000927931
0.00185586
0.00216517
0.00216517
0.00185586
0.00247448
0.00185586
0.00185586
0.00154655
0.000927931
0.00030931
0.00185586
0.00340241
0.00061862
0.00154655
0.00123724
0.00030931
0.00123724
0.00123724
0.00278379
0.00030931
0.00030931
0.000927931
0
0.000927931
0.00123724
0.00030931
0.00061862
0
0.00061862
0
0
0
0.00216517
0
0
0
0.00030931
0
0
0.00123724
0.00030931
0.00061862
0.00061862
0.00123724
0.00061862
0
0.00185586
0
0
0
0
0.00030931
0
0.00030931
0
0
0.00061862
0
0.00030931
0.00030931
0.00247448
0.00030931
0.00030931
0.00030931
0
0.000927931
0.00030931
0.00123724
0.00030931
0.00030931
0.00030931
0
0.00030931
0
0
0.00463965
0.00030931
0.00030931
0.00030931
0
0
0.00030931
0
0.00061862
0.00030931
0.00154655
0.00030931
0.000927931
0.00030931
0.00123724
0.00061862
0
0.00154655
0.00154655
0.00061862
0.00061862
0.00402103
0.000927931
0.000927931
0
0.00154655
0.00154655
0.00061862
0.00463965
0.00154655
0.00216517
0.0030931
0.00061862
0.0030931
0.00371172
0.00340241
0.000927931
0.00216517
0.00433034
0.00525827
0.00247448
0.00278379
0.0683576