0
0.0322581
0.0387097
0.0322581
0.0331797
0.0304147
0.0230415
0.0193548
0.0119816
0.0184332
0.0101382
0.0175115
0.0101382
0.00645161
0.0221198
0.00368664
0.00921659
0.00645161
0.00829493
0.00368664
0.000921659
0.0672811
0
0.00184332
0.00368664
0.000921659
0.00645161
0.000921659
0.0423963
0
0.00184332
0.000921659
0.00829493
0
0.00737327
0.00276498
0.000921659
0
0
0.000921659
0.000921659
0
0
0.146544
0
0
0.000921659
0
0
0
0.000921659
0.00276498
0
0.00368664
0
0
0
0.00552995
0
0
0.00184332
0
0
0
0.0101382
0
0.000921659
0.000921659
0.000921659
0
0
0.00184332
0
0
0
0
0
0.000921659
0
0
0
0
0
0
0
0.0156682
0
0
0
0
0
0
0
0
0
0
0
0.000921659
0
0
0
0.000921659
0.000921659
0
0
0
0.00460829
0
0
0
0
0
0
0.00184332
0
0.000921659
0.000921659
0
0
0.000921659
0.000921659
0
0
0
0
0
0
0
0.0119816
0
0.000921659
0
0.000921659
0
0
0
0
0
0
0
0
0
0.00276498
0
0
0
0.00184332
0
0
0.00460829
0
0
0
0.000921659
0
0
0.000921659
0
0
0.000921659
0
0
0
0
0.000921659
0
0
0
0
0
0.00276498
0
0
0
0.000921659
0
0.000921659
0
0
0.000921659
0
0.00184332
0
0
0.00276498
0
0
0
0
0
0
0.000921659
0
0
0
0
0
0.000921659
0
0
0.000921659
0
0.00184332
0
0.000921659
0
0.000921659
0.000921659
0
0.000921659
0
0
0
0.0119816
0
0
0
0.000921659
0
0
0
0.000921659
0
0
0
0
0
0
0
0.000921659
0.00184332
0
0.000921659
0.000921659
0.00460829
0.000921659
0.00276498
0
0.00184332
0.000921659
0.000921659
0.00368664
0.00184332
0.00184332
0.00276498
0.00276498
0.00552995
0.00368664
0.00552995
0.00276498
0.00829493
0.00829493
0.00552995
0.0119816
0.00645161
0.16129