0
0.0183599
0.0385557
0.0373317
0.0324357
0.0183599
0.0257038
0.0214198
0.0208078
0.0214198
0.00979192
0.0208078
0.00673195
0.00917993
0.0318237
0.0134639
0.00489596
0.0134639
0.00917993
0.00734394
0.00183599
0.0722154
0
0.00183599
0.00244798
0.000611995
0.0104039
0.00428397
0.0483476
0.000611995
0.00367197
0.000611995
0.0128519
0.00122399
0.00428397
0.00550796
0.00244798
0.00428397
0.000611995
0.000611995
0
0
0
0.189718
0
0.000611995
0
0
0.000611995
0.00122399
0.000611995
0.00550796
0
0.00305998
0
0.00122399
0
0.00489596
0.000611995
0
0.00367197
0.000611995
0
0
0.0269278
0
0
0.000611995
0.00305998
0
0
0.00367197
0
0
0.000611995
0
0
0.00183599
0
0.000611995
0
0
0
0
0
0.0195838
0
0
0
0
0
0
0
0
0.00122399
0
0
0
0
0.00305998
0
0
0.000611995
0
0
0
0.00183599
0
0
0
0.000611995
0
0.000611995
0.00183599
0
0.00122399
0
0
0
0.000611995
0.00122399
0
0
0
0
0
0
0
0.0104039
0
0.000611995
0
0
0
0
0
0.00122399
0
0.00122399
0
0
0
0.00305998
0.000611995
0.000611995
0.00122399
0
0.000611995
0
0.00122399
0
0
0
0
0
0
0.00122399
0
0
0.00183599
0
0
0
0.00122399
0
0
0
0
0
0
0.00795594
0
0.000611995
0.000611995
0
0
0.000611995
0
0
0.00183599
0
0.000611995
0
0
0
0
0
0.000611995
0
0
0
0.00244798
0
0
0.00122399
0
0.000611995
0
0.000611995
0
0
0
0.000611995
0
0
0.000611995
0
0
0
0
0
0
0
0.00367197
0
0.000611995
0
0
0
0.000611995
0
0
0
0
0
0
0
0
0.000611995
0.00122399
0.000611995
0.00183599
0
0
0.00305998
0.000611995
0
0
0
0.000611995
0.000611995
0.00489596
0
0.00183599
0.000611995
0.00244798
0
0.00244798
0.00550796
0.00367197
0.00367197
0.00428397
0.00673195
0.00305998
0.00979192
0.0709914