0
0.00365059
0.00651891
0.0119948
0.0187744
0.0198175
0.0346806
0.0466754
0.061017
0.061017
0.0338983
0.0344198
0.022425
0.0245111
0.0239896
0.022425
0.0179922
0.0174707
0.0156454
0.0190352
0.0148631
0.0185137
0.00756193
0.00886571
0.0122555
0.00756193
0.00964798
0.011734
0.011734
0.00651891
0.00808344
0.00756193
0.00730117
0.00443286
0.00730117
0.00365059
0.00391134
0.00443286
0.00234681
0.00312907
0.00260756
0.00104302
0
0.0174707
0.000521512
0.00208605
0.00104302
0.00156454
0.00208605
0.00104302
0.00156454
0.00338983
0.00130378
0.00208605
0.000782269
0.00208605
0.000782269
0.00391134
0.00104302
0
0.000521512
0.00208605
0.000782269
0.000521512
0.00443286
0.000521512
0.000260756
0.000521512
0.000521512
0.000260756
0.000521512
0.00104302
0.000521512
0.00104302
0.00156454
0
0
0.00156454
0.000260756
0.000782269
0.000521512
0.00104302
0
0
0
0.00443286
0
0
0
0.000521512
0.000521512
0
0.000521512
0
0.000521512
0
0.000260756
0.000521512
0.000521512
0.00130378
0.000782269
0
0.000782269
0
0.000260756
0
0.00130378
0.000521512
0.000260756
0.000521512
0
0.00104302
0.000782269
0.00234681
0.000260756
0.00104302
0.00104302
0.000782269
0.000260756
0.00130378
0.00156454
0.00182529
0.00104302
0.000782269
0.000782269
0.000782269
0
0
0.0164276
0.000521512
0.000782269
0.00260756
0.00260756
0.00208605
0.00156454
0.00260756
0.00286832
0.00156454
0.00208605
0.00182529
0.00234681
0.00130378
0.00312907
0.00234681
0.00208605
0.00234681
0.00208605
0.00234681
0.000260756
0.00469361
0.00260756
0.00104302
0.000782269
0.00130378
0.000782269
0.00156454
0.00312907
0.00104302
0.00130378
0.00208605
0.000521512
0.000260756
0.000260756
0.00104302
0.000260756
0.00130378
0.000521512
0.000782269
0
0.000521512
0.00808344
0.000782269
0.000521512
0.000782269
0.00156454
0.000521512
0.00104302
0.00260756
0.00104302
0.000521512
0.00156454
0.00104302
0.00130378
0.000782269
0.00182529
0.00104302
0.000260756
0.00130378
0.00130378
0.00260756
0.00104302
0.00391134
0.000782269
0.000260756
0.00182529
0.000260756
0.000782269
0.00104302
0.00182529
0.000782269
0.000521512
0
0.000521512
0.00104302
0.00130378
0.00130378
0.000521512
0.00156454
0.00104302
0.000260756
0
0
0
0.00573664
0
0.000260756
0.00104302
0.000260756
0.000521512
0.000521512
0.00130378
0.00130378
0.000521512
0.00104302
0.000521512
0.00104302
0.000260756
0.00156454
0.00260756
0.00104302
0.00104302
0.00130378
0.00104302
0
0.0041721
0.00130378
0.00156454
0.00208605
0.00286832
0.00208605
0.00156454
0.0041721
0.00182529
0.00208605
0.00312907
0.00234681
0.00130378
0.00234681
0.00208605
0.0041721
0.00260756
0.00469361
0.0041721
0.0041721
0.00208605
0.0352021