0
0
0
0.000657895
0.000657895
0.00328947
0.00394737
0.0157895
0.0177632
0.0414474
0.0447368
0.0585526
0.0467105
0.0598684
0.0565789
0.0375
0.0407895
0.0322368
0.0486842
0.0401316
0.0243421
0.0828947
0.000657895
0.0157895
0.0473684
0.00394737
0.0263158
0.0184211
0.0355263
0.000657895
0.0243421
0.000657895
0.0309211
0.00328947
0.0190789
0.0203947
0.00921053
0.00460526
0.00131579
0
0
0
0
0.0611842
0
0
0
0
0
0
0.00131579
0.00328947
0
0.00394737
0
0
0
0.00197368
0
0
0.000657895
0
0
0
0.00131579
0
0
0
0
0
0
0.00131579
0
0
0.000657895
0
0
0
0
0
0
0
0
0
0
0.000657895
0
0
0
0
0
0
0
0
0
0
0
0
0
0.000657895
0
0
0
0
0
0
0
0
0
0
0
0
0
0
0
0
0
0
0
0
0
0
0
0
0
0
0
0
0.000657895
0
0
0
0
0
0
0
0
0
0
0
0
0
0
0
0
0
0
0
0
0
0
0
0
0
0
0
0
0
0
0
0
0
0
0
0
0
0
0
0
0
0
0
0
0
0
0
0
0
0
0
0
0
0
0
0
0
0
0
0
0
0
0
0
0
0
0
0
0
0
0
0
0
0
0
0
0
0
0
0
0
0
0
0
0
0
0
0
0
0
0
0
0
0
0
0
0
0
0
0
0
0
0
0
0
0
0
0
0
0
0
0
0
0
0
0
0
0
0
0
0
0
0
0
0
0
0.00328947