0
0.0025641
0.00705128
0.0121795
0.0163462
0.0182692
0.0217949
0.0439103
0.0419872
0.0583333
0.0352564
0.0384615
0.0336538
0.0214744
0.0307692
0.0224359
0.0240385
0.0189103
0.0189103
0.0205128
0.0147436
0.0150641
0.00641026
0.0134615
0.00833333
0.00480769
0.00865385
0.0105769
0.00897436
0.00448718
0.00897436
0.00737179
0.00929487
0.0125
0.00801282
0.00801282
0.0108974
0.00641026
0.00673077
0.00769231
0
0
0
0.0352564
0
0.000961538
0.0025641
0.00224359
0.00128205
0.000641026
0.000961538
0.00192308
0.000961538
0.00160256
0
0.00128205
0
0.00320513
0.000641026
0.000320513
0.000961538
0.000961538
0
0
0.00512821
0.000320513
0.000320513
0.000320513
0.000320513
0
0
0.00160256
0
0.000320513
0.00160256
0
0
0.000641026
0.000320513
0.000320513
0
0
0.000320513
0
0
0.00416667
0
0
0
0.000320513
0
0
0
0
0.000320513
0
0.000641026
0.000641026
0
0.000320513
0
0
0.000641026
0
0
0
0.0025641
0
0
0
0
0.000320513
0
0.00128205
0
0
0
0.000961538
0
0.000320513
0.000961538
0.000641026
0.000320513
0.00128205
0
0
0
0
0.0112179
0
0.000961538
0.00128205
0.000641026
0.000320513
0.000961538
0.0025641
0.00224359
0.000641026
0.00352564
0.00320513
0.00192308
0.00224359
0.00416667
0.00320513
0.0025641
0.00352564
0.00192308
0.00192308
0.000641026
0.00416667
0.000641026
0.000641026
0.0025641
0.00224359
0.000961538
0.000961538
0.000641026
0.000961538
0.000961538
0.00192308
0.000320513
0.000320513
0.00224359
0
0.000961538
0.00224359
0.00128205
0.00192308
0.000961538
0.000641026
0.0102564
0
0.000961538
0.00128205
0
0.00128205
0.000320513
0.00128205
0.000320513
0.00128205
0
0.00192308
0.000961538
0.00160256
0.00160256
0.000961538
0.000961538
0.000641026
0.000641026
0.00128205
0.000641026
0.0025641
0
0.000641026
0.000641026
0
0.000320513
0.000320513
0.00160256
0.000320513
0.000641026
0.000641026
0.000320513
0.000641026
0.000320513
0.00128205
0.000961538
0.000320513
0.000320513
0.000320513
0
0.000641026
0
0.00641026
0
0
0
0.000320513
0
0.000320513
0.000641026
0.000961538
0.000961538
0.000641026
0
0.000961538
0.000641026
0.00224359
0.000961538
0.000320513
0.00192308
0.00160256
0.000641026
0.000320513
0.00544872
0
0.000641026
0.00128205
0.00160256
0.00128205
0.00192308
0.0025641
0
0.0025641
0.00288462
0.000320513
0.00160256
0.00320513
0.00416667
0.00352564
0.00480769
0.00288462
0.00224359
0.000961538
0.00128205
0.0653846