0
0.00183824
0.00551471
0.00919118
0.0128676
0.0183824
0.0275735
0.0349265
0.0459559
0.0588235
0.046875
0.0404412
0.0303309
0.0569853
0.0284926
0.0413603
0.0340074
0.03125
0.0266544
0.0349265
0.0165441
0.0496324
0.00367647
0.0193015
0.0386029
0.00735294
0.0238971
0.0202206
0.0376838
0.00275735
0.0284926
0.00275735
0.0238971
0.0137868
0.0137868
0.0183824
0.0174632
0.00919118
0.00459559
0
0
0
0
0.0367647
0
0
0
0
0.000919118
0.00183824
0.00367647
0.00367647
0
0.00183824
0
0
0
0
0
0
0
0.000919118
0
0
0.000919118
0
0
0
0
0
0
0
0
0
0
0
0
0
0
0
0
0
0
0
0
0
0
0
0
0
0
0
0
0
0
0
0
0
0
0
0
0
0
0
0
0
0
0
0
0
0
0
0
0
0
0
0
0
0
0
0
0
0
0
0
0
0
0
0
0
0
0
0
0
0
0
0
0
0
0
0
0
0
0
0
0
0
0
0
0
0
0
0
0
0
0
0
0
0
0
0
0
0
0
0
0
0
0
0
0
0
0
0
0
0
0
0
0
0
0
0
0
0
0
0
0
0
0
0
0
0
0
0
0
0
0
0
0
0
0
0
0
0
0
0
0
0
0
0
0
0
0
0
0
0
0
0
0
0
0
0
0
0
0
0
0
0
0
0
0
0
0
0
0
0
0
0
0
0
0
0
0
0
0
0
0
0
0.000919118
0
0
0
0.000919118
0.000919118
0.00367647
0
0.00459559