0
0.0490476
0.0496825
0.034127
0.0233333
0.0179365
0.0138095
0.0185714
0.0104762
0.0284127
0.00857143
0.0326984
0.0187302
0.0152381
0.0466667
0.00873016
0.0114286
0.0252381
0.0190476
0.0107937
0.0047619
0.054127
0.000952381
0.0047619
0.0142857
0.0031746
0.0161905
0.0114286
0.0290476
0.00222222
0.00968254
0.00380952
0.0155556
0.00365079
0.00825397
0.0068254
0.00444444
0.00222222
0.00285714
0.00126984
0.00031746
0.00047619
0
0.0442857
0.00015873
0.00015873
0.00142857
0.00142857
0.00190476
0.00222222
0.00333333
0.00539683
0.00126984
0.00730159
0.00047619
0.00174603
0.00031746
0.00761905
0.00206349
0.000634921
0.00539683
0.00206349
0.00015873
0
0.0103175
0.00015873
0.000793651
0.000793651
0.00396825
0.000793651
0.00015873
0.00603175
0
0.000793651
0.0031746
0.00031746
0
0.00190476
0.000793651
0.00047619
0.00047619
0
0
0
0
0.0114286
0
0
0.00015873
0
0.00047619
0.00031746
0.000793651
0
0.000634921
0
0.00126984
0.00047619
0.00015873
0.00253968
0.00015873
0.00031746
0.000952381
0.00047619
0.00031746
0
0.00301587
0
0
0.00047619
0
0
0.00015873
0.00333333
0
0.000793651
0.00031746
0.00047619
0.000793651
0.00047619
0.000634921
0.000634921
0.00031746
0.00047619
0.00047619
0
0
0
0.00555556
0.00047619
0.000793651
0.000634921
0.00015873
0.000634921
0.000952381
0.000634921
0.000952381
0.00031746
0.000634921
0.000634921
0.000793651
0.00031746
0.00301587
0.00047619
0.00015873
0.0015873
0.0015873
0.00047619
0.00047619
0.00111111
0.00015873
0.00031746
0.00015873
0.00047619
0.00015873
0.00047619
0.00142857
0.00031746
0.00126984
0.00111111
0
0.00031746
0.00174603
0.00031746
0.000634921
0.00031746
0.000634921
0.00015873
0.00047619
0
0.00984127
0.00015873
0.00047619
0.00047619
0.00015873
0.00015873
0.00047619
0.00111111
0.00015873
0.00047619
0.00047619
0.000793651
0.000634921
0
0.00190476
0
0.00031746
0.000634921
0.000634921
0
0
0.00365079
0
0.00031746
0.00047619
0.00015873
0.00015873
0
0.00222222
0
0.000634921
0.00015873
0.000793651
0
0.00015873
0.00047619
0.00047619
0
0.00015873
0.00015873
0
0
0
0.00904762
0
0
0.00015873
0.00031746
0
0.00031746
0.00031746
0.00047619
0.00015873
0.000952381
0.00015873
0.000634921
0
0.00222222
0.00015873
0
0.000793651
0
0
0
0.00650794
0.00015873
0.000634921
0.000634921
0.00126984
0.00111111
0.00047619
0.00365079
0.00142857
0.00111111
0.00333333
0.00047619
0.00126984
0.00333333
0.00190476
0.0015873
0.00492063
0.00349206
0.00571429
0.00444444
0.00571429
0.0733333