0
0
0
0
0
0
0
0.00163399
0
0.00245098
0.000816993
0.000816993
0
0
0
0.00326797
0.000816993
0.00163399
0
0.000816993
0.000816993
0.000816993
0
0
0.00163399
0
0.00163399
0.000816993
0
0
0.00163399
0.00163399
0.00163399
0
0
0.000816993
0.00245098
0.000816993
0.00163399
0
0.00163399
0.00326797
0.000816993
0.0147059
0
0
0
0
0
0
0
0
0
0.000816993
0
0
0
0
0
0
0
0
0
0
0
0
0
0
0
0
0
0
0
0.000816993
0
0
0
0
0
0
0
0
0
0
0
0.00163399
0
0
0
0
0
0
0
0
0
0
0
0
0
0
0
0
0
0
0
0
0
0
0
0.000816993
0
0
0
0
0
0
0
0
0
0
0
0.000816993
0
0
0
0
0.000816993
0
0.0416667
0.000816993
0.000816993
0.000816993
0.000816993
0
0
0
0
0
0.000816993
0.00163399
0
0
0
0.00326797
0.00408497
0.00490196
0.00490196
0.00653595
0.00898693
0.00735294
0.0163399
0.0294118
0.0563725
0.0939543
0.10866
0.109477
0.0228758
0.00980392
0.0204248
0.0122549
0.00898693
0.00408497
0.00735294
0.00326797
0.00490196
0.00735294
0.00326797
0.000816993
0.00163399
0.000816993
0.00245098
0.00326797
0.00245098
0
0.00163399
0.00245098
0.000816993
0.000816993
0
0
0.000816993
0.00163399
0.000816993
0.000816993
0.00245098
0.000816993
0
0
0
0.00163399
0.000816993
0
0
0.000816993
0.000816993
0.00163399
0
0
0
0
0.000816993
0.000816993
0.000816993
0.000816993
0
0
0
0
0.000816993
0
0
0
0
0.0187909
0.000816993
0
0
0
0
0
0
0.000816993
0
0
0
0.000816993
0
0.000816993
0.000816993
0
0
0
0.00163399
0
0.000816993
0
0
0
0
0
0
0.000816993
0
0
0
0.00163399
0.000816993
0.00163399
0.000816993
0
0.000816993
0
0.000816993
0.000816993
0
0.271242