0
0
0
0.00065189
0
0
0.000325945
0.000325945
0
0.00065189
0
0
0
0
0.000325945
0.000325945
0
0.00065189
0.00065189
0.000977836
0.000325945
0.00065189
0
0.000977836
0.000325945
0.000325945
0
0.000977836
0
0
0.00065189
0
0.000325945
0.000325945
0.000325945
0.000325945
0.00065189
0.000977836
0.00065189
0.000325945
0.000325945
0
0
0.0035854
0.000325945
0.000325945
0.000325945
0.00065189
0
0
0.000325945
0.000325945
0.000325945
0.000325945
0.000325945
0.000325945
0
0.000325945
0
0
0
0.00065189
0.000325945
0
0.00065189
0
0
0
0
0
0.000325945
0.000325945
0
0.00065189
0.000325945
0.000325945
0
0
0
0
0
0
0
0
0
0.00162973
0
0.00065189
0.000325945
0
0
0.00065189
0
0
0
0
0.000325945
0
0
0.000325945
0
0
0
0
0.000325945
0
0
0
0.000325945
0
0
0.000325945
0.000325945
0
0
0
0
0
0
0
0
0.00065189
0.000325945
0.000325945
0.000325945
0.00065189
0
0
0.0202086
0.00065189
0
0.000325945
0.000325945
0.000977836
0.000325945
0.00130378
0.00162973
0.000325945
0.00162973
0.00162973
0.000325945
0.000977836
0.00293351
0.00162973
0.00065189
0.00195567
0.00162973
0.00065189
0.00260756
0.00325945
0.0035854
0.00293351
0.00684485
0.0071708
0.01206
0.0247718
0.0202086
0.0316167
0.0909387
0.164602
0.117014
0.0407432
0.0273794
0.0156454
0.0114081
0.0101043
0.00651891
0.00554107
0.00521512
0.00521512
0.0136897
0.00162973
0.00260756
0.00260756
0.00488918
0.00162973
0.00488918
0.00260756
0.00228162
0.00423729
0.00325945
0.00488918
0.00195567
0.00423729
0.00293351
0.00293351
0.00195567
0.00162973
0.00130378
0.00260756
0.00130378
0.00162973
0.000325945
0.00130378
0.000977836
0.00130378
0.00195567
0.00130378
0.00065189
0.00130378
0.00228162
0.000325945
0.00065189
0.00065189
0
0.00130378
0.000325945
0.000325945
0.00065189
0.000325945
0
0
0
0.00423729
0
0
0
0
0
0.000325945
0
0
0.000325945
0.00130378
0.000325945
0.00065189
0.000325945
0.000325945
0.00065189
0.00065189
0.00065189
0.00065189
0.00065189
0.000325945
0.00065189
0
0
0.000325945
0.000325945
0
0.000325945
0.00130378
0.000325945
0
0
0.00065189
0.000325945
0
0.000325945
0.00065189
0.000325945
0
0.000325945
0
0
0.207627