0
0.000355999
0.00213599
0.00355999
0.00284799
0.00391598
0.00284799
0.00284799
0.001068
0.00213599
0.00142399
0.00462798
0
0.00213599
0.001068
0.000711997
0.001068
0.000711997
0.00213599
0.00213599
0.001068
0.000355999
0.001068
0.001068
0.000355999
0.000355999
0.00284799
0.00213599
0.000355999
0.00142399
0.000355999
0.001068
0.000711997
0.00177999
0
0.000355999
0.001068
0.001068
0.000355999
0.001068
0
0.000711997
0
0.0217159
0
0.00142399
0.000355999
0.00142399
0.000355999
0.000711997
0.000355999
0
0.000711997
0.000355999
0.000355999
0.000711997
0
0.000711997
0.001068
0
0.00142399
0
0
0
0.000355999
0.000355999
0
0
0
0.000355999
0
0.00142399
0.000711997
0
0.000711997
0
0
0.000355999
0
0
0
0.000355999
0.000355999
0.000355999
0
0
0
0
0.000355999
0
0.000355999
0.000355999
0.00142399
0
0
0.000711997
0.000355999
0.000355999
0.000355999
0.000355999
0
0
0
0.000711997
0
0
0
0
0
0.000711997
0
0.000711997
0.000711997
0
0
0.00249199
0.000355999
0.00142399
0.001068
0.000355999
0.00142399
0.001068
0
0.001068
0.000355999
0.000711997
0.000355999
0
0.0363119
0.001068
0.000355999
0.000711997
0.000355999
0.000711997
0.001068
0.001068
0.000711997
0.00177999
0.001068
0.000355999
0.00284799
0.00142399
0.00355999
0.00355999
0.00213599
0.00676397
0.00676397
0.00498398
0.00996796
0.010324
0.0188679
0.0313279
0.12282
0.143111
0.0847277
0.0224279
0.0138839
0.00783197
0.00462798
0.00498398
0.00213599
0.00284799
0.00533998
0.00605198
0.00249199
0.00213599
0.001068
0.000711997
0.00142399
0.000355999
0.00427198
0.000711997
0.000711997
0.00142399
0.00177999
0.001068
0.00142399
0.000355999
0
0.000355999
0.000355999
0.001068
0.001068
0.000711997
0.00142399
0.000355999
0
0.000355999
0.000355999
0.000711997
0.000355999
0.00142399
0.000711997
0.000711997
0.000355999
0.000711997
0.001068
0.001068
0.000355999
0
0.000711997
0.000355999
0.000711997
0.000355999
0.000711997
0.00142399
0
0
0.000355999
0.001068
0.000355999
0
0
0.0188679
0.000355999
0.000355999
0.000355999
0.00142399
0
0.000711997
0.000355999
0.000355999
0
0.000711997
0
0.001068
0.000355999
0.000711997
0.000355999
0
0.000711997
0
0
0.000355999
0.00213599
0
0.000355999
0.000355999
0.000355999
0.001068
0.001068
0.001068
0.00142399
0
0.000711997
0.000711997
0.000711997
0.00142399
0.00213599
0.00142399
0.000711997
0.001068
0.00249199
0.00249199
0
0.230331