0
0
0
0
0.000861821
0.000287274
0.000861821
0.000287274
0.000287274
0.0011491
0
0.0011491
0.000287274
0.000574548
0.00201092
0.000287274
0.000574548
0.0011491
0.0011491
0.00143637
0.000574548
0.000861821
0
0
0.0011491
0.000574548
0.000574548
0.000287274
0.00143637
0
0.000861821
0.000574548
0.000861821
0.000574548
0.000287274
0.000861821
0.000574548
0.000861821
0.000287274
0.000287274
0
0
0
0.0109164
0
0
0
0.000287274
0.000287274
0
0.000287274
0.000287274
0
0.0011491
0
0.000287274
0
0.0011491
0
0
0
0.000287274
0
0
0.000861821
0
0.000287274
0
0
0
0
0.000574548
0
0.000287274
0.000574548
0
0
0
0
0.000287274
0.000287274
0
0
0
0
0.00316001
0
0
0.000287274
0.000287274
0
0
0
0
0
0
0
0.000287274
0
0.000861821
0
0
0.000287274
0.000287274
0
0
0.00229819
0
0.000287274
0.0011491
0
0.00172364
0.000574548
0.000287274
0.000861821
0.00201092
0.0011491
0.00143637
0.00172364
0.000861821
0.00201092
0.00143637
0.00143637
0
0.00201092
0.00201092
0.0011491
0.000287274
0.0468256
0.000287274
0.00229819
0.00201092
0.00316001
0.00229819
0.00229819
0.00430911
0.00402183
0.00201092
0.00488365
0.000861821
0.00258546
0.00316001
0.00718184
0.00373456
0.00229819
0.00689457
0.00689457
0.00517093
0.00718184
0.0152255
0.0129273
0.017811
0.017811
0.0275783
0.0476874
0.0916403
0.207412
0.137891
0.0405056
0.0198219
0.00890549
0.00718184
0.00718184
0.00488365
0.00373456
0.00258546
0.00316001
0.0011491
0.00229819
0
0.011491
0
0
0.0011491
0.000287274
0.0011491
0.000861821
0.000861821
0.000574548
0.000861821
0.000287274
0.0011491
0.0011491
0.000574548
0.00143637
0.000574548
0.000287274
0.000287274
0.000287274
0.000574548
0.000287274
0.00172364
0
0.000287274
0.000287274
0
0.000287274
0.000287274
0
0
0
0
0
0
0.000287274
0
0
0
0
0
0
0
0
0.00143637
0
0
0
0
0
0
0
0
0
0.000287274
0
0
0
0.000287274
0
0
0.000287274
0
0
0
0.000861821
0
0.000287274
0.000574548
0.000287274
0.000287274
0
0.000574548
0.000287274
0
0.000574548
0
0
0.000861821
0.000574548
0
0.000287274
0.000287274
0.000287274
0
0
0.0945131