0
0
0.000586854
0.00117371
0.00195618
0.000586854
0.00195618
0.00195618
0.00176056
0.00273865
0.00117371
0.00273865
0.0064554
0.00625978
0.0131064
0.0146714
0.0103678
0.00899843
0.014867
0.0105634
0.00802034
0.013302
0.00156495
0.00273865
0.00469484
0.00195618
0.00156495
0.00117371
0.00254304
0.000195618
0.00156495
0.000782473
0.00156495
0.000586854
0.000195618
0.000782473
0.00156495
0.000782473
0.00176056
0.000391236
0.000782473
0
0
0.00997653
0
0.000195618
0.000195618
0.000586854
0
0.000391236
0.000391236
0.000195618
0.000586854
0.00136933
0.000586854
0.000391236
0.000195618
0.000586854
0.000195618
0.000195618
0.000195618
0.000978091
0.000391236
0
0.000782473
0
0.000391236
0
0.000195618
0.000195618
0
0.000586854
0.000195618
0
0.000391236
0
0
0
0
0.000391236
0.000195618
0
0
0
0
0.00156495
0
0
0.000195618
0.000391236
0.000195618
0.000195618
0.000391236
0
0
0
0.000782473
0.000782473
0.000195618
0.000978091
0.000195618
0
0.000195618
0.000391236
0.000586854
0.000391236
0.00176056
0.000195618
0.000391236
0.000391236
0
0.000782473
0.000586854
0.000782473
0.000391236
0.000782473
0.00136933
0.000586854
0.000586854
0.00136933
0.00117371
0.000391236
0.000586854
0.00136933
0.000782473
0.00117371
0.000978091
0
0.00958529
0.0021518
0.00176056
0.00293427
0.00312989
0.00195618
0.0043036
0.00391236
0.00567293
0.00449922
0.00567293
0.00410798
0.00586854
0.00489045
0.00841158
0.0131064
0.00606416
0.00899843
0.0150626
0.0146714
0.00997653
0.0213224
0.0166275
0.0328638
0.123239
0.193075
0.0874413
0.0393192
0.0236698
0.0134977
0.0131064
0.00938967
0.00410798
0.00332551
0.00352113
0.000978091
0.00117371
0.00156495
0.00176056
0.000391236
0.000195618
0
0.00782473
0
0.000391236
0
0.000391236
0.000978091
0
0.000195618
0.000195618
0.00136933
0
0.000782473
0.000391236
0.000195618
0.000978091
0.000195618
0
0.000391236
0
0
0
0.0021518
0
0.000391236
0.000391236
0
0.000391236
0
0.000586854
0.000391236
0.000195618
0
0.000978091
0.000391236
0.000195618
0.000195618
0.000391236
0.000195618
0
0
0
0
0
0.00528169
0
0.000195618
0.000195618
0
0
0
0.000195618
0.000391236
0.000391236
0.000782473
0.000391236
0.000195618
0
0.000782473
0.000195618
0
0.000978091
0.000391236
0.000586854
0
0.00293427
0.000391236
0
0.000195618
0
0.000586854
0.000195618
0.00156495
0.000391236
0.000586854
0.000782473
0.000391236
0.000782473
0.000586854
0.000782473
0.000782473
0.000782473
0.000586854
0.000782473
0.00136933
0
0.0309077