0
0
0
0
0.000883727
0.000504987
0.00100997
0.00151496
0
0.00075748
0.000126247
0.0018937
0.00214619
0.00176745
0.00643858
0.00277743
0.00429239
0.00530236
0.00416614
0.00580735
0.00075748
0.00681732
0
0.00151496
0.00239869
0.000252493
0.000631233
0.00037874
0.00126247
0
0.000883727
0
0.000504987
0
0.000252493
0.000126247
0.000126247
0
0
0
0
0
0
0.00302992
0
0
0.000126247
0
0.000252493
0.000252493
0.000252493
0.00037874
0.000126247
0.000126247
0
0.000126247
0
0.000252493
0.000126247
0
0.000126247
0.000126247
0
0
0.000631233
0
0
0.00037874
0.000126247
0
0.000126247
0.000252493
0
0.00037874
0.00037874
0.000126247
0.000126247
0.000252493
0
0.000126247
0
0.000126247
0
0
0
0.00366115
0
0
0
0.000504987
0.00075748
0.00037874
0.000126247
0.00037874
0.000126247
0
0.000504987
0.000504987
0.000126247
0.000631233
0.00037874
0.000252493
0.000504987
0.000252493
0
0.000631233
0.00239869
0.000126247
0.00075748
0.00100997
0.00075748
0.00100997
0.00239869
0.0018937
0.00138871
0.00252493
0.00138871
0.00201995
0.00252493
0.0018937
0.00265118
0.00239869
0.00201995
0.00416614
0.00126247
0.00416614
0.000504987
0
0.0143921
0.000126247
0.00277743
0.00138871
0.00100997
0.00227244
0.00075748
0.00214619
0.00214619
0.00164121
0.00227244
0.00151496
0.00265118
0.00239869
0.00744855
0.00694357
0.00479737
0.0142659
0.0169171
0.0145184
0.0113622
0.0347178
0.0231031
0.030173
0.0479737
0.163994
0.183058
0.0914026
0.0354753
0.019947
0.0183058
0.00908976
0.00416614
0.00214619
0.00454488
0.0018937
0.00113622
0.00176745
0.000631233
0.00037874
0.000252493
0
0.00997349
0
0
0.000252493
0.000126247
0.000252493
0.000631233
0.000883727
0
0.00037874
0.000126247
0.00176745
0.000252493
0
0.00151496
0
0.000252493
0.000252493
0.00037874
0.000126247
0
0.00315617
0
0.000126247
0.000126247
0
0.000504987
0.000126247
0.00214619
0
0
0.000126247
0.000883727
0.000252493
0.000252493
0.000504987
0.000126247
0.000126247
0
0
0
0
0
0.00656483
0
0
0.000126247
0.000126247
0.000252493
0.000126247
0.000631233
0.000252493
0
0.000504987
0
0.000252493
0.000126247
0.00265118
0.000126247
0
0.000631233
0.000126247
0
0
0.00328241
0.000126247
0.000126247
0.00037874
0.000504987
0.000126247
0.000126247
0.00126247
0.00037874
0.000126247
0.00176745
0
0.000126247
0.000504987
0.00113622
0.000504987
0.000504987
0.000504987
0.000631233
0
0
0.0492362