0
0
0
0.000483559
0
0.000483559
0
0
0
0
0
0
0
0
0
0.000967118
0.000483559
0
0.000483559
0
0
0
0
0
0
0
0
0
0
0
0
0
0.000483559
0
0.000483559
0.000483559
0
0
0
0.000483559
0
0
0
0.000483559
0
0
0
0
0
0
0.000483559
0
0
0
0
0
0
0
0
0
0
0
0
0
0.000483559
0
0
0
0
0
0
0
0.000483559
0
0
0
0
0
0
0
0
0
0
0
0
0.00145068
0
0
0
0
0
0
0
0
0
0
0
0
0.000483559
0
0
0
0
0
0
0
0
0
0.000483559
0.000483559
0
0
0
0.000967118
0.000483559
0.000483559
0
0
0
0
0
0
0
0.000483559
0
0.000483559
0.000483559
0
0.0125725
0.000967118
0.00145068
0.000483559
0
0.000483559
0.00241779
0.00386847
0.00290135
0.00290135
0.00870406
0.0106383
0.0159574
0.00967118
0.0111219
0.0125725
0.00773694
0.0145068
0.0159574
0.0154739
0.0178917
0.0227273
0.0212766
0.0294971
0.0367505
0.0382012
0.0357834
0.0386847
0.0527079
0.0730174
0.173598
0.16441
0.0517408
0.016441
0.0183752
0.0106383
0.00338491
0.00241779
0.00386847
0
0.000483559
0
0.00676983
0.00145068
0.000483559
0.000483559
0.00145068
0
0
0
0
0.000483559
0
0
0.000483559
0.000483559
0.000483559
0
0
0
0.000967118
0
0
0.000967118
0.000483559
0.000483559
0.000483559
0
0
0
0
0
0.000483559
0
0.000483559
0
0
0
0.000967118
0
0
0
0
0
0
0.000967118
0
0
0
0
0
0
0.000483559
0
0
0.000967118
0
0
0
0
0
0
0.000483559
0
0
0
0
0.000483559
0
0
0
0.000483559
0
0
0
0
0
0
0
0
0.000483559
0
0
0
0
0.000483559
0
0.00193424