0
0.00473485
0.00189394
0.00284091
0.00473485
0.00473485
0.00094697
0.00094697
0.00094697
0.00189394
0.00094697
0.00284091
0.00378788
0.00189394
0
0.00284091
0
0
0.00094697
0.00094697
0
0.00284091
0.00094697
0.00094697
0.00094697
0.00284091
0.00094697
0.00094697
0.00094697
0
0.00094697
0.00189394
0.00094697
0
0.00094697
0
0
0
0
0
0
0.00094697
0
0
0
0
0
0
0
0.00094697
0
0
0
0.00094697
0
0
0
0
0
0
0
0
0
0
0
0
0
0
0
0
0.00094697
0.00094697
0
0
0
0
0
0
0
0
0
0
0
0
0
0.00189394
0
0
0
0
0
0.00094697
0
0
0
0
0
0
0
0
0
0
0
0
0.00094697
0
0
0.00094697
0
0
0
0
0
0.00094697
0
0.00094697
0
0
0
0
0
0.00094697
0
0
0.00189394
0.00094697
0.00094697
0
0.0340909
0
0
0
0.00189394
0
0
0.00094697
0
0
0.00094697
0
0.00094697
0.00284091
0.00189394
0
0.00094697
0.00094697
0.00757576
0.00568182
0.00473485
0.0104167
0.0132576
0.0255682
0.0464015
0.061553
0.141098
0.107008
0.0445076
0.0227273
0.0208333
0.0094697
0.0094697
0.0104167
0.00757576
0.00473485
0.00473485
0.00757576
0.00189394
0.00284091
0.00189394
0.00189394
0.00473485
0
0
0
0.00094697
0.00094697
0.00189394
0
0
0.00094697
0.00094697
0.00094697
0
0.00094697
0
0.00094697
0
0.00094697
0.00094697
0.00189394
0.00094697
0.00189394
0.00189394
0
0.00094697
0.00094697
0.00094697
0
0
0.00094697
0
0
0
0
0
0
0
0
0
0
0.00094697
0
0
0.0255682
0
0.00094697
0.00094697
0
0.00094697
0
0
0
0
0.00094697
0
0.00094697
0.00094697
0.00094697
0
0.00094697
0.00094697
0.00094697
0
0.00189394
0.00094697
0
0
0.00094697
0
0.00094697
0.00094697
0.00189394
0.00189394
0.00284091
0.00189394
0.00189394
0.00189394
0.00094697
0.00094697
0.00189394
0.00094697
0.00094697
0.00189394
0.00094697
0.00094697
0.221591