0
0.000268817
0
0.000268817
0.000537634
0.000806452
0
0.000806452
0.000537634
0.00107527
0.000537634
0.00107527
0.000537634
0
0.00134409
0.000268817
0.00107527
0.00134409
0.00107527
0.000806452
0.000268817
0.00483871
0
0.00107527
0.00188172
0.000537634
0.0016129
0.00295699
0.00456989
0
0.00188172
0.000268817
0.00107527
0
0.00134409
0.00107527
0.000537634
0.000537634
0.000268817
0.000537634
0.000268817
0
0
0.0155914
0
0
0
0.000806452
0.000537634
0.000268817
0.000268817
0.000268817
0.000268817
0.000806452
0
0.000268817
0
0.0016129
0
0
0.000537634
0.000268817
0
0
0.00134409
0.000268817
0
0
0.000268817
0
0
0.0016129
0
0.000268817
0.00107527
0
0
0.000806452
0
0
0
0
0
0
0
0.00456989
0
0
0
0
0
0
0.000537634
0
0.000537634
0
0.000268817
0.00107527
0
0.000806452
0
0
0
0.000268817
0.000268817
0
0.00268817
0.000268817
0.000268817
0.000268817
0
0.000268817
0.000268817
0.00215054
0
0.00134409
0
0.00215054
0.0016129
0.000806452
0.0016129
0.000268817
0.000537634
0.000268817
0.00188172
0
0.000806452
0
0.0424731
0.00107527
0.000537634
0.00241935
0.000806452
0.0016129
0.00295699
0.00322581
0.00403226
0.00295699
0.00564516
0.00241935
0.00564516
0.00188172
0.00725806
0.00456989
0.00456989
0.00887097
0.0061828
0.0102151
0.00752688
0.0158602
0.0137097
0.0185484
0.0217742
0.0196237
0.0336022
0.0873656
0.212634
0.111022
0.0370968
0.0228495
0.00806452
0.00591398
0.00806452
0.00403226
0.00483871
0.00322581
0.00268817
0.00215054
0.00107527
0
0.0155914
0
0.000806452
0.000537634
0.00107527
0.0016129
0.000806452
0.0016129
0.000537634
0.00188172
0
0.00107527
0.00134409
0.000806452
0.00295699
0.000268817
0.000537634
0.000806452
0.000537634
0
0
0.00134409
0
0
0
0.000268817
0.000268817
0.000268817
0.00107527
0.000268817
0.000268817
0
0.000537634
0
0.000268817
0
0
0
0.000268817
0
0
0
0
0.000537634
0
0.000268817
0
0.000268817
0
0.000268817
0
0
0
0
0
0
0.000268817
0
0
0
0.000268817
0.000537634
0
0.000537634
0.000806452
0
0
0.000268817
0.000268817
0
0
0.000268817
0
0.000268817
0.000537634
0
0
0.000268817
0.000537634
0.000268817
0.000268817
0
0
0.000268817
0
0.103495