0
0
0
0
0
0
0
0
0
0
0
0
0
0.000581395
0
0
0
0
0.000581395
0
0
0
0
0
0
0
0.00174419
0
0.000581395
0
0.00116279
0.000581395
0.00116279
0
0.000581395
0.00116279
0
0
0.00116279
0.00290698
0
0
0
0.00755814
0
0
0.00116279
0.00116279
0.00116279
0.00174419
0.00348837
0.000581395
0.000581395
0.00174419
0.00116279
0.000581395
0.000581395
0
0
0
0.000581395
0.000581395
0.000581395
0.00116279
0.00232558
0.00116279
0.00174419
0
0.00232558
0
0
0.00116279
0
0
0.00232558
0
0
0.000581395
0
0.00174419
0.000581395
0
0
0
0
0.00174419
0
0
0
0.000581395
0
0
0
0.000581395
0.00174419
0.000581395
0
0.000581395
0
0.00174419
0
0
0.00116279
0.000581395
0.00116279
0
0.000581395
0
0.00174419
0
0
0
0.00116279
0.000581395
0
0
0
0.000581395
0
0.000581395
0
0
0.000581395
0.000581395
0
0
0
0
0.0273256
0
0
0.000581395
0.000581395
0.000581395
0.000581395
0.00174419
0.000581395
0
0.00116279
0.00116279
0.00116279
0
0.00116279
0.00174419
0.00290698
0.00290698
0.00174419
0.00406977
0.000581395
0.00348837
0.00232558
0.00523256
0.00755814
0.00639535
0.00813953
0.0133721
0.0151163
0.0319767
0.0593023
0.126744
0.177907
0.0819767
0.047093
0.027907
0.0133721
0.0116279
0.00697674
0.0104651
0.0116279
0.00581395
0.0145349
0.00406977
0.00581395
0.00523256
0.00523256
0.00406977
0.00639535
0.00116279
0.00290698
0.00406977
0.00232558
0.00232558
0.00290698
0.00232558
0.00174419
0.00348837
0
0.000581395
0.000581395
0.00232558
0.00174419
0.000581395
0
0
0
0
0
0
0
0
0
0.000581395
0
0
0
0.000581395
0
0
0
0
0
0
0
0.00174419
0
0
0
0
0
0
0
0
0.000581395
0
0
0.000581395
0
0
0.000581395
0
0
0
0
0
0.00232558
0
0
0
0.000581395
0
0
0
0
0
0
0
0
0
0
0
0
0
0
0
0
0.125581