0
0.0027972
0.011655
0.0142191
0.0158508
0.018648
0.0132867
0.013986
0.00979021
0.013986
0.0100233
0.00885781
0.00582751
0.00815851
0.00559441
0.00792541
0.00932401
0.00489511
0.00675991
0.00862471
0.00675991
0.00955711
0.00536131
0.00606061
0.00699301
0.004662
0.00675991
0.00629371
0.00815851
0.00699301
0.00699301
0.0044289
0.00536131
0.00582751
0.002331
0.0041958
0.0034965
0.0030303
0.0025641
0.0034965
0.0011655
0.000699301
0.000932401
0.00722611
0.0016317
0.0004662
0.000699301
0.000699301
0.000699301
0.0004662
0.0011655
0.0004662
0.000699301
0
0.0004662
0.000699301
0.0002331
0.000699301
0.000699301
0.0002331
0
0.0002331
0
0
0.0004662
0
0
0
0
0.0002331
0.0002331
0.0004662
0
0
0
0.0002331
0
0.0004662
0
0
0.0002331
0.0002331
0.0002331
0
0
0.0002331
0
0
0
0
0
0.0002331
0
0
0.0002331
0.0002331
0
0
0
0.0002331
0
0.0002331
0.0002331
0.0002331
0.0004662
0.0002331
0.0002331
0
0.0002331
0
0
0
0
0
0
0
0
0.0002331
0.0002331
0.0004662
0
0.0002331
0
0.0002331
0.0002331
0.0002331
0
0.0002331
0.0016317
0
0
0
0
0
0
0.0002331
0
0
0.0004662
0.0002331
0
0
0.0002331
0
0
0.0004662
0.0002331
0.0004662
0.000699301
0.000699301
0.000932401
0.000932401
0.0018648
0.0039627
0.004662
0.00745921
0.00606061
0.0102564
0.0804196
0.224942
0.0445221
0.0102564
0.00745921
0.00675991
0.0034965
0.0037296
0.00536131
0.00489511
0.00582751
0.00582751
0.00652681
0.0030303
0.00559441
0.0034965
0.0041958
0.0037296
0.0032634
0.0020979
0.0027972
0.0027972
0.0011655
0.0020979
0.0020979
0.0037296
0.0013986
0.0030303
0.000932401
0.0018648
0.002331
0.0016317
0.0027972
0.0011655
0.0011655
0.0020979
0.0016317
0.000699301
0.0032634
0.000932401
0.0011655
0.000932401
0.0004662
0.0011655
0.0013986
0.0011655
0.000932401
0.0016317
0.0013986
0.0011655
0.0011655
0.0013986
0.0011655
0.0013986
0.0002331
0.0102564
0.0013986
0.0016317
0.0016317
0.0027972
0.0025641
0.0018648
0.0018648
0.0025641
0.0027972
0.0030303
0.0018648
0.0027972
0.000932401
0.002331
0.0027972
0.0011655
0.0032634
0.0039627
0.0044289
0.0030303
0.0027972
0.00559441
0.00489511
0.0034965
0.0039627
0.0034965
0.004662
0.0039627
0.0027972
0.0044289
0.0020979
0.0039627
0.0013986
0.002331
0.0011655
0.0016317
0.0020979
0.0004662
0.0020979
0.0032634
0.0027972
0.0165501