0
0
0
0
0
0
0
0
0
0
0
0
0
0
0
0
0
0
0
0
0
0
0
0
0
0
0
0
0
0
0
0
0
0
0
0
0
0
0
0
0
0
0
0
0
0
0
0
0
0
0
0
0
0
0
0
0
0
0
0
0
0
0
0
0
0
0
0
0
0
0
0
0
0
0
0
0
0
0
0
0
0
0
0
0
0
0
0
0
0
0
0
0
0
0
0
0
0
0
0.0014245
0
0
0
0
0
0
0.0014245
0
0
0
0
0
0.0014245
0
0
0
0
0
0
0.0014245
0
0
0.0014245
0
0
0
0
0
0.00854701
0
0.0014245
0.0014245
0.002849
0.00854701
0.0014245
0.002849
0
0.0014245
0.0014245
0.00854701
0.0042735
0.0042735
0.002849
0.011396
0.00712251
0.011396
0.011396
0.022792
0.00997151
0.0185185
0.0213675
0.0242165
0.0327635
0.0384615
0.0541311
0.0569801
0.0641026
0.103989
0.18661
0.121083
0.045584
0.0185185
0.0156695
0.0156695
0.002849
0.00997151
0.00854701
0
0.0014245
0.0014245
0.00854701
0.0014245
0
0.0014245
0.002849
0
0.0014245
0.0014245
0.0014245
0.0014245
0.0014245
0
0
0
0
0.0014245
0
0
0
0
0
0
0
0
0
0
0
0
0
0
0
0
0
0
0
0.002849
0
0
0
0
0
0
0
0
0
0
0
0
0
0
0
0
0
0
0
0
0
0
0
0
0
0
0
0
0
0
0
0
0
0
0
0
0
0
0
0
0
0
0
0
0
0
0
0
0
0.0014245