0
0
0
0
0
0
0.000214777
0.000214777
0.000107388
0.000859107
0
0.0018256
0.000322165
0
0.00268471
0.000107388
0.000214777
0.00139605
0.000107388
0.000214777
0
0.00386598
0
0.000107388
0.000536942
0
0.00107388
0.000536942
0.00150344
0.000107388
0.000214777
0
0.00150344
0
0.000536942
0.000214777
0.000107388
0.000214777
0
0.000107388
0
0
0
0.00719502
0
0
0.000107388
0.000107388
0
0.000322165
0.000214777
0.000214777
0.000107388
0.000214777
0.000107388
0.000107388
0
0.000859107
0
0
0.000536942
0
0.000107388
0
0.00064433
0
0.000429553
0
0.000214777
0.000107388
0.000107388
0.00107388
0.000536942
0.000107388
0.000107388
0
0.000536942
0.000107388
0.000214777
0
0.000107388
0.000214777
0
0
0
0.00257732
0
0
0
0.000214777
0.000429553
0.000214777
0.000214777
0.000107388
0.00064433
0.000107388
0.000536942
0
0.00064433
0.00246993
0.000536942
0.000322165
0.000536942
0.00107388
0.000214777
0.000322165
0.00193299
0.000107388
0.000751718
0.00107388
0.000107388
0.00118127
0.00107388
0.00236254
0.000322165
0.000751718
0.000536942
0.00139605
0.00204038
0.000751718
0.00118127
0.000536942
0.000859107
0.00150344
0.000429553
0.000429553
0
0
0.00977234
0.000107388
0.000214777
0.000429553
0.000536942
0.000322165
0.00064433
0.000751718
0.000322165
0.000322165
0.00246993
0.000322165
0.00214777
0.00107388
0.00515464
0.0064433
0.00257732
0.0082689
0.0100945
0.0109536
0.00579897
0.0281357
0.0170747
0.0227663
0.0366194
0.123604
0.173325
0.13896
0.046177
0.0225515
0.0227663
0.0171821
0.00440292
0.00698024
0.00762457
0.0046177
0.00311426
0.00268471
0.000859107
0.000859107
0.000751718
0
0.0230885
0
0.000107388
0.000536942
0.000214777
0.00118127
0.00107388
0.00139605
0.000322165
0.00150344
0.000322165
0.00107388
0.000859107
0.000107388
0.00375859
0.000859107
0.000214777
0.0018256
0.000966495
0.00064433
0
0.00569158
0
0.000214777
0.000429553
0.000214777
0.00118127
0.00107388
0.00408076
0.000214777
0.00139605
0.000214777
0.00193299
0.000429553
0.000751718
0.000966495
0.00064433
0.000536942
0.000429553
0.000322165
0
0
0
0.0115979
0
0.000107388
0.00118127
0.000966495
0.000429553
0.000536942
0.000751718
0.00139605
0.00118127
0.00246993
0.000751718
0.000966495
0
0.00558419
0.000966495
0.000536942
0.00171821
0.00161082
0.00107388
0.000322165
0.00762457
0.000859107
0.00107388
0.00107388
0.00161082
0.00107388
0.00128866
0.00472509
0.000214777
0.000429553
0.00139605
0
0.000107388
0.00118127
0.00064433
0.000429553
0.000429553
0
0
0.000107388
0
0.0669029