0
0
0
0.000546747
0.000546747
0
0.000546747
0.000546747
0
0.00109349
0
0.00218699
0.000273373
0.000273373
0.00136687
0.00082012
0.00082012
0.000273373
0.00082012
0.000273373
0.000273373
0.00246036
0
0.000546747
0.000546747
0.000546747
0.00082012
0.00109349
0.00218699
0.000273373
0.000546747
0
0.00218699
0
0.000273373
0
0.000546747
0
0.000273373
0.000273373
0
0
0
0.00710771
0
0
0.000273373
0.000273373
0.000273373
0.000546747
0.000273373
0.00136687
0.000273373
0
0
0
0.000546747
0.00082012
0.00082012
0
0.000273373
0.000546747
0
0
0.00218699
0
0
0
0.000546747
0.000273373
0
0.00191361
0
0.000273373
0.00082012
0
0
0.000273373
0.000546747
0
0
0
0
0
0
0.00382723
0
0
0
0
0.000273373
0.000273373
0.00082012
0
0.00191361
0
0.00109349
0.000273373
0.000273373
0.00246036
0.000273373
0
0.00136687
0.00082012
0.000273373
0.000273373
0.00328048
0.000273373
0
0.00218699
0
0.00136687
0.00109349
0.00328048
0.00109349
0.00164024
0.00109349
0.00191361
0.00246036
0.00191361
0.00355385
0.00218699
0.00109349
0.00273373
0.00109349
0.00164024
0.00136687
0
0.0500273
0.00136687
0.00136687
0.00246036
0.00300711
0.00218699
0.00300711
0.00246036
0.00546747
0.0041006
0.00437397
0.00246036
0.00546747
0.00355385
0.00710771
0.00710771
0.00328048
0.0101148
0.00956807
0.00874795
0.00984144
0.0207764
0.0210498
0.0276107
0.0371788
0.106616
0.196555
0.139694
0.0306178
0.0109349
0.0123018
0.00902132
0.00437397
0.0041006
0.00656096
0.00382723
0.00273373
0.00246036
0.00218699
0.00191361
0.00164024
0
0.00546747
0
0.000273373
0.000273373
0.000273373
0
0.000546747
0
0.000273373
0.00109349
0.000273373
0.000546747
0
0
0.00191361
0
0.000273373
0.000546747
0.000273373
0
0
0.00109349
0
0
0
0.000273373
0
0.000273373
0
0
0
0.000273373
0.000546747
0
0
0
0
0
0.000273373
0
0.000273373
0
0
0.000546747
0
0
0
0
0
0
0
0
0
0.000273373
0
0.000273373
0
0
0
0
0.000273373
0
0
0
0.000273373
0
0
0.000273373
0.000273373
0
0
0.00082012
0
0.000546747
0.000273373
0
0
0.000273373
0.000273373
0
0
0
0
0
0
0.0984144