0
0.00168067
0
0.00420168
0.00504202
0.00420168
0.00336134
0.00336134
0.00504202
0.00168067
0.00168067
0.00420168
0.000840336
0.00168067
0.00252101
0.00420168
0.00336134
0
0.00420168
0.000840336
0.000840336
0.00168067
0.000840336
0.00252101
0.00168067
0.000840336
0.000840336
0.00168067
0.000840336
0.000840336
0
0
0.00168067
0.000840336
0.000840336
0
0
0
0
0
0.000840336
0
0.000840336
0.00252101
0
0
0
0
0
0
0
0.00168067
0
0
0
0
0
0
0
0
0.000840336
0
0
0
0
0
0
0
0
0
0
0
0
0
0
0
0
0
0
0
0
0
0.000840336
0
0
0.000840336
0
0
0
0.000840336
0
0
0
0
0
0
0
0
0
0
0
0
0
0
0
0
0
0
0
0
0
0
0
0
0
0
0
0
0
0
0
0
0
0
0
0
0
0.000840336
0.00336134
0
0
0
0
0
0
0.000840336
0
0
0
0
0.000840336
0.00168067
0.000840336
0.00168067
0.00168067
0
0.00336134
0.000840336
0.00336134
0.00168067
0.00420168
0.00252101
0.00588235
0.0117647
0.00588235
0.0092437
0.0260504
0.105882
0.142017
0.0201681
0.0109244
0.012605
0.0159664
0.0109244
0.0092437
0.00756303
0.00756303
0.010084
0.00672269
0.0134454
0.00672269
0.00336134
0.00840336
0.00336134
0.010084
0.00504202
0.000840336
0.00504202
0.00420168
0.00588235
0.00420168
0.00588235
0.0092437
0.00756303
0.0092437
0.00588235
0.00420168
0.00336134
0.00168067
0.00504202
0.00588235
0
0.000840336
0.00336134
0.00336134
0.00168067
0.00168067
0.000840336
0.00252101
0.00168067
0.000840336
0.00420168
0.00252101
0.00168067
0.00252101
0.00168067
0.00168067
0.00252101
0.00168067
0.000840336
0.00168067
0
0.000840336
0.0462185
0.00168067
0.00168067
0.00672269
0
0.00420168
0.00168067
0.000840336
0.00336134
0.00168067
0.00252101
0.00168067
0.00420168
0.000840336
0.00420168
0.00252101
0.00252101
0.00168067
0.00504202
0.00504202
0.00168067
0.00588235
0.00252101
0.00420168
0.00168067
0.00252101
0.00840336
0.00336134
0.0142857
0.00840336
0.010084
0.010084
0.00672269
0.0092437
0.012605
0.0151261
0.0142857
0.0109244
0.0176471
0.0134454
0.010084
0.00252101
0.0252101