0
0.00042517
0.00212585
0.00127551
0.00170068
0.00127551
0.00297619
0.00170068
0.0042517
0.00467687
0.00212585
0.00255102
0.00212585
0.00340136
0.00552721
0.00382653
0.00255102
0.00340136
0.00297619
0.00382653
0.0042517
0.0106293
0.00042517
0.00127551
0.0042517
0.00127551
0.00595238
0.00595238
0.00382653
0.00297619
0.00297619
0.00085034
0.00595238
0.00170068
0.00595238
0.00255102
0.00085034
0.00127551
0.00127551
0.00170068
0.00212585
0.00127551
0
0.0216837
0
0.00297619
0.00127551
0.00042517
0.00297619
0.00255102
0.00340136
0.00297619
0.00467687
0.00467687
0.00255102
0.00212585
0.00127551
0.00255102
0.00255102
0.00212585
0.00340136
0.00127551
0
0.00042517
0.0042517
0.00042517
0.00170068
0.00042517
0
0
0
0.00340136
0.00127551
0
0.00085034
0.00042517
0.00042517
0.00127551
0
0
0.00042517
0
0
0
0
0.00722789
0
0
0
0
0.00042517
0.00042517
0
0.00042517
0.00127551
0.00042517
0
0.00042517
0.00042517
0.00170068
0
0
0.00127551
0.00042517
0.00042517
0.00042517
0.00340136
0
0.00042517
0.00042517
0
0
0.00042517
0.00170068
0
0
0.00042517
0.00170068
0.00042517
0.00085034
0
0.00042517
0.00085034
0
0
0
0
0
0.0140306
0
0
0.00085034
0.00042517
0.00042517
0.00170068
0.00127551
0.00170068
0.00127551
0.00127551
0.00170068
0.00212585
0.00170068
0.0042517
0.00297619
0.00297619
0.00552721
0.00892857
0.00892857
0.0110544
0.0191327
0.019983
0.0280612
0.039966
0.0612245
0.170918
0.151786
0.0412415
0.00977891
0.0114796
0.0110544
0.00297619
0.00552721
0.00722789
0.00340136
0.00340136
0.00297619
0.00212585
0.00170068
0.00042517
0
0.0157313
0
0
0.00085034
0
0.00127551
0.00042517
0.00127551
0
0.00255102
0.00127551
0.00127551
0.00042517
0.00042517
0.00297619
0.00170068
0.00042517
0.00127551
0.00042517
0.00085034
0
0.00382653
0.00042517
0.00085034
0.00170068
0
0.00170068
0
0.00212585
0.00042517
0.00042517
0.00042517
0.00127551
0
0
0.00127551
0.00085034
0.00042517
0.00042517
0
0
0
0
0.00935374
0
0
0.00042517
0
0.00085034
0.00042517
0.00085034
0.00127551
0.00042517
0.00085034
0.00042517
0.00042517
0
0.00212585
0.00127551
0
0.00212585
0
0
0
0.00467687
0
0.00042517
0.00085034
0.00042517
0
0.00085034
0.00170068
0.00042517
0
0.00127551
0.00042517
0.00085034
0.00042517
0.00085034
0.00085034
0.00127551
0.00085034
0.00042517
0.00085034
0
0.0157313