0
0.000287274
0
0.000287274
0.000861821
0.000287274
0.000861821
0.000574548
0
0.000861821
0
0.000861821
0.000574548
0.000287274
0.000861821
0.000287274
0.000287274
0.000287274
0.000574548
0.000861821
0.000574548
0.00143637
0
0.000287274
0.0011491
0
0.00172364
0.000574548
0.0011491
0.000287274
0.000574548
0
0
0.000287274
0.000861821
0.000574548
0.000287274
0
0
0.000287274
0
0
0
0.00833094
0
0
0.000287274
0.000287274
0.000861821
0.000574548
0.000287274
0.000574548
0.000287274
0
0.000287274
0.000287274
0
0.000574548
0
0
0.00172364
0.000287274
0
0
0.000861821
0
0.000574548
0.000287274
0.0011491
0.000287274
0
0.000574548
0
0
0.0011491
0
0
0.000574548
0.000287274
0.000287274
0
0
0
0
0
0.00229819
0
0
0
0
0
0.000287274
0.000287274
0
0.000287274
0
0.000287274
0
0
0.0011491
0
0
0.000574548
0.000287274
0
0.000287274
0.000574548
0
0
0.000574548
0
0.000861821
0.000287274
0.00143637
0
0.0011491
0.000287274
0.0011491
0.000861821
0.00172364
0.0011491
0.000861821
0.00143637
0.0011491
0.00172364
0.000861821
0.000287274
0
0.041942
0.000574548
0.000574548
0.00201092
0.00172364
0.00287274
0.00316001
0.00287274
0.00229819
0.00344729
0.0066073
0.00229819
0.00402183
0.00201092
0.00603275
0.00402183
0.00344729
0.0066073
0.0054582
0.00746912
0.00775639
0.0183855
0.0117782
0.0183855
0.0252801
0.0261419
0.0396438
0.0913531
0.210572
0.126688
0.0563057
0.020971
0.0123528
0.00976731
0.0109164
0.00459638
0.00373456
0.00229819
0.00316001
0.0011491
0.00316001
0
0.00833094
0
0.000287274
0.000574548
0.0011491
0.000574548
0.000287274
0.000574548
0.000574548
0.00172364
0.000287274
0.00172364
0.000861821
0.000287274
0.000861821
0.000287274
0.000287274
0.000574548
0
0.000287274
0
0.0011491
0.000287274
0
0.000287274
0
0.000287274
0.000287274
0.000287274
0.000287274
0
0
0
0
0
0.000287274
0
0
0
0
0
0
0
0.000861821
0
0
0.000574548
0
0.000287274
0
0
0
0
0
0
0
0
0.0011491
0
0
0.000287274
0
0.000287274
0
0.000574548
0
0
0
0
0.000287274
0.000287274
0.000861821
0
0.000287274
0.000287274
0
0
0
0.000574548
0
0.000574548
0.000287274
0
0
0
0.0942258