0
0
0
0
0
0
0
0
0
0
0
0
0
0
0.00403226
0
0.00134409
0.00134409
0.00403226
0.00268817
0
0.00806452
0
0.00268817
0.00537634
0
0.00403226
0
0.00806452
0
0.00806452
0
0.00537634
0.00134409
0
0.00537634
0.00268817
0.00268817
0.00268817
0.00268817
0
0
0
0.0389785
0
0
0
0.00134409
0
0.00268817
0.00134409
0.00537634
0
0.00672043
0
0
0
0.00806452
0
0
0.00403226
0
0
0
0
0
0.00134409
0.00134409
0
0.00134409
0
0
0
0.00134409
0.00134409
0
0
0
0.00134409
0.00134409
0
0
0
0
0
0.00268817
0
0
0
0
0.00134409
0
0
0.00134409
0
0
0
0
0
0.00134409
0
0
0.00134409
0
0
0
0.00134409
0
0
0.00403226
0
0
0.00134409
0
0
0.00268817
0
0.00268817
0
0
0
0
0
0.00268817
0
0.00134409
0
0
0.00672043
0
0
0
0
0.00134409
0
0.00268817
0
0.00268817
0.00134409
0.00268817
0.00268817
0.00537634
0.00537634
0.0107527
0.00403226
0.00672043
0.0107527
0.0188172
0.0147849
0.016129
0.0241935
0.0376344
0.0456989
0.142473
0.209677
0.0510753
0.0443548
0.0215054
0.0147849
0.0134409
0.00806452
0.00537634
0.0094086
0.00806452
0.00403226
0.00403226
0.00403226
0.00268817
0.00403226
0.00134409
0.00806452
0
0
0.00134409
0
0
0.00134409
0.00134409
0
0.00403226
0
0
0.00268817
0.00134409
0.00134409
0
0.00134409
0
0.00134409
0
0
0.00537634
0
0
0.00134409
0.00403226
0.00134409
0.00134409
0
0
0.00268817
0
0
0.00134409
0.00134409
0
0
0
0
0
0
0
0
0.00268817
0
0
0
0
0
0
0
0.00134409
0
0
0
0
0
0
0
0
0
0
0
0
0.00268817
0
0
0
0
0
0
0.00134409
0
0
0
0
0
0.00134409
0
0
0
0
0
0
0
0.00403226