0
0
0
0
0
0
0
0
0.000865052
0
0
0
0
0
0
0
0
0
0
0
0
0
0
0.0017301
0
0.000865052
0
0
0.000865052
0
0
0
0.000865052
0
0
0.000865052
0
0
0
0.000865052
0
0
0
0.00346021
0
0
0
0
0
0
0
0
0
0
0
0
0
0
0
0.000865052
0.000865052
0
0
0
0
0
0
0
0
0
0.000865052
0.000865052
0.000865052
0
0.000865052
0
0
0
0
0
0
0
0
0.000865052
0
0.000865052
0
0.000865052
0
0.000865052
0.000865052
0
0
0.0017301
0.0017301
0.000865052
0
0
0
0.000865052
0
0
0
0
0
0
0
0
0
0
0
0.000865052
0
0.000865052
0
0
0
0
0
0
0
0
0
0
0
0
0
0
0.0017301
0
0
0
0
0
0
0.000865052
0
0
0
0
0
0
0
0
0
0
0.0017301
0
0.000865052
0.0017301
0.0017301
0.00519031
0.00519031
0.0121107
0.0155709
0.0216263
0.0276817
0.032872
0.0544983
0.0925606
0.154844
0.197232
0.115052
0.033737
0.0233564
0.0207612
0.0155709
0.0103806
0.00865052
0.000865052
0.0216263
0
0.00519031
0.000865052
0.00259516
0.00432526
0.00346021
0.00346021
0
0.000865052
0.00259516
0.000865052
0.00259516
0.000865052
0.0017301
0.0017301
0.00259516
0.000865052
0.0017301
0.00259516
0.000865052
0.000865052
0
0.000865052
0.00259516
0
0.00346021
0.00432526
0.00605536
0
0.0017301
0
0.00692042
0.0017301
0.0017301
0
0.0017301
0.00692042
0.00432526
0
0
0
0
0.00432526
0
0
0
0.0017301
0.000865052
0
0
0
0.000865052
0
0
0.000865052
0
0
0
0
0
0
0
0
0
0
0
0
0.000865052
0
0
0
0
0
0
0
0
0
0.000865052
0
0
0
0
0
0
0.0017301