0
0
0.000277855
0
0
0.000833565
0.000833565
0.000833565
0.000833565
0.00222284
0.000277855
0.00222284
0.00194498
0
0.00361211
0.00111142
0.00138927
0.00222284
0.00166713
0.0030564
0.00166713
0.0119478
0.00138927
0.0030564
0.00472353
0.00166713
0.0055571
0.00361211
0.0086135
0.000833565
0.00416782
0.000277855
0.00527924
0.0030564
0.00194498
0.0030564
0.00333426
0.00222284
0.00250069
0.00055571
0.000833565
0
0
0.0255627
0
0.000277855
0.00111142
0.00111142
0.000833565
0.00277855
0.00250069
0.00361211
0.000833565
0.00277855
0.00055571
0.00055571
0
0.00222284
0.000277855
0
0.00277855
0.00055571
0.000277855
0
0.00388997
0.00055571
0.000277855
0.00055571
0.00055571
0.00055571
0
0.00277855
0
0.00055571
0.00250069
0
0
0.00166713
0.000833565
0
0.000277855
0.000277855
0
0
0
0.0113921
0
0.000277855
0
0.000277855
0
0.000277855
0.000277855
0
0.00055571
0
0.00194498
0.00055571
0.000277855
0.00111142
0.000277855
0.000277855
0.00250069
0.000277855
0.00111142
0
0.00361211
0
0
0.00138927
0.000277855
0.00166713
0.00111142
0.0030564
0.000277855
0.00166713
0
0.00250069
0.00111142
0.00194498
0.00388997
0.00222284
0.00111142
0.00333426
0.00194498
0.000833565
0.000277855
0
0.0263962
0.000277855
0.000833565
0.00388997
0.00250069
0.00194498
0.00333426
0.00388997
0.00500139
0.00361211
0.0055571
0.00666852
0.00500139
0.00277855
0.00722423
0.00611281
0.00500139
0.0111142
0.0100028
0.0119478
0.00916921
0.0225063
0.0155599
0.0219505
0.0222284
0.0277855
0.0400111
0.0416782
0.0500139
0.0647402
0.0883579
0.0580717
0.0258405
0.0122256
0.0155599
0.00833565
0.00805779
0.00444568
0.00500139
0.00527924
0.00277855
0.000277855
0.0119478
0.00055571
0.000833565
0.00138927
0.00138927
0.00194498
0.0030564
0.00055571
0.00138927
0.00222284
0
0.00277855
0.000833565
0.00055571
0.000833565
0.00055571
0.000833565
0.000833565
0.00055571
0.000833565
0.000833565
0.00222284
0.000277855
0.000833565
0
0
0.00111142
0.00138927
0.00055571
0.00055571
0.000277855
0
0.000277855
0.00055571
0.00055571
0.000833565
0.000277855
0
0.000277855
0
0.00055571
0
0
0.00250069
0
0.000277855
0.000277855
0.000277855
0.000277855
0
0.000277855
0.000277855
0
0.000277855
0.00055571
0.00055571
0
0.00166713
0
0.000277855
0.00111142
0.00111142
0.000277855
0
0.00361211
0.00055571
0.00055571
0.00055571
0.000277855
0
0
0.000277855
0.00055571
0.00138927
0.00138927
0
0.00055571
0
0.00055571
0
0.000833565
0
0.00055571
0.000277855
0.00055571
0.0480689