0
0.000370233
0.0011107
0.00055535
0
0.00129582
0.00055535
0.000370233
0.000370233
0.000925583
0.000740467
0.000185117
0.000370233
0.00055535
0.00148093
0.00055535
0.00055535
0.000185117
0.000185117
0.000185117
0.00055535
0.000370233
0.00055535
0.00055535
0.000370233
0
0.000185117
0
0.000370233
0.000185117
0.000370233
0
0.000185117
0
0.000370233
0.000185117
0.000740467
0
0
0
0
0
0
0.00573862
0.000185117
0
0
0
0
0
0.000185117
0.000185117
0
0
0.000185117
0.000185117
0
0
0
0
0
0.000370233
0.000185117
0.000185117
0.000185117
0
0
0
0
0
0.000185117
0
0
0
0
0.000185117
0
0.000370233
0
0
0
0
0
0
0
0.000370233
0
0
0
0.000185117
0
0
0
0
0
0
0
0
0
0.000185117
0
0.000185117
0.000185117
0
0
0.000185117
0
0
0.000370233
0.000185117
0.000185117
0.000185117
0
0.000370233
0
0.000185117
0.000185117
0.000185117
0
0.000185117
0.000185117
0.000370233
0.000185117
0.000185117
0.000185117
0.00055535
0
0.000185117
0.0214735
0.000185117
0.000370233
0.000925583
0.000740467
0.000925583
0.00148093
0.000925583
0.0011107
0.000740467
0.000740467
0.0011107
0.000925583
0.000925583
0.00148093
0.00240652
0.00203628
0.00240652
0.00185117
0.0022214
0.00277675
0.00351722
0.00240652
0.0044428
0.0055535
0.00833025
0.00796001
0.0107368
0.0183265
0.0181414
0.0257312
0.0394298
0.0388745
0.0716401
0.133469
0.087375
0.10274
0.0135135
0.0303591
0.00981118
0.00703443
0.000925583
0.0186968
0.000925583
0.000925583
0.00351722
0.00129582
0.00166605
0.000925583
0.0011107
0.000925583
0.00240652
0.0011107
0.00129582
0.00055535
0.000740467
0.000740467
0.000370233
0.000370233
0.000185117
0.000185117
0.000370233
0.000185117
0.00055535
0.000185117
0.000740467
0.000370233
0.000185117
0.000740467
0.000370233
0.0011107
0.000370233
0
0
0.000185117
0.00055535
0
0.000370233
0
0.00055535
0.00055535
0.000370233
0.000185117
0.000185117
0
0.000370233
0
0
0.000370233
0.000370233
0.000185117
0
0
0.000185117
0
0
0.000185117
0.000185117
0
0.00055535
0
0.00055535
0
0
0.000185117
0.000370233
0.0011107
0.000370233
0.000370233
0.000740467
0.00055535
0
0.000185117
0.000740467
0.000370233
0.000740467
0.0011107
0.000370233
0.000185117
0.0011107
0.00055535
0.000185117
0.0011107
0.000740467
0.000740467
0.00055535
0.00166605
0.219733