0
0
0
0
0
0
0
0
0
0
0
0
0
0
0
0
0
0
0
0
0
0
0
0
0
0
0
0
0
0
0
0
0
0
0
0
0
0
0
0
0
0
0
0.000919118
0
0
0
0
0
0
0
0
0
0
0
0
0
0
0
0
0
0
0
0
0
0
0
0
0
0
0
0
0
0
0
0
0
0
0
0
0
0
0
0
0
0
0
0
0
0
0
0
0
0
0
0
0
0
0
0
0
0
0
0
0
0
0
0
0
0
0
0
0
0
0
0
0
0
0
0
0
0
0
0
0
0
0
0
0
0
0
0
0
0
0
0
0
0
0
0
0
0
0
0
0
0
0
0
0
0.00551471
0.00275735
0.00459559
0.00827206
0.0110294
0.0202206
0.0193015
0.0340074
0.0220588
0.0367647
0.0606618
0.0340074
0.0294118
0.173713
0.0818015
0.0487132
0.0367647
0.0386029
0.0119485
0
0
0.212316
0
0
0
0.00275735
0.00459559
0.000919118
0.00183824
0
0.00735294
0
0.00827206
0
0.000919118
0.0147059
0
0
0.000919118
0
0
0
0.0284926
0
0
0
0
0.000919118
0
0.00827206
0
0
0
0.00275735
0
0
0
0
0
0
0
0
0
0
0.0110294
0
0
0
0
0
0
0
0
0
0.00275735
0
0
0
0.000919118
0
0
0.000919118
0
0
0
0.00275735
0
0
0
0
0
0
0.000919118
0
0
0
0
0
0
0
0
0
0
0
0
0
0.00459559