0
0.000190259
0.000190259
0.000190259
0.000761035
0.000951294
0.000190259
0.00133181
0
0.000951294
0
0.000190259
0.000570776
0.000190259
0.000570776
0.000380518
0.000570776
0.000951294
0.000761035
0.000190259
0.000190259
0.00380517
0.000190259
0.000380518
0.000380518
0.000570776
0.000380518
0.000570776
0.000570776
0
0.000190259
0.000190259
0.000190259
0.000570776
0.000380518
0.000951294
0.000570776
0
0.000380518
0.000190259
0
0
0.000190259
0.00475647
0
0
0.000190259
0
0
0
0.000380518
0
0.000190259
0
0
0.000380518
0
0.000951294
0.000380518
0
0
0.000190259
0
0
0.00171233
0
0
0.000190259
0
0.000190259
0
0.000380518
0
0.000380518
0.000380518
0
0
0.000190259
0.000190259
0.000190259
0
0
0
0
0
0.00247336
0
0
0
0.000190259
0
0
0.000190259
0
0
0
0.000190259
0
0
0.000951294
0.000190259
0.000190259
0
0.000190259
0.000190259
0
0.000951294
0
0.000380518
0.000190259
0
0.000380518
0.000570776
0.000951294
0
0
0.000190259
0.000761035
0.000570776
0.000570776
0.000380518
0.000951294
0.000570776
0.000380518
0.000190259
0.000570776
0.000190259
0
0.0108447
0.000761035
0.000380518
0.000570776
0.000570776
0.000951294
0.00114155
0.0032344
0.00247336
0.00114155
0.00361492
0.00266362
0.00266362
0.00171233
0.0087519
0.00380517
0.0022831
0.00989346
0.00837138
0.00627854
0.00266362
0.0235921
0.00570776
0.0121766
0.0129376
0.0148402
0.0146499
0.0146499
0.033105
0.0131279
0.02207
0.027968
0.016933
0.0300609
0.0882801
0.139079
0.0821918
0.0490868
0.031583
0.00837138
0.00494673
0.000951294
0.100266
0.000380518
0.00152207
0.00266362
0.00513699
0.00399543
0.00418569
0.00380517
0.0022831
0.00475647
0.00133181
0.0097032
0.00133181
0.00152207
0.0150304
0.000951294
0.000761035
0.00152207
0.00114155
0
0.000190259
0.00951294
0.000190259
0.000951294
0.000570776
0.000380518
0.00285388
0
0.00532725
0.000380518
0.000190259
0.000190259
0.000951294
0.000761035
0.000761035
0.000761035
0.000380518
0.000190259
0.000761035
0.000380518
0
0
0
0.00856164
0
0
0.000190259
0.000380518
0.000190259
0.000190259
0.000761035
0.000951294
0.000380518
0.000380518
0
0.000951294
0
0.00152207
0.000190259
0
0.000380518
0.000761035
0.000380518
0
0.00361492
0.000190259
0.000570776
0.000380518
0.000761035
0
0
0.00171233
0.000380518
0.00114155
0.00266362
0.000190259
0.000380518
0.000761035
0.000190259
0.000761035
0.000761035
0.000761035
0.000190259
0.000761035
0
0.0138889