0
0.000516796
0.000516796
0.00103359
0.00103359
0.00103359
0.00568475
0.00878553
0.00568475
0.0134367
0.00775194
0.0186047
0.0175711
0.0217054
0.0330749
0.0175711
0.0428941
0.0428941
0.0397933
0.0377261
0.022739
0.0242894
0.0108527
0.0155039
0.0134367
0.00775194
0.00930233
0.00568475
0.0144703
0.00413437
0.00516796
0.00620155
0.00516796
0.00310078
0.00465116
0.00516796
0.00155039
0.000516796
0.00413437
0.00258398
0.000516796
0.00155039
0
0.0682171
0
0
0.00206718
0.00103359
0.000516796
0.00103359
0.000516796
0.000516796
0.00103359
0.000516796
0
0.000516796
0
0.00206718
0.000516796
0
0.00206718
0
0.000516796
0
0.00155039
0
0
0.000516796
0
0.000516796
0
0
0
0.00103359
0.000516796
0.000516796
0
0.000516796
0
0
0.000516796
0
0
0
0
0.00413437
0
0
0
0.000516796
0.00103359
0.000516796
0.000516796
0
0
0
0.000516796
0
0
0.000516796
0
0
0.00155039
0
0.000516796
0
0.00206718
0
0
0.00103359
0
0.00155039
0.000516796
0.00103359
0
0.000516796
0.000516796
0.00155039
0.000516796
0.00206718
0
0
0
0.00206718
0
0
0
0
0.0196382
0
0.000516796
0.000516796
0
0.00103359
0.00155039
0.00206718
0.00413437
0.00258398
0.00413437
0.00206718
0.00413437
0.00103359
0.00775194
0.00465116
0.00155039
0.00413437
0.00516796
0.00310078
0.00258398
0.00310078
0.00155039
0.00568475
0.00310078
0.00206718
0.00258398
0.00155039
0.00258398
0
0.00258398
0.00413437
0.00103359
0
0.00206718
0.000516796
0.00155039
0.00103359
0.00103359
0
0
0
0.00826873
0
0
0
0.00103359
0.00103359
0.00155039
0
0
0.000516796
0
0
0.00103359
0
0.00103359
0
0.000516796
0
0
0
0
0.00258398
0
0
0
0
0.000516796
0
0.000516796
0
0.000516796
0
0.00103359
0
0
0
0
0
0
0
0
0
0
0.00155039
0
0
0
0
0
0
0
0.00155039
0
0
0
0
0
0.000516796
0
0.000516796
0
0.00103359
0
0
0.00206718
0
0
0.00361757
0
0
0
0.000516796
0.000516796
0.00103359
0.00103359
0
0
0.00258398
0.00155039
0.00155039
0.00103359
0
0.00155039
0
0.000516796
0.252713