0
0
0
0.000712251
0.00106838
0.000712251
0.00178063
0.00320513
0.000712251
0.014245
0.0014245
0.0495014
0.00462963
0.00320513
0.0865385
0.00391738
0.00462963
0.0174501
0.0106838
0.00925926
0.0121083
0.0833333
0.0103276
0.0153134
0.014245
0.0121083
0.0281339
0.0202991
0.0299145
0.00641026
0.00961538
0.00783476
0.0124644
0.00712251
0.00462963
0.00890313
0.00676638
0.00249288
0.00249288
0.00213675
0.000356125
0
0.000356125
0.037037
0.000356125
0.000356125
0.00178063
0.00106838
0.000712251
0
0.00106838
0.000356125
0.000712251
0.000712251
0
0.000356125
0
0.00320513
0
0
0
0.000712251
0
0
0.0042735
0
0.000356125
0
0.00106838
0.000356125
0
0.000712251
0
0.000356125
0.000356125
0
0
0
0.000356125
0
0
0
0
0
0
0.00747863
0
0
0
0.000712251
0.000356125
0
0.000356125
0
0.000356125
0.000356125
0.00106838
0
0.000356125
0.00249288
0
0
0
0
0
0
0.00213675
0
0.000356125
0.000356125
0
0.000356125
0
0.00249288
0
0.000356125
0.000356125
0.002849
0.000356125
0.0014245
0.000712251
0.000356125
0.000712251
0.000712251
0.00106838
0
0
0
0.0103276
0.000712251
0.000712251
0.00249288
0.00106838
0.000356125
0.00249288
0.000712251
0.00249288
0.00249288
0.00178063
0.000712251
0.000712251
0.00106838
0.000712251
0.00178063
0.00106838
0.0014245
0.000712251
0.0014245
0.000712251
0.002849
0.000712251
0.0014245
0.000712251
0.000712251
0.00178063
0.0014245
0.00178063
0.00106838
0.00178063
0.00178063
0.000356125
0.00213675
0.00106838
0.00213675
0.000356125
0.00106838
0.000712251
0
0.000356125
0
0.00676638
0
0
0
0
0
0.000356125
0.000356125
0
0
0
0.000712251
0
0
0.00106838
0.000356125
0
0.0014245
0.000712251
0
0
0.00712251
0
0
0
0
0.000712251
0
0.0042735
0
0
0
0.00356125
0
0.00106838
0
0
0
0
0
0
0
0
0.0160256
0
0
0
0
0
0
0
0.00106838
0
0.00356125
0
0
0
0.00356125
0
0.000356125
0.002849
0
0
0
0.019943
0
0
0.000712251
0.00320513
0.000356125
0
0.0160256
0.000356125
0.000356125
0.00819088
0
0
0.0042735
0.00178063
0.0014245
0.00320513
0.000712251
0
0.000356125
0
0.227564