0
0
0
0.000769231
0.00115385
0.00269231
0.00461538
0.00692308
0.000769231
0.015
0.00115385
0.0146154
0.0138462
0.00615385
0.0342308
0.00692308
0.0142308
0.02
0.0173077
0.0126923
0.00307692
0.0419231
0.00115385
0.00461538
0.0142308
0.005
0.0142308
0.00576923
0.0142308
0.00192308
0.00269231
0.00269231
0.00615385
0.00192308
0.00692308
0.00461538
0.00384615
0.000769231
0.00153846
0.00153846
0.000384615
0
0
0.04
0
0.000384615
0.00230769
0.00269231
0.00346154
0.00692308
0.0134615
0.0153846
0.00423077
0.0138462
0.000769231
0.0103846
0.000384615
0.0226923
0.0103846
0.00115385
0.0238462
0.0173077
0.00115385
0
0.0488462
0
0.00115385
0.00807692
0.0230769
0.00461538
0
0.0257692
0.00153846
0.00692308
0.0226923
0
0.000384615
0.0246154
0.00884615
0.00346154
0.00230769
0.000384615
0
0
0
0.0442308
0
0
0
0.000769231
0.00307692
0.00115385
0.00384615
0.000769231
0.00730769
0.000769231
0.00961538
0.00192308
0.000384615
0.00884615
0.00115385
0.00153846
0.00346154
0.00192308
0.00115385
0
0.00846154
0
0.000769231
0.00192308
0.000769231
0.00346154
0.00230769
0.00576923
0
0.00153846
0.000384615
0.00346154
0.00115385
0.00230769
0.00423077
0.00192308
0.00153846
0.00192308
0.00115385
0
0
0
0.0192308
0
0
0.000384615
0.00269231
0.000384615
0.00153846
0.00192308
0.00153846
0.00153846
0.00115385
0
0.00307692
0.000384615
0.005
0.00115385
0
0.00192308
0.000384615
0
0
0.00730769
0
0
0.00115385
0
0
0.000384615
0.00269231
0.000769231
0.00115385
0.00153846
0
0.00115385
0.000769231
0.000769231
0.000769231
0
0.000769231
0
0
0
0.00923077
0
0
0.00115385
0.00115385
0.00115385
0.00115385
0.00230769
0.000769231
0.00269231
0.000384615
0.00269231
0.00153846
0.000384615
0.00269231
0.000384615
0.000384615
0.00115385
0.000769231
0
0
0.00384615
0
0
0.000769231
0
0.000769231
0.000384615
0.000769231
0
0
0
0.00230769
0
0.000769231
0.000384615
0.000769231
0
0
0
0
0
0
0.00846154
0
0
0
0
0
0
0.000384615
0.000384615
0
0.00269231
0
0.000769231
0
0.00192308
0.00115385
0
0.00115385
0.000384615
0
0
0.00461538
0
0.000384615
0.000769231
0.00192308
0.00115385
0
0.00269231
0.000384615
0.00153846
0.00461538
0.000769231
0
0.00384615
0.00192308
0.000769231
0.000769231
0.000384615
0
0.000384615
0
0.0326923