0
0
0.00292398
0
0.00292398
0
0.00584795
0.00877193
0.00292398
0.0292398
0
0.0380117
0.0146199
0.00292398
0.0964912
0
0
0.0497076
0.0146199
0
0.0116959
0.0730994
0.00292398
0.00877193
0.0175439
0.00292398
0.0380117
0.0204678
0.0555556
0.00584795
0.0204678
0
0.0204678
0.00292398
0.0116959
0.0175439
0.00584795
0.00584795
0.0146199
0
0
0
0
0.0526316
0
0.00292398
0
0.00292398
0
0
0.00292398
0
0
0.00584795
0
0.00292398
0
0
0.00292398
0
0
0
0
0
0.0204678
0
0.00584795
0
0
0
0
0
0
0
0.00292398
0
0
0
0
0.00292398
0
0
0
0
0
0.0116959
0
0
0
0
0
0
0.00292398
0
0
0
0
0
0
0.00584795
0
0.00292398
0
0.00292398
0
0
0.00877193
0
0
0.00292398
0
0.00292398
0.00292398
0.00877193
0
0.00584795
0
0
0
0
0
0
0
0
0.00292398
0
0
0
0.00584795
0
0
0
0
0
0
0
0
0
0
0
0
0
0
0
0
0
0
0
0
0
0
0
0
0
0
0
0.00292398
0
0
0
0
0
0
0
0
0
0
0
0
0
0.00877193
0
0
0.00292398
0
0
0
0
0
0.00584795
0
0.00292398
0.00292398
0
0.00292398
0
0
0.00292398
0
0
0
0.00584795
0
0
0
0
0.00292398
0
0.00292398
0
0
0
0.00292398
0.00292398
0
0
0
0
0
0
0
0
0
0.0116959
0
0
0
0
0
0.00877193
0
0
0
0
0
0
0
0.00292398
0
0
0
0
0
0
0.0116959
0
0
0
0.00292398
0
0
0.00584795
0
0
0.00877193
0
0
0
0
0.00292398
0
0
0.00292398
0.00292398
0
0.111111