0
0
0
0
0
0
0.00123457
0.00123457
0
0.00493827
0
0.00617284
0.00246914
0
0.00987654
0
0.00617284
0.00864198
0.00493827
0.00740741
0.00617284
0.037037
0.00123457
0.00123457
0.0296296
0
0.0148148
0.0111111
0.0185185
0.00123457
0.0148148
0.00493827
0.0160494
0.00864198
0.00493827
0.00246914
0
0.00493827
0.00493827
0.00246914
0
0
0
0.0382716
0
0
0
0
0
0.00123457
0.00246914
0
0
0.00123457
0
0
0
0.00864198
0
0
0.00123457
0.00246914
0
0
0.0037037
0
0
0
0
0
0
0.0037037
0
0
0.00246914
0
0
0
0.00123457
0
0
0
0
0
0
0.00617284
0
0
0
0
0
0
0
0
0.00123457
0
0.00246914
0
0
0.00246914
0
0
0
0
0
0
0.00987654
0
0
0
0
0.00617284
0.00123457
0.00493827
0
0
0
0.0037037
0.00123457
0.0037037
0.00123457
0.00246914
0.00123457
0.00123457
0
0
0
0
0.103704
0
0
0.00123457
0.0037037
0.00617284
0.0148148
0.0209877
0.0222222
0.00740741
0.0407407
0.00246914
0.0308642
0
0.0567901
0.0259259
0
0.0160494
0.0283951
0.00246914
0
0.0382716
0
0.00493827
0.00246914
0.0123457
0.00123457
0
0.017284
0.00123457
0.00123457
0.00493827
0
0.00123457
0.00493827
0.00123457
0
0
0
0
0
0
0.045679
0
0
0
0
0
0
0
0
0
0
0.00123457
0
0
0.0037037
0
0
0
0
0
0
0.0123457
0
0
0
0
0.00123457
0
0.00246914
0
0
0
0
0
0
0.00123457
0
0
0
0
0
0
0
0.0320988
0
0
0
0
0
0
0
0
0
0
0
0
0
0
0
0
0.00123457
0
0
0
0.00864198
0
0
0
0.00123457
0
0
0.0037037
0
0
0.00246914
0
0
0
0.00123457
0
0
0
0
0
0
0.0518519