0
0.000530223
0.00265111
0.000530223
0.000530223
0.00159067
0.00424178
0.00212089
0.00212089
0.00318134
0.00212089
0.004772
0.00530223
0.004772
0.00583245
0.004772
0.00636267
0.00212089
0.00583245
0.00424178
0.00424178
0.00583245
0.00318134
0.00742312
0.00583245
0.00106045
0.00795334
0.00530223
0.00371156
0.00212089
0.00530223
0.00424178
0.00530223
0.00318134
0.00159067
0.00159067
0.00106045
0.00212089
0.004772
0.00159067
0.00106045
0.000530223
0
0.0408271
0.00318134
0.00212089
0.00212089
0.00318134
0.00265111
0.00371156
0.00318134
0.00212089
0.00265111
0.00318134
0
0.00212089
0.000530223
0.00318134
0.00371156
0
0.00106045
0.00371156
0.00106045
0.000530223
0.00636267
0.00212089
0.00212089
0.00265111
0
0.00265111
0.00265111
0.00371156
0.00265111
0.00106045
0.00318134
0
0.00159067
0.00212089
0
0.00106045
0.00265111
0.000530223
0
0
0
0.0127253
0
0.000530223
0
0
0.00106045
0.00265111
0.000530223
0
0.00371156
0
0.000530223
0.00318134
0.000530223
0.00424178
0.000530223
0.00371156
0.00159067
0.00265111
0
0.00106045
0.0106045
0
0.00106045
0.00212089
0
0.00265111
0.000530223
0.00371156
0
0.00106045
0
0.00424178
0
0.00424178
0.00318134
0.00159067
0.000530223
0.000530223
0.00265111
0.000530223
0.000530223
0
0.0493107
0.000530223
0.000530223
0.004772
0.0174973
0.0185578
0.0185578
0.019088
0.0243902
0.0233298
0.033404
0.0106045
0.0371156
0.00689289
0.0339343
0.0259809
0.00636267
0.0212089
0.0180276
0.0121951
0.000530223
0.0302227
0.00530223
0.00742312
0.00212089
0.00795334
0.00530223
0.00530223
0.00795334
0.00212089
0.00424178
0.004772
0.000530223
0.00159067
0.00424178
0.000530223
0.00106045
0.000530223
0.00106045
0
0.000530223
0
0.0148462
0
0
0
0.00159067
0.00265111
0.00106045
0.000530223
0.00212089
0.00689289
0.00212089
0.00212089
0.00318134
0.00371156
0.00265111
0.000530223
0.00265111
0.00530223
0.00106045
0.00212089
0
0.00636267
0
0.00159067
0.00106045
0.00159067
0.00212089
0.00159067
0.00106045
0
0.000530223
0.00159067
0
0
0.00106045
0.00106045
0
0
0.00106045
0.000530223
0
0
0
0.00371156
0
0
0.000530223
0
0
0.000530223
0.000530223
0.000530223
0
0.00212089
0
0
0
0.00212089
0
0
0.000530223
0.000530223
0
0
0.00212089
0
0.000530223
0.00106045
0.00265111
0.00106045
0.000530223
0.00159067
0.000530223
0
0.00265111
0
0
0.00159067
0.00106045
0
0.00371156
0.000530223
0.000530223
0.00159067
0.000530223
0.0710498