0
0
0
0
0
0
0
0.00207039
0
0.010352
0
0.010352
0
0
0.0207039
0
0.00207039
0.0227743
0.0124224
0.010352
0.00414079
0.0393375
0
0.00621118
0.0144928
0.00414079
0.0144928
0.0165631
0.0289855
0
0.0144928
0.00414079
0.0144928
0.00414079
0.00621118
0.00828157
0.00828157
0.00414079
0
0.00207039
0
0
0
0.0455487
0
0
0
0.00207039
0
0.00207039
0
0
0
0
0
0
0
0.00414079
0
0
0
0
0
0
0.00414079
0
0
0.00207039
0
0
0
0.00207039
0
0
0
0
0
0
0
0
0
0
0
0
0
0.0124224
0
0
0
0
0
0
0
0
0
0
0
0
0
0.00207039
0
0
0
0
0
0
0.00207039
0
0
0
0
0.00207039
0
0.00207039
0
0.00207039
0
0.00414079
0
0
0.00414079
0
0
0
0
0
0
0
0.115942
0
0
0.00207039
0.00414079
0.00207039
0.00621118
0.0207039
0.0289855
0.00828157
0.0434783
0.00621118
0.0186335
0.00207039
0.0310559
0.0124224
0
0.0227743
0.0227743
0.010352
0
0.0434783
0
0.00414079
0.00414079
0.010352
0.00621118
0.00207039
0.0289855
0
0.00414079
0.00828157
0
0
0.00414079
0.00207039
0
0.00207039
0.00207039
0
0
0
0.0393375
0
0
0
0
0
0
0
0
0.00207039
0
0
0
0
0.00414079
0
0
0
0
0
0
0.00207039
0
0
0
0
0.00207039
0
0
0
0
0
0
0
0
0
0
0
0
0
0
0
0
0.010352
0
0
0
0
0
0
0
0
0
0
0
0
0
0.00414079
0
0
0
0
0
0
0.00621118
0
0
0
0
0
0
0.00414079
0
0
0.00207039
0
0
0
0.00207039
0
0
0
0
0
0
0.0621118