0
0
0.00252101
0.000840336
0.00252101
0.00420168
0.00840336
0.0117647
0.00336134
0.0361345
0.00252101
0.0714286
0.0092437
0.00504202
0.0638655
0.010084
0.00672269
0.0487395
0.0109244
0.00672269
0.010084
0.0806723
0.0092437
0.0092437
0.00756303
0.0092437
0.0159664
0.00252101
0.0193277
0.00504202
0.00336134
0.00336134
0.00672269
0
0.00336134
0.00672269
0.00252101
0.00252101
0.00168067
0.00336134
0.00168067
0.000840336
0
0.0411765
0.00252101
0
0.000840336
0.00168067
0.00168067
0.000840336
0.00420168
0.00168067
0.00336134
0.00336134
0.00252101
0
0.00252101
0.00588235
0.000840336
0.000840336
0.00168067
0
0.00168067
0
0.0117647
0
0.000840336
0
0.00336134
0.000840336
0
0.00672269
0
0
0.00252101
0.000840336
0
0.000840336
0.00168067
0.000840336
0.000840336
0
0.000840336
0
0
0.00588235
0
0
0
0.00168067
0
0
0.000840336
0.000840336
0
0.000840336
0.000840336
0
0.000840336
0.000840336
0
0.000840336
0
0.00168067
0
0
0.00420168
0
0
0.00168067
0.00168067
0.00252101
0.00252101
0.00252101
0
0.00336134
0.000840336
0.00168067
0
0.000840336
0
0
0.00252101
0
0.00168067
0.000840336
0
0
0.00504202
0
0
0.000840336
0.000840336
0
0
0.000840336
0
0.00168067
0.000840336
0.000840336
0
0
0.000840336
0.000840336
0
0.000840336
0
0
0.000840336
0
0
0
0.000840336
0
0
0
0
0
0.000840336
0.000840336
0
0
0.00168067
0
0.00168067
0.00168067
0
0.000840336
0
0
0.00840336
0
0
0
0
0.000840336
0
0
0.000840336
0.000840336
0
0
0
0
0.00168067
0
0
0.000840336
0.00168067
0
0
0.00336134
0
0
0
0
0.000840336
0
0
0
0.000840336
0
0
0
0
0.00168067
0
0
0.000840336
0
0
0
0
0.0134454
0
0
0
0
0
0
0.00336134
0.00336134
0
0.00420168
0
0
0
0.0151261
0
0
0.00756303
0
0
0
0.0134454
0
0
0.00252101
0.0109244
0.00168067
0
0.00756303
0
0.000840336
0.0159664
0
0
0.00504202
0.00588235
0.00252101
0.000840336
0.000840336
0.00168067
0.000840336
0.00168067
0.17395