0
0
0
0
0.000581395
0.0116279
0.00697674
0.0168605
0.00406977
0.0244186
0.00232558
0.0145349
0.0244186
0.0145349
0.0186047
0.0110465
0.0151163
0.0203488
0.00813953
0.00290698
0.00174419
0.0162791
0
0.000581395
0
0
0.00116279
0
0.00232558
0
0.00116279
0
0.00174419
0.000581395
0
0.000581395
0
0
0
0
0
0
0
0.0162791
0
0
0
0
0
0
0
0
0
0
0
0
0
0.000581395
0
0
0
0
0
0
0.00232558
0
0
0
0
0
0
0.000581395
0
0
0
0
0
0
0
0
0
0
0
0
0
0.00523256
0
0
0
0
0
0
0
0
0
0
0
0
0
0
0
0
0
0
0
0
0.000581395
0
0
0
0
0
0
0.00116279
0
0
0
0
0
0.000581395
0
0.000581395
0
0
0
0
0
0
0.0162791
0
0
0.00116279
0.00174419
0.000581395
0.00174419
0.00232558
0.00639535
0.00348837
0.00581395
0.00465116
0.00988372
0.00581395
0.0302326
0.0366279
0.0197674
0.055814
0.0488372
0.0348837
0.0197674
0.075
0.0244186
0.0180233
0.022093
0.0156977
0.00988372
0.00348837
0.0209302
0.00348837
0.00930233
0.0110465
0
0.00232558
0.00872093
0.00523256
0.00232558
0.00116279
0
0.000581395
0
0
0.0488372
0
0
0
0.000581395
0
0
0
0
0
0.000581395
0.00232558
0
0
0.00348837
0
0
0
0
0
0
0.00523256
0
0.000581395
0
0
0
0
0.00290698
0
0
0
0
0
0
0
0
0
0
0
0
0
0
0.0122093
0
0
0
0
0
0
0
0
0
0
0
0
0
0.00232558
0
0
0
0
0
0
0.00988372
0
0
0.000581395
0
0
0
0.0122093
0
0
0.00232558
0
0.000581395
0
0
0
0.000581395
0.00174419
0
0
0
0.102907