0
0
0.00207756
0.0034626
0.00207756
0.0034626
0.000692521
0.00554017
0.00138504
0.00484765
0
0.00207756
0.0034626
0.0034626
0.0034626
0.000692521
0
0.00277008
0
0.000692521
0
0.0034626
0
0
0.000692521
0
0.000692521
0
0.00138504
0
0
0
0
0
0
0
0
0
0
0
0
0
0
0.00138504
0
0
0
0
0
0.000692521
0.00138504
0
0
0.00138504
0
0
0
0.000692521
0
0
0.000692521
0.000692521
0
0
0.000692521
0
0
0
0
0
0
0
0
0
0
0
0
0
0
0
0
0
0
0
0
0.00138504
0
0
0
0
0
0
0.000692521
0
0
0
0
0.000692521
0
0
0
0
0
0
0
0
0
0
0
0
0
0
0
0
0
0
0
0
0
0
0
0
0
0
0
0
0
0
0.00415512
0
0
0
0
0.00138504
0
0.000692521
0.00415512
0.00138504
0.00692521
0.000692521
0.00415512
0.00623269
0.015928
0.0152355
0.0145429
0.0325485
0.0283934
0.0498615
0.015928
0.0623269
0.0457064
0.0457064
0.0443213
0.0498615
0.0353186
0.0221607
0.0228532
0.0193906
0.0207756
0.0131579
0.00277008
0.00692521
0.0103878
0.00623269
0.00692521
0.00900277
0.00277008
0.00207756
0.00138504
0
0.0290859
0
0
0.00207756
0.00277008
0.0034626
0.00207756
0.0034626
0.00138504
0.00554017
0
0.00554017
0.00415512
0.00207756
0.00415512
0.00207756
0.0034626
0.00207756
0.000692521
0.00207756
0
0.00623269
0
0
0.00138504
0
0.00138504
0.00207756
0.00277008
0
0.0034626
0
0.000692521
0.00138504
0.00554017
0.00207756
0.000692521
0.000692521
0.00277008
0.000692521
0
0
0
0.0124654
0
0
0.000692521
0
0.000692521
0.000692521
0.00138504
0.00138504
0.00138504
0.00415512
0.00207756
0.00484765
0
0.00761773
0.00277008
0
0.00207756
0.0034626
0.0034626
0
0.00969529
0.0034626
0.00277008
0.00554017
0.00554017
0.00277008
0.00415512
0.00831025
0.00761773
0.00484765
0.00554017
0.00623269
0.00484765
0.00761773
0.00900277
0.00484765
0.00484765
0.00484765
0.00623269
0.0034626
0
0.0415512