0
0.00455927
0.00861196
0.0151976
0.0111449
0.0121581
0.00911854
0.00962513
0.00658561
0.0070922
0.00658561
0.00658561
0.00861196
0.00810537
0.00962513
0.00759878
0.0106383
0.00607903
0.0070922
0.00759878
0.00962513
0.0116515
0.00962513
0.0106383
0.0141844
0.0131712
0.0116515
0.0126646
0.0121581
0.0106383
0.0141844
0.0101317
0.00759878
0.00810537
0.00607903
0.0070922
0.00506586
0.00810537
0.00506586
0.00455927
0.00911854
0.00405269
0.00101317
0.091692
0.00101317
0.00151976
0.000506586
0.00202634
0.00202634
0.00151976
0.00101317
0.000506586
0
0
0.00101317
0
0
0.000506586
0.000506586
0
0
0
0.00101317
0
0.000506586
0
0
0.00101317
0
0
0
0
0
0
0
0
0
0
0
0
0
0
0
0
0
0.000506586
0
0
0
0
0
0
0
0
0
0
0
0
0
0
0
0
0
0
0
0
0
0
0
0
0
0
0
0
0
0.000506586
0
0.000506586
0.000506586
0.000506586
0
0
0
0
0
0
0
0
0.0486322
0.00455927
0.00151976
0.00202634
0.00101317
0
0.00151976
0.00202634
0.000506586
0.00202634
0.000506586
0.000506586
0.00303951
0.00101317
0.00151976
0.00202634
0.00151976
0.00151976
0.00253293
0.00151976
0.00101317
0.00303951
0.00202634
0.00303951
0.0035461
0.00303951
0.00202634
0.00151976
0.00303951
0.00202634
0
0.00151976
0.00101317
0
0.00101317
0
0.000506586
0.000506586
0
0
0.00151976
0
0
0
0.000506586
0
0
0.00101317
0.000506586
0
0
0
0.000506586
0.00151976
0
0
0.000506586
0
0
0
0
0.000506586
0.000506586
0.000506586
0
0.000506586
0
0
0.000506586
0
0.000506586
0
0
0.000506586
0
0.00101317
0
0.000506586
0
0
0
0
0
0
0
0.00810537
0.000506586
0
0.000506586
0
0
0.000506586
0
0.000506586
0
0.000506586
0.000506586
0
0
0
0.000506586
0
0.000506586
0
0.000506586
0
0.00101317
0
0
0.000506586
0.00101317
0
0.00101317
0.00101317
0.000506586
0.00101317
0.000506586
0.00101317
0
0.00101317
0.00101317
0.00151976
0.00202634
0.00151976
0.00253293
0.00202634
0.00101317
0.369808