0.00330568
0.0189266
0.0351309
0.0607985
0.0447239
0.035455
0.0364921
0.028714
0.0215841
0.0254732
0.0175655
0.0133523
0.0129634
0.0147783
0.0236583
0.0417423
0.0791418
0.0912626
0.073049
0.0415478
0.0240472
0.0186025
0.00609282
0.0109541
0.00725953
0.00499093
0.00550946
0.00447239
0.0022686
0.000583355
0.00168525
0.000518538
0.000518538
0.000388903
0.000453721
6.48172e-005
0
0
0.000388903
6.48172e-005
6.48172e-005
0
0
0.00369458
0
0
0
0
0
0
0
0
0
0
0
0
0
6.48172e-005
0
0
0
0
0
0
0
0
0
0
6.48172e-005
0
0
0
0
0
0
0
0
0
0
0
0
0
0
0
0
0
0
0
0
0
0
6.48172e-005
0
0
0
0
0
0
0
0
0
0
0
0
0
0
0.000129634
0
0
0
0
0
0
6.48172e-005
0
0
0
6.48172e-005
0
0
0
0
0
0
0
0
0
0
0.000129634
0
0
0
0
0
6.48172e-005
0
0
0
6.48172e-005
0
0
0
0
0
0
0
0
0
0
0
0
0
0
0
6.48172e-005
0
6.48172e-005
6.48172e-005
0
0
0
0
0.000129634
0
0
0
0
0
0
0
6.48172e-005
0
0
0
0
0
6.48172e-005
0
0
6.48172e-005
0
6.48172e-005
0.000259269
0.000129634
6.48172e-005
0.000259269
6.48172e-005
0.000129634
0.000129634
6.48172e-005
0
0.000324086
0
0
0
6.48172e-005
0.000129634
0.000129634
0.000324086
0.000194452
0.000194452
0.000129634
0.000518538
0.000324086
6.48172e-005
0.000194452
6.48172e-005
6.48172e-005
0.000194452
0
6.48172e-005
0
0
0.00687062
0
0.000129634
0.000453721
0.000324086
0.000194452
0.000388903
0.00110189
0.000712989
0.000453721
0.000712989
0.000518538
0.000777807
0.000453721
0.00155561
0.000648172
0.000324086
0.00175006
0.00129634
0.00110189
0.000842624
0.00324086
0.00142598
0.0014908
0.00162043
0.00207415
0.00181488
0.00168525
0.0022686
0.0018797
0.00233342
0.00272232
0.0018797
0.00285196
0.00356495
0.00401867
0.00330568
0.00466684
0.00537983
0.00803733
0.0104356
0.0108893
0.0841327