0
0.0628698
0.0883876
0.0514053
0.0377219
0.0447485
0.0258876
0.0181213
0.0133136
0.0273669
0.0133136
0.0266272
0.0221893
0.0188609
0.0151627
0.0110947
0.00813609
0.00295858
0.00184911
0.00147929
0
0.000739645
0
0.000739645
0.000369822
0
0.000369822
0.000369822
0
0
0
0
0
0
0
0
0
0.000369822
0
0
0
0
0
0.000739645
0
0
0
0
0
0
0
0
0
0
0
0
0
0
0
0
0
0
0
0
0
0
0
0
0.000369822
0
0
0
0
0
0
0
0
0
0
0
0
0
0
0
0
0.000739645
0
0
0
0
0
0
0
0
0
0
0
0
0
0
0
0
0.000369822
0
0
0
0.000369822
0
0
0
0
0
0
0.000369822
0
0
0
0
0
0
0
0
0
0
0
0
0
0
0.00184911
0
0.000369822
0
0.000739645
0
0
0.000739645
0.000739645
0.000369822
0.00184911
0
0
0
0.00258876
0.000369822
0.000739645
0.00258876
0.00110947
0.00110947
0
0.00369822
0.000369822
0.000369822
0.00110947
0.000369822
0
0
0.00517751
0
0.00110947
0.00147929
0
0.00110947
0.00295858
0.0033284
0.00221893
0.00110947
0
0.000369822
0
0
0.0232988
0
0
0
0.00147929
0.00258876
0.000739645
0.000739645
0.000369822
0.00258876
0
0.00221893
0.00110947
0.000369822
0.00110947
0
0.00110947
0.000369822
0.000369822
0.000739645
0
0.00369822
0
0.000369822
0.000369822
0
0.000739645
0.000369822
0.0033284
0
0.000369822
0
0.00295858
0.000369822
0.00110947
0.000739645
0.000739645
0.000369822
0.000369822
0.000369822
0
0
0
0.012574
0
0
0.000369822
0.000369822
0.000369822
0.00110947
0.00147929
0.00110947
0.000369822
0.00184911
0.00110947
0.000369822
0
0.00443787
0.000739645
0
0.00480769
0.00221893
0
0.000739645
0.0140533
0.000739645
0.00369822
0.0033284
0.0110947
0.00369822
0.00406805
0.0181213
0.00554734
0.00702663
0.0181213
0.00517751
0.00554734
0.0155325
0.0129438
0.012574
0.0140533
0.00998521
0.0114645
0.0159024
0.0251479
0.155325