0
0.0336293
0.0382029
0.0277105
0.0349744
0.0446597
0.0328222
0.0357815
0.0188324
0.0538068
0.00995426
0.0368577
0.0328222
0.0209847
0.03901
0.0147969
0.0169492
0.0217918
0.0196395
0.0110304
0.00887813
0.0271724
0.000269034
0.00538068
0.00564972
0.0016142
0.00511165
0.00188324
0.00188324
0
0.000269034
0
0.000538068
0
0.00215227
0
0.000269034
0
0
0
0
0
0
0.00430455
0
0
0
0
0
0
0
0
0
0
0
0
0
0
0
0
0
0
0
0
0
0
0
0
0
0
0
0
0
0
0
0
0
0
0
0
0
0
0
0
0
0
0
0
0
0
0
0
0
0
0
0
0
0
0
0
0
0
0
0
0
0
0.000538068
0
0
0
0
0
0
0
0
0
0
0
0
0
0
0
0
0
0
0
0
0
0.0016142
0
0
0
0
0
0
0
0.000269034
0
0
0
0
0
0.00107614
0.000269034
0
0.000269034
0
0
0
0.00511165
0
0
0.000807102
0.00242131
0.000269034
0
0.00403551
0
0.000807102
0.00376648
0
0
0.00376648
0.0016142
0.000269034
0
0
0
0
0
0.0271724
0
0
0
0
0
0
0.000538068
0
0.000269034
0
0.00107614
0
0
0.00269034
0
0.000269034
0.000269034
0
0
0
0.00618779
0
0
0
0
0.000538068
0
0.00188324
0
0
0
0.000538068
0
0
0
0
0
0
0
0
0
0
0.0139898
0
0
0
0
0
0
0
0.000538068
0
0.00134517
0
0.000269034
0
0.00403551
0
0
0.000807102
0.000269034
0
0
0.0104923
0
0.000807102
0.000538068
0.00269034
0.00107614
0.000538068
0.00914716
0.00107614
0.00376648
0.00807102
0.00215227
0.00349744
0.0123756
0.0134517
0.0123756
0.0145278
0.0164111
0.0172182
0.0180253
0.0104923
0.14205