0.00128205
0.0202564
0.0235897
0.0241026
0.0169231
0.0120513
0.00948718
0.00948718
0.00435897
0.00769231
0.0107692
0.0123077
0.00974359
0.00974359
0.00820513
0.00769231
0.00974359
0.00871795
0.00948718
0.00974359
0.0102564
0.0115385
0.00794872
0.00794872
0.00897436
0.00615385
0.0115385
0.00948718
0.00820513
0.00589744
0.0117949
0.00692308
0.0074359
0.00974359
0.00538462
0.00512821
0.00282051
0.00461538
0.00358974
0.00435897
0.00358974
0.00333333
0.00102564
0.0930769
0.00230769
0.00153846
0.00205128
0.00179487
0.000769231
0.00102564
0.0025641
0.00128205
0.00051282
0.00102564
0.00025641
0.00153846
0.00128205
0.00153846
0.00102564
0.00153846
0.00025641
0.000769231
0.00102564
0.00025641
0.00179487
0.00051282
0.00051282
0.00025641
0.00051282
0.00102564
0.000769231
0.000769231
0.000769231
0
0.00102564
0.00051282
0.00051282
0.000769231
0.00051282
0.00051282
0.00025641
0.00025641
0.00051282
0.00025641
0.00025641
0.00102564
0.00025641
0
0
0
0.000769231
0
0.00102564
0
0.00102564
0
0.00051282
0.00025641
0.00025641
0.00153846
0
0.00025641
0.00025641
0.00051282
0.00051282
0
0.000769231
0.00025641
0.00051282
0.00025641
0.00025641
0.000769231
0.00051282
0.00102564
0.00051282
0
0.00051282
0
0.00025641
0.000769231
0.000769231
0
0.00102564
0.000769231
0.00102564
0
0.00025641
0
0.0628205
0.00205128
0.00179487
0.00128205
0.0025641
0.00230769
0.000769231
0.00102564
0.00128205
0.000769231
0.00102564
0.00128205
0.00179487
0.00205128
0.00128205
0.00282051
0.00153846
0.00230769
0.00384615
0.00179487
0.00153846
0.00384615
0.00102564
0.00205128
0.00384615
0.00230769
0.00205128
0.00102564
0.00333333
0.00205128
0.00230769
0.00025641
0.00025641
0.00025641
0.00051282
0.00051282
0.00025641
0.00051282
0.00025641
0.00153846
0
0.00051282
0.00205128
0
0.00051282
0.00025641
0.000769231
0.00025641
0.00051282
0.00025641
0
0.00025641
0.00025641
0
0.000769231
0.00025641
0.00051282
0.00128205
0.00025641
0.00051282
0.00051282
0.00051282
0.00025641
0.00025641
0
0.00025641
0.00025641
0
0.00051282
0.00025641
0
0
0
0
0
0.00051282
0.000769231
0.00025641
0.00051282
0
0.00025641
0.000769231
0.00051282
0.00051282
0
0.00820513
0
0.00025641
0
0
0.00025641
0.00025641
0
0
0
0.00051282
0.00025641
0.00102564
0.00051282
0.00051282
0.000769231
0.00025641
0.00025641
0.00025641
0.00025641
0.00025641
0.00128205
0.00025641
0.000769231
0.00051282
0.00102564
0
0.00102564
0.00153846
0.00153846
0.000769231
0.00153846
0.00205128
0.000769231
0.00102564
0.00153846
0.00128205
0.000769231
0.00358974
0.00128205
0.0025641
0.0025641
0.284872