0
0.0217778
0.0248889
0.0273333
0.0226667
0.0217778
0.018
0.017
0.00733333
0.0254444
0.00455556
0.0254444
0.011
0.00488889
0.033
0.00344444
0.00588889
0.0201111
0.0112222
0.00355556
0.000111111
0.0564444
0
0.00177778
0.0123333
0.000333333
0.0175556
0.00555556
0.0273333
0
0.00588889
0.000333333
0.0147778
0.00144444
0.00644444
0.00455556
0.00211111
0.000444444
0.000333333
0
0
0
0
0.0653333
0
0
0
0.000111111
0.000222222
0.000222222
0.000777778
0.000555556
0
0.00266667
0
0.000111111
0
0.00466667
0
0
0.000111111
0
0
0
0.00866667
0
0
0
0.000444444
0
0
0.00322222
0
0
0.000444444
0
0
0
0.000111111
0
0
0
0
0
0
0.0181111
0
0
0
0
0
0
0
0
0.000222222
0
0.000333333
0
0
0.00222222
0
0
0.000555556
0
0
0
0.00922222
0
0
0
0
0.000666667
0
0.00555556
0
0
0
0.00155556
0
0.000555556
0.000333333
0
0
0
0
0
0
0
0.0511111
0
0
0
0
0
0.000222222
0.000222222
0.00311111
0
0.00611111
0
0
0
0.00955556
0
0
0.00211111
0.000333333
0
0
0.0121111
0
0
0.000333333
0.00155556
0
0
0.00477778
0
0.000222222
0.00188889
0
0
0.000666667
0.000111111
0.000111111
0
0
0
0
0
0.0224444
0
0
0
0
0
0
0.000222222
0
0.000333333
0
0.000111111
0
0
0.000777778
0
0
0
0
0
0
0.003
0
0
0
0
0.000444444
0
0.000444444
0
0
0
0
0
0
0
0
0
0
0
0
0
0
0.01
0
0
0
0
0
0
0
0
0
0.000333333
0
0
0
0.00144444
0
0
0.000111111
0
0
0
0.00633333
0
0.000111111
0.000111111
0.001
0.000111111
0
0.00511111
0.000333333
0.00144444
0.00377778
0.000555556
0.00144444
0.00466667
0.00377778
0.00344444
0.00533333
0.00777778
0.00711111
0.012
0.00622222
0.201