0.00533713
0.0293542
0.0672478
0.0941114
0.0524818
0.0378936
0.0261519
0.0195695
0.0163672
0.0224159
0.011208
0.0181462
0.0172567
0.024195
0.0250845
0.0359367
0.0530155
0.052126
0.0414517
0.0256182
0.0193916
0.0201032
0.00160114
0.0117417
0.00515922
0.00213485
0.0042697
0.00355809
0.00338018
0.000533713
0.000177904
0.000177904
0.000711617
0.000355809
0
0.000533713
0.000177904
0
0
0
0
0
0
0.00266856
0
0
0
0
0
0
0
0
0
0.000177904
0
0
0
0.000177904
0
0
0
0
0
0
0.000177904
0
0
0
0
0
0
0
0
0
0
0
0
0.000177904
0
0
0
0
0
0
0
0
0
0
0
0
0
0.000177904
0
0
0
0
0
0
0
0.000177904
0
0
0
0
0
0
0
0
0
0
0
0
0
0
0
0
0
0
0
0
0
0
0
0
0
0
0
0
0.000355809
0
0.000355809
0.000355809
0.000177904
0
0.000177904
0
0.000355809
0
0
0.000177904
0.000177904
0
0
0
0.000177904
0
0.000177904
0.000533713
0.000355809
0.000711617
0.000177904
0.000355809
0
0.000711617
0.000355809
0.000177904
0.000711617
0.00106743
0.000355809
0.000355809
0.000177904
0.000177904
0.000355809
0.000711617
0.000177904
0.000177904
0.000533713
0.000355809
0.000177904
0
0.00177904
0.000177904
0.000355809
0
0.000355809
0
0.000355809
0
0.000177904
0.000711617
0
0.000177904
0.000533713
0.000355809
0.000889521
0
0
0.000533713
0.000355809
0.000355809
0.000177904
0.000889521
0
0.000355809
0.000889521
0.000355809
0.00106743
0.00106743
0.000711617
0.000355809
0.000355809
0.000177904
0.000533713
0.000889521
0.000177904
0.000711617
0.000177904
0.00106743
0.000177904
0.000177904
0.000355809
0
0
0.00978474
0
0.00106743
0
0.000533713
0.00142323
0.000711617
0.00177904
0.00106743
0.000711617
0.000711617
0.000889521
0.000711617
0.000711617
0.00124533
0.00160114
0.00124533
0.00231276
0.00124533
0.000711617
0.000889521
0.00373599
0.00142323
0.00142323
0.00124533
0.00587084
0.00160114
0.00142323
0.0042697
0.00249066
0.00569294
0.00515922
0.00195695
0.00213485
0.00622665
0.00711617
0.00658246
0.00622665
0.00551503
0.00569294
0.00925102
0.0101405
0.0937556