0
0.0245331
0.0216049
0.0152738
0.0105255
0.0128205
0.0105255
0.0138493
0.0102881
0.020497
0.00989237
0.0232669
0.019389
0.0187559
0.026749
0.0172523
0.0189142
0.0225546
0.0208135
0.0178063
0.0158278
0.0269072
0.00997151
0.0120291
0.0128997
0.00680595
0.00925926
0.00775562
0.00965495
0.00379867
0.00419437
0.00300728
0.00403609
0.00482748
0.0032447
0.00379867
0.00292814
0.00158278
0.00261159
0.00174106
0.00150364
0.000316556
0.000237417
0.0151947
0.000158278
0.000712251
0.00118708
0.0014245
0.000870529
0.00126622
0.00158278
0.00253245
0.000949668
0.00213675
0.000237417
0.00166192
0.000395695
0.00435264
0.00126622
0.000316556
0.00126622
0.00079139
0.000316556
0
0.0042735
0.000395695
0.000395695
0.00118708
0.00150364
0.000712251
7.9139e-005
0.00292814
0.000237417
0.000712251
0.00276986
0
0.000395695
0.00158278
0.000949668
0.000633112
0.000316556
0.000237417
7.9139e-005
0.000158278
0
0.0118708
0
0
0.000158278
0.000316556
0.000395695
0.000474834
0.00079139
7.9139e-005
0.00205761
0.000158278
0.00364039
0.00079139
0.000237417
0.00506489
0.000553973
0.000870529
0.00308642
0.00110795
0.000316556
0.000158278
0.00815131
7.9139e-005
0.000474834
0.00126622
7.9139e-005
0.00276986
0.000870529
0.00815131
0.000158278
0.000949668
0.000158278
0.00459006
0.000949668
0.00340298
0.00197847
0.00118708
0.00079139
0.00118708
0.000316556
7.9139e-005
0.000158278
0
0.0240582
0
0.000553973
0.0014245
0.00126622
0.00118708
0.00229503
0.00379867
0.00379867
0.00300728
0.00459006
0.0018202
0.0046692
0.00126622
0.00735992
0.0064894
0.00126622
0.00807218
0.00759734
0.0042735
0.00174106
0.0132953
0.00261159
0.00490662
0.00332384
0.00506489
0.00269073
0.00197847
0.00656853
0.00221589
0.00253245
0.00546059
0.00079139
0.00174106
0.00300728
0.00197847
0.00110795
0.000870529
0.00110795
0.000712251
0.000237417
7.9139e-005
0.0171732
0
7.9139e-005
0.000158278
0.000474834
0.00126622
0.000553973
0.000474834
0
0.00150364
7.9139e-005
0.00118708
0.000395695
0.000395695
0.002849
0.000158278
0.000316556
0.00079139
7.9139e-005
0.000237417
0
0.00332384
0
0.000158278
0.000633112
7.9139e-005
0.000633112
0.000158278
0.00174106
0
0.000395695
0.000158278
0.000949668
0
0.00102881
0.000237417
0.000553973
0.000316556
0.000316556
0.000237417
7.9139e-005
0
0
0.0060937
0
0.000158278
0.000237417
0.000316556
0.000316556
0.000316556
0.000474834
0.000712251
0.000553973
0.00197847
0.000553973
0.00079139
0.000474834
0.00245331
0.000158278
0.000553973
0.00134536
0.00126622
0.000870529
0.000712251
0.00403609
0.00110795
0.00134536
0.00166192
0.00213675
0.00237417
0.00213675
0.00561887
0.00276986
0.00229503
0.00459006
0.000870529
0.00205761
0.0042735
0.00490662
0.00403609
0.00498575
0.00419437
0.00546059
0.0101298
0.0248496
0.0795347