0.00509254
0.0217364
0.0269532
0.012545
0.00869457
0.00571358
0.00484412
0.00422308
0.00285679
0.00471991
0.00360204
0.00322941
0.00422308
0.00447149
0.00434729
0.00285679
0.00447149
0.00447149
0.00409887
0.00496833
0.00273258
0.0045957
0.00372625
0.00335362
0.00223575
0.002981
0.00124208
0.00223575
0.0045957
0.00173891
0.00260837
0.00235996
0.00161471
0.00260837
0.00223575
0.00223575
0.0014905
0.000993665
0.00124208
0.002981
0.00198733
0.00136629
0.000496833
0.0798659
0.000621041
0.000621041
0.000248416
0.000248416
0.000621041
0.000372625
0.000745249
0.000621041
0.000621041
0.000745249
0.000621041
0.000248416
0.000124208
0.000621041
0.000248416
0
0.000745249
0.000372625
0.000372625
0.000248416
0.000745249
0.000372625
0.000124208
0.000248416
0
0.000248416
0
0.000124208
0.000124208
0.000496833
0.000372625
0
0.000124208
0.000248416
0.000621041
0.000124208
0
0.000124208
0.000248416
0.000124208
0
0.000372625
0
0.000248416
0.000124208
0
0.000124208
0.000124208
0
0.000124208
0
0.000124208
0
0.000248416
0.000124208
0.000124208
0.000248416
0.000248416
0.000248416
0.000124208
0.000248416
0
0.000621041
0
0
0.000124208
0
0.000496833
0.000124208
0.000496833
0
0.000124208
0.000124208
0.000124208
0.000248416
0.000248416
0.000248416
0.000124208
0
0
0
0.000248416
0
0
0.0129176
0.000124208
0.000248416
0
0.000372625
0.000124208
0.000124208
0.000248416
0.000248416
0.000124208
0
0.000124208
0.000372625
0.000248416
0.00136629
0.000869457
0
0.000745249
0.000496833
0
0.000745249
0.000869457
0.000372625
0.000124208
0.000621041
0.000372625
0.000248416
0.000248416
0.000745249
0.000372625
0.000248416
0.000124208
0.000124208
0
0.000372625
0.000248416
0
0.000248416
0.000248416
0
0.000372625
0
0.000993665
0
0.000124208
0
0.000124208
0.000124208
0.000496833
0.000124208
0
0.000372625
0.000124208
0.000248416
0.000124208
0
0.000124208
0.000124208
0
0.000621041
0.000372625
0.000124208
0
0.000993665
0
0.000248416
0.000248416
0.000124208
0.000745249
0.000124208
0.000124208
0.000124208
0.000124208
0
0.000248416
0.000124208
0.000124208
0.000124208
0.000248416
0
0.000124208
0.000372625
0
0
0
0.00397466
0
0.000248416
0.000372625
0
0.000124208
0.000124208
0.000248416
0.000248416
0.000248416
0.000248416
0.000248416
0.000248416
0.000124208
0
0.000124208
0.000124208
0.000621041
0
0.000124208
0.000124208
0.000869457
0.000124208
0.000248416
0.000124208
0.000496833
0.000496833
0.000496833
0.000869457
0.000372625
0.000745249
0.000745249
0.000869457
0.000621041
0.0014905
0.000621041
0.0014905
0.00111787
0.00198733
0.00186312
0.00124208
0.00173891
0.648491