0
0.0257475
0.0202947
0.031092
0.0266142
0.0235447
0.0181641
0.019428
0.0122779
0.0318504
0.0112668
0.0284559
0.0204752
0.0166113
0.027517
0.0130724
0.0128557
0.013939
0.0128918
0.0101473
0.00581395
0.0204752
0.00227503
0.00523617
0.00740286
0.00274447
0.00642785
0.00458616
0.00798064
0.00169724
0.00339448
0.0018778
0.00321392
0.0015528
0.00245558
0.00180558
0.000830565
0.000830565
0.000830565
0.000650007
0.000397227
0.000108335
0
0.0140474
3.61115e-005
0.000144446
7.2223e-005
0.000397227
0.000252781
0.000252781
0.000505561
0.000613896
0.000108335
0.000577784
3.61115e-005
0.000216669
3.61115e-005
0.00144446
7.2223e-005
3.61115e-005
0.000325004
0.000216669
3.61115e-005
0
0.00213058
3.61115e-005
3.61115e-005
3.61115e-005
0.000577784
7.2223e-005
7.2223e-005
0.000686119
3.61115e-005
3.61115e-005
0.000397227
0
0
0.000325004
0.000144446
0.000144446
3.61115e-005
0
0
0
0
0.00328615
0
0
0
3.61115e-005
3.61115e-005
0.000144446
0.000144446
0
0.000325004
3.61115e-005
0.000397227
7.2223e-005
3.61115e-005
0.000686119
0
3.61115e-005
0.000433338
0.000144446
3.61115e-005
0
0.00198613
0
0.000108335
0.000108335
7.2223e-005
0.000505561
0.000108335
0.00137224
0
0.000216669
0.000180558
0.00111946
0.000216669
0.000650007
0.000361115
0.000361115
0.000252781
0.000361115
0.000180558
0.000108335
3.61115e-005
3.61115e-005
0.0143363
3.61115e-005
0.000325004
0.000686119
0.00104723
0.000902788
0.00216669
0.00335837
0.00339448
0.00310559
0.00588618
0.00371949
0.00664452
0.00418894
0.0135779
0.012964
0.00577784
0.0167196
0.0129279
0.00837787
0.00455005
0.0219919
0.00516395
0.00736675
0.0059584
0.00664452
0.00429727
0.00270836
0.00993067
0.00231114
0.00393615
0.00588618
0.000361115
0.00144446
0.00429727
0.00245558
0.00133613
0.00111946
0.000794453
0.000577784
0.000180558
0.000108335
0.0284198
3.61115e-005
3.61115e-005
0.000180558
0.000686119
0.000938899
0.00072223
0.00119168
0.000361115
0.00115557
0.000108335
0.00148057
0.000397227
0.000288892
0.00267225
0.000144446
0.000397227
0.00104723
0.000433338
0.000325004
0.000144446
0.00527228
0
0.000288892
0.000794453
0
0.000938899
0.000288892
0.00184169
0.000144446
0.000397227
0.000325004
0.000794453
0.000325004
0.000650007
0.000577784
0.000252781
0.000288892
0.000397227
0.000108335
0.000144446
3.61115e-005
0
0.0118807
7.2223e-005
7.2223e-005
0.000288892
0.000288892
0.000361115
0.000397227
0.000577784
0.000613896
0.000325004
0.00162502
0.000216669
0.000758342
3.61115e-005
0.00346671
0.000613896
0.000325004
0.00151668
0.00122779
0.000650007
0.000216669
0.00949733
0.000613896
0.00122779
0.00184169
0.00213058
0.0012639
0.00137224
0.00761953
0.00166113
0.00299726
0.00725841
0.00158891
0.00299726
0.00841398
0.00700563
0.00668063
0.00772786
0.00743897
0.00704174
0.00863065
0.0108696
0.102773