0
0
0
0.0395349
0.0302326
0.0232558
0.0209302
0.0244186
0.00930233
0.0383721
0.00523256
0.0226744
0.0168605
0.0104651
0.030814
0.00232558
0.00697674
0.0151163
0.00988372
0.00116279
0.00116279
0.0244186
0
0.000581395
0.00116279
0.000581395
0.000581395
0.00116279
0.0104651
0
0.000581395
0
0.00116279
0
0
0
0
0
0
0
0
0
0
0.00697674
0
0
0
0
0
0
0
0
0
0
0
0
0
0
0
0
0
0
0
0
0
0
0
0
0
0
0
0
0
0
0
0
0
0
0
0
0
0
0
0
0
0
0
0
0
0
0
0
0
0
0
0
0
0
0
0
0
0
0
0
0
0
0.00116279
0
0
0
0
0
0
0.000581395
0
0
0
0
0
0
0
0
0
0
0
0
0
0
0.0116279
0
0
0
0
0
0
0
0.000581395
0
0.00116279
0
0
0
0
0.000581395
0
0
0
0
0
0.00639535
0
0
0.000581395
0
0.000581395
0
0.00232558
0
0
0
0
0.000581395
0
0.000581395
0
0
0
0
0
0
0.0354651
0
0
0
0
0
0
0
0
0
0
0.00174419
0
0
0.00697674
0
0
0
0.000581395
0
0
0.0162791
0
0
0
0
0
0
0.00872093
0
0
0
0.000581395
0
0.000581395
0
0
0
0
0
0
0
0
0.0610465
0
0
0
0
0
0.000581395
0.000581395
0.00116279
0
0.00174419
0
0
0
0.0145349
0
0
0.00116279
0.000581395
0
0
0.0465116
0
0
0.00116279
0.00232558
0
0
0.0343023
0.00174419
0.00232558
0.0139535
0.000581395
0.00174419
0.00930233
0.00755814
0.00465116
0.00639535
0.0122093
0.00581395
0.000581395
0
0.313372