0.000649351
0.0150794
0.0686147
0.0781385
0.0550505
0.0580087
0.0803752
0.0800144
0.0549062
0.0602453
0.0491342
0.0354257
0.0331169
0.0354257
0.0337662
0.0329004
0.0381674
0.037013
0.0318903
0.0122655
0.00656566
0.00468975
0.0021645
0.002886
0.0021645
0.00137085
0.0011544
0.000793651
0.000505051
0.000577201
0.0004329
0.00021645
0.0002886
0.0001443
7.21501e-005
0.00021645
7.21501e-005
0.00021645
7.21501e-005
0.0001443
7.21501e-005
0.0001443
0.00021645
0.0104618
0
0
0
0
0
0
0
0
0
0
0
0
0
0
0
0
0
0
0
0
0
0
0
0
0
0
0
0
0
0
0
0
0
0
0
0
0
0
0
0
0
0
0
0
0
0
0
0
0
0
0
0
0
0
0
0
0
0
0
0
0
0
0
0
0
0
0
0
0
0
0
0
0
0
0
0
0
0
0
0
0
0
0
0
0
0
0
0
0
0
0
0
0
0
0
0
0
0
0
0
0
0
0
0
0
0
0
0
0
0
0
0
0
0
0
0
0
0
0
0
0
0
0
0
0
0
0
0
0
0
0
0
0
0
0
0
0
0
0
0
0
0
0
0
0
0
0.0001443
0
7.21501e-005
7.21501e-005
0
0
7.21501e-005
0
7.21501e-005
0
0
7.21501e-005
0.0001443
0.0001443
0
7.21501e-005
7.21501e-005
0.00021645
0
0.0001443
0
7.21501e-005
0
0.000505051
7.21501e-005
0
0
7.21501e-005
0.0001443
0
0.0001443
0
0.00021645
7.21501e-005
0
0.0001443
7.21501e-005
0.00021645
0.00021645
0
0.0001443
0.0001443
7.21501e-005
7.21501e-005
0.000505051
0.0002886
0
7.21501e-005
0.0002886
0.0001443
0.0001443
0.000649351
0.00021645
0.00021645
0.0002886
0.0004329
0.0002886
0.0002886
0.000649351
0.0010101
0.000865801
0.000937951
0.0017316
0.00165945
0.000721501
0.0590909