0
0.0193186
0.0180892
0.0328416
0.0228311
0.0140499
0.0131718
0.0129961
0.00684932
0.0100105
0.00702494
0.0136986
0.00878117
0.00667369
0.0170355
0.00491746
0.00790306
0.00930804
0.00860555
0.00755181
0.00509308
0.0244117
0.000878117
0.00509308
0.0110643
0.0029856
0.00790306
0.00667369
0.0158061
0.00158061
0.00561995
0.00263435
0.00667369
0.00386372
0.0052687
0.00632244
0.00193186
0.00210748
0.000878117
0.00210748
0.00052687
0.000175623
0
0.0365297
0
0.000175623
0.00158061
0.00105374
0.00052687
0.00158061
0.0029856
0.00210748
0.00122936
0.0052687
0.000351247
0.000878117
0
0.00755181
0.000175623
0.00052687
0.00193186
0.00052687
0.000175623
0
0.0131718
0.000175623
0.000175623
0.00052687
0.0022831
0.00122936
0.000175623
0.00667369
0
0.000175623
0.00175623
0
0
0.00122936
0.000702494
0
0
0
0
0
0
0.0259923
0.000175623
0
0
0.000175623
0
0.000175623
0.000351247
0
0.000175623
0
0.00210748
0.000351247
0.000175623
0.00614682
0
0
0.00122936
0.00052687
0.000351247
0
0.014928
0
0
0.00052687
0
0.00210748
0.00052687
0.0082543
0
0.00105374
0.000175623
0.00456621
0
0.00210748
0.00210748
0.00052687
0.000351247
0.00122936
0.000351247
0.000175623
0
0
0.0598876
0.000175623
0
0.000351247
0.000702494
0.00052687
0.00175623
0.0029856
0.00333685
0.00105374
0.0059712
0.00105374
0.00193186
0.000175623
0.0136986
0.00140499
0.00052687
0.00386372
0.00210748
0.000878117
0.00052687
0.0138743
0.00140499
0.00158061
0.00333685
0.00509308
0.0029856
0.00263435
0.00930804
0.0089568
0.0101862
0.00948367
0.00210748
0.00158061
0.00403934
0.00158061
0.00210748
0.00175623
0.00052687
0.00052687
0
0
0.0200211
0
0.000175623
0.000351247
0.00052687
0.00052687
0.000175623
0.000702494
0
0.00193186
0.000175623
0.000702494
0.00052687
0.000351247
0.00245873
0.00052687
0.00052687
0.000702494
0.000878117
0.00052687
0.000351247
0.00456621
0
0.000351247
0.000175623
0.000175623
0.00175623
0.00140499
0.00245873
0.000175623
0.000351247
0
0.00105374
0.000175623
0.000702494
0.00105374
0.000878117
0
0.000351247
0.00052687
0.000175623
0
0
0.00965929
0.000175623
0.00052687
0.00052687
0.000175623
0.000175623
0.000351247
0.00122936
0.000702494
0.000175623
0.00140499
0.000175623
0.00105374
0.000175623
0.00263435
0.00105374
0.000351247
0.00158061
0.000702494
0.000351247
0.000175623
0.0089568
0.000175623
0.000702494
0.00193186
0.0029856
0.00122936
0.00140499
0.0059712
0.00140499
0.00351247
0.00579557
0.00140499
0.0029856
0.00649807
0.00561995
0.00614682
0.00755181
0.00720056
0.00544433
0.00842993
0.0103618
0.114858