0
0.0369112
0.0244565
0.0208333
0.0233243
0.0117754
0.00701993
0.00747283
0.00430254
0.00656703
0.000226449
0.00837862
0.00203804
0.000905797
0.0129076
0.000452899
0.00158514
0.00520833
0.00203804
0.00181159
0.000226449
0.0394022
0
0.000452899
0.00656703
0
0.0147192
0.00430254
0.0366848
0.000226449
0.011096
0.000226449
0.0197011
0.00271739
0.0158514
0.0153986
0.00747283
0.00407609
0.0013587
0.00113225
0.000226449
0
0
0.0652174
0
0.000226449
0
0.000226449
0
0.000226449
0.00113225
0.00158514
0
0.00113225
0
0
0
0.00294384
0.000226449
0
0.000452899
0
0
0
0.00362319
0
0
0
0
0
0
0.00158514
0
0
0.000226449
0
0
0.000226449
0
0
0
0
0
0
0
0.00679348
0
0
0
0
0
0
0
0
0
0
0
0
0
0.00113225
0
0
0
0
0
0
0.00339674
0
0
0
0
0.000226449
0
0.00203804
0
0
0
0.000452899
0
0.000226449
0.000226449
0
0
0
0
0
0
0
0.0226449
0
0.000226449
0
0.000226449
0.000452899
0.00203804
0.00249094
0.00226449
0.000679348
0.00384964
0.000226449
0.00543478
0
0.00951087
0.00317029
0
0.00384964
0.00701993
0.000905797
0
0.0169837
0.000452899
0.00384964
0.00249094
0.00566123
0.00249094
0
0.0113225
0.00113225
0.00339674
0.00520833
0
0.000452899
0.00294384
0.00158514
0.00181159
0.000905797
0
0
0
0
0.0432518
0
0
0
0.000226449
0.0013587
0
0.000452899
0
0.00113225
0
0.0013587
0.000452899
0
0.00407609
0
0.000226449
0.000452899
0
0
0
0.0153986
0
0
0.000226449
0
0.000679348
0.000226449
0.00294384
0
0.000452899
0
0.00113225
0
0.000452899
0.000452899
0.000226449
0
0.000226449
0
0
0
0
0.0310236
0
0
0
0
0.000226449
0
0.000226449
0.000452899
0
0.00158514
0.000226449
0.000905797
0
0.00203804
0
0
0.00181159
0.0013587
0.000905797
0
0.0120018
0.000226449
0.000679348
0.00113225
0.00181159
0.00203804
0.00181159
0.00905797
0.00181159
0.00203804
0.00430254
0.0013587
0.00181159
0.00701993
0.00566123
0.00520833
0.00701993
0.00792572
0.0106431
0.017663
0.00656703
0.196784