0
0.0271022
0.0263763
0.015487
0.0107683
0.0100423
0.00895342
0.00677556
0.00496068
0.00846945
0.00254083
0.0061706
0.0030248
0.00266183
0.00992136
0.00133091
0.00181488
0.0045977
0.00375076
0.0030248
0.00229885
0.0229885
0.000362976
0.00350877
0.00496068
0.00133091
0.00895342
0.00604961
0.015608
0.0031458
0.00520266
0.00278282
0.00931639
0.00544465
0.0076225
0.00713854
0.00278282
0.00290381
0.0031458
0.00229885
0.000362976
0
0
0.0602541
0
0
0.00108893
0.000604961
0.00169389
0.000967937
0.0015729
0.00169389
0.000362976
0.00254083
0.000120992
0.000604961
0
0.0031458
0.000604961
0
0.000362976
0.000362976
0
0
0.00604961
0
0
0
0.000362976
0.000120992
0
0.00266183
0
0.000120992
0.000241984
0
0.000120992
0.000241984
0
0.000120992
0
0
0
0
0
0.0112523
0
0
0
0
0.000120992
0.000120992
0
0
0.000241984
0
0.000362976
0
0
0.00108893
0
0
0
0.000120992
0.000120992
0
0.00217786
0
0
0
0
0.000241984
0
0.00133091
0
0.000120992
0
0.000483969
0
0.000604961
0.000362976
0
0
0.000120992
0
0
0
0
0.0271022
0
0
0.000120992
0.000483969
0.000362976
0.000846945
0.00145191
0.00108893
0.000604961
0.00350877
0.000120992
0.00241984
0.000846945
0.00738052
0.0030248
0.0015729
0.0076225
0.0061706
0.00677556
0.00496068
0.0271022
0.0112523
0.0145191
0.0108893
0.0142771
0.00786449
0.00508167
0.0129462
0.00532365
0.00568663
0.0076225
0.000604961
0.00266183
0.0045977
0.00266183
0.00338778
0.00241984
0.0015729
0.00120992
0.000604961
0
0.0687235
0
0.000483969
0.000483969
0.000120992
0.00133091
0.000241984
0.00120992
0.000120992
0.00181488
0.000241984
0.00241984
0.000483969
0.000846945
0.00520266
0.000604961
0.000604961
0.000725953
0.000604961
0.000120992
0.000483969
0.0101633
0
0.000483969
0.000362976
0.000120992
0.000725953
0.000483969
0.0015729
0.000241984
0.000604961
0.000362976
0.000967937
0.000604961
0.00120992
0.000120992
0.000483969
0.000241984
0.000120992
0.000120992
0.000120992
0
0
0.0200847
0
0.000241984
0.000362976
0
0.000362976
0.000241984
0.000725953
0.000483969
0.000604961
0.00145191
0.000604961
0.000846945
0.000483969
0.0031458
0.000967937
0.000241984
0.00145191
0.00108893
0.000483969
0.000846945
0.00931639
0.00108893
0.000846945
0.00169389
0.00254083
0.00145191
0.00217786
0.00677556
0.00290381
0.00350877
0.0045977
0.00241984
0.00350877
0.00532365
0.00786449
0.00701754
0.0105263
0.0163339
0.0128252
0.0140351
0.0117362
0.131155