0
0.0257532
0.0223518
0.0189504
0.0126336
0.0145773
0.0126336
0.00728863
0.00485909
0.00874636
0.00145773
0.005345
0.00485909
0.00437318
0.01069
0.00340136
0.00291545
0.00826045
0.0058309
0.005345
0.0058309
0.0116618
0.00777454
0.00485909
0.00485909
0.00242954
0.00242954
0.00291545
0.00777454
0
0.00194363
0.00291545
0.00291545
0.00242954
0.00194363
0.00145773
0.005345
0.005345
0.000485909
0.00194363
0.000485909
0
0
0.0330418
0
0
0
0
0
0.00145773
0.00145773
0.00437318
0
0.005345
0.000485909
0
0
0.00291545
0
0
0.00194363
0
0
0
0.00874636
0
0
0
0.000485909
0
0
0.00242954
0
0.000485909
0.000971817
0
0
0
0
0
0
0
0
0
0
0.0102041
0
0
0
0
0
0
0
0
0.000485909
0
0.00145773
0
0
0.00194363
0
0
0
0
0
0
0.0058309
0
0
0
0
0
0.000485909
0.00388727
0
0
0
0.00388727
0
0.000485909
0.000485909
0
0
0
0
0
0
0
0.0388727
0
0
0
0
0.000485909
0
0
0.00194363
0.00145773
0.00194363
0
0.00145773
0
0.00826045
0.000971817
0.000485909
0.00242954
0.000485909
0.000971817
0.000485909
0.0121477
0.00145773
0.00291545
0.00485909
0.00631681
0.00728863
0.00728863
0.0145773
0.0121477
0.0199223
0.0155491
0.01069
0.00777454
0.00777454
0.00631681
0.00340136
0.00388727
0.00340136
0.000971817
0.00145773
0
0.0223518
0.000485909
0.000485909
0.000971817
0
0.00291545
0.00145773
0.000485909
0
0.00242954
0.000971817
0.00388727
0
0.000485909
0.00388727
0.000485909
0.00145773
0.00145773
0
0
0.000485909
0.005345
0
0.000971817
0.00145773
0.000971817
0.000971817
0.000485909
0.00194363
0.000485909
0.000485909
0.000485909
0.00145773
0
0.000485909
0.00194363
0.000971817
0
0.000485909
0
0
0
0
0.00971817
0
0
0.000485909
0.000485909
0
0.00145773
0
0.00242954
0.000971817
0.00340136
0.000485909
0.00145773
0.000485909
0.00194363
0.000971817
0
0.00242954
0.00291545
0.000485909
0.000485909
0.00680272
0.000971817
0.00145773
0.000971817
0.00242954
0.00242954
0.00194363
0.00242954
0.00291545
0.00437318
0.00923226
0.00291545
0.00194363
0.00680272
0.00826045
0.00777454
0.0111759
0.0145773
0.0136054
0.0281827
0.0218659
0.190962