0
0
0
0
0
0
0.000192938
0.000192938
0
0.000385877
0
0.000385877
0
0
0.00173645
0
0
0.000192938
0
0
0
0.00270114
0
0
0
0
0.000385877
0
0.000771754
0
0.000192938
0
0.000385877
0
0
0
0
0
0
0
0
0
0
0.00540228
0
0
0
0
0
0
0
0
0
0.000192938
0
0
0
0.000385877
0
0
0.000578815
0
0
0
0.000385877
0
0
0
0
0
0
0.000192938
0
0
0
0
0
0
0
0
0
0
0
0
0
0.00135057
0
0
0
0
0
0
0
0
0
0
0
0
0
0
0
0
0
0
0
0
0.000771754
0
0
0
0
0
0
0.000192938
0
0
0
0
0
0
0
0
0
0
0
0
0
0
0.00617403
0
0
0
0
0.000192938
0
0.000964692
0.000385877
0
0.000578815
0
0.000578815
0
0.00366583
0
0
0.000964692
0.000771754
0
0
0.0115763
0
0.000964692
0.00231526
0.00308702
0.00115763
0
0.0165927
0.000192938
0.00192938
0.0185221
0
0.00115763
0.0165927
0.0109975
0.00482346
0.00308702
0.00115763
0
0
0
0.266641
0
0
0
0.000192938
0.0025082
0.00424465
0.00868223
0.000192938
0.0154351
0.000192938
0.0362724
0.00308702
0
0.0623191
0
0
0.00829635
0.000578815
0.000385877
0
0.0904881
0
0
0.000771754
0
0.00463052
0.000385877
0.0341501
0
0
0
0.00791048
0
0.000964692
0.000385877
0
0
0
0
0
0
0
0.0829635
0
0
0
0
0
0.000192938
0.000771754
0.00115763
0
0.0165927
0
0
0
0.0268184
0
0
0.00713872
0.000192938
0
0
0.0652132
0
0
0.000385877
0.0403241
0
0
0.0167856
0
0
0.0177503
0
0
0.0148563
0.00212232
0.000192938
0.000192938
0
0
0
0
0.0322207