0
0.067918
0.0365712
0.0299923
0.0174149
0.0135449
0.00735294
0.00890093
0.00619195
0.00793344
0.00309598
0.00367647
0.00309598
0.00232198
0.00599845
0.00328947
0.00212848
0.00290248
0.00464396
0.00328947
0.00386997
0.00890093
0.000386997
0.00599845
0.00425697
0.00270898
0.00464396
0.00328947
0.00638545
0.00135449
0.00406347
0.00193498
0.00503096
0.00193498
0.00251548
0.00328947
0.00328947
0.00154799
0.00270898
0.00135449
0.000193498
0
0
0.0197368
0
0
0.000773994
0.000967492
0.00135449
0.000967492
0.00154799
0.00116099
0.000967492
0.00135449
0.000580495
0.000967492
0
0.00212848
0.000580495
0.000386997
0.00193498
0.000967492
0.000580495
0.000386997
0.00270898
0.000386997
0.000967492
0.000580495
0.000773994
0
0.000193498
0.00154799
0.000386997
0
0.00135449
0
0
0.00116099
0.000773994
0.000580495
0.000580495
0.000386997
0
0
0
0.00503096
0
0
0.000386997
0
0.000193498
0
0.000580495
0
0.000773994
0.000193498
0.000967492
0.000386997
0
0.00193498
0
0.000193498
0.000386997
0.000773994
0.000580495
0.000580495
0.00270898
0.000193498
0.000193498
0.000193498
0.000193498
0.00193498
0.000967492
0.00251548
0.000580495
0.000773994
0.000386997
0.00232198
0.00193498
0.000967492
0.000967492
0.00232198
0.000580495
0.00193498
0.00232198
0.00116099
0.00135449
0.000193498
0.0365712
0.00116099
0.00251548
0.00425697
0.00386997
0.00483746
0.00483746
0.00773994
0.00657895
0.00638545
0.0119969
0.00832043
0.0116099
0.00870743
0.0170279
0.0174149
0.0108359
0.0207043
0.0210913
0.0179954
0.00986842
0.0222523
0.00928793
0.00967492
0.00580495
0.00812693
0.00348297
0.00174149
0.00851393
0.00212848
0.00386997
0.00773994
0.00154799
0.00135449
0.00232198
0.00251548
0.00193498
0.000773994
0.00116099
0.000386997
0
0
0.0243808
0
0
0
0
0.000580495
0.000386997
0.00116099
0
0.00154799
0.000193498
0.00232198
0
0
0.00193498
0.000386997
0.000193498
0.00116099
0.000580495
0.000193498
0
0.00503096
0
0
0.00116099
0.000193498
0.000386997
0.000193498
0.00270898
0
0.000967492
0
0.000967492
0
0.000386997
0.000773994
0.000580495
0.000386997
0
0
0
0
0
0.00928793
0
0
0.000773994
0.000193498
0
0.000386997
0.000580495
0.000967492
0.000580495
0.000386997
0.000193498
0.000967492
0.000386997
0.00232198
0.000967492
0.000193498
0.000773994
0.000967492
0.000580495
0
0.00386997
0
0.00174149
0.000386997
0.00290248
0.000580495
0.000580495
0.00367647
0.000580495
0.00174149
0.00348297
0.000580495
0.00232198
0.00406347
0.00348297
0.00290248
0.00464396
0.00657895
0.00735294
0.0116099
0.0154799
0.133901