0.00137221
0.0349914
0.0469983
0.0404803
0.0284734
0.0161235
0.0202401
0.0144082
0.0137221
0.0164666
0.0164666
0.0171527
0.0188679
0.0188679
0.0267581
0.0439108
0.0888508
0.100172
0.045283
0.0236707
0.00960549
0.00205832
0.000343053
0.000343053
0.000343053
0
0
0
0
0
0
0
0
0
0
0
0
0
0
0
0
0
0
0
0
0
0
0
0
0
0
0
0
0
0
0
0
0
0
0
0
0
0
0
0
0
0
0
0
0
0
0
0
0
0
0
0
0
0
0
0
0
0
0
0
0
0
0
0
0
0
0
0
0
0
0
0
0
0
0
0
0
0
0
0
0
0
0
0
0
0
0
0
0
0
0
0
0
0
0
0
0
0
0
0
0
0
0
0
0
0
0
0
0
0
0
0
0
0
0
0
0
0
0
0
0
0
0
0
0.000343053
0
0
0.000686106
0.000343053
0
0.000686106
0.00240137
0.00205832
0.00308748
0.00274443
0.00205832
0.00171527
0.00240137
0.00411664
0.00171527
0.00205832
0.00377358
0.00137221
0.000343053
0
0.00686106
0
0
0.000343053
0.00102916
0.00171527
0.00171527
0.00171527
0.000686106
0.00137221
0
0.00171527
0.00137221
0.00102916
0.00274443
0
0.00102916
0.00102916
0.00137221
0.00171527
0
0.00205832
0
0
0.00205832
0.000343053
0.00102916
0.00137221
0.00411664
0
0.00137221
0.00137221
0.00137221
0.00171527
0.000686106
0.00377358
0.000686106
0.00102916
0.00171527
0.000343053
0.000343053
0
0
0.00343053
0
0
0.000343053
0.000343053
0.00137221
0.00171527
0.00205832
0.00171527
0.00205832
0.00205832
0.00102916
0.00102916
0.00137221
0.00343053
0.00377358
0.00102916
0.00377358
0.00445969
0.00308748
0.00137221
0.00686106
0.00171527
0.00240137
0.00377358
0.00445969
0.00411664
0.00411664
0.0051458
0.00480274
0.00548885
0.00720412
0.0058319
0.00480274
0.0113208
0.00686106
0.0123499
0.00926244
0.0137221
0.0171527
0.0216123
0.0264151
0.0504288