0
0.0717349
0.0206628
0.00935673
0.00877193
0.00730994
0.00808967
0.00682261
0.00536062
0.00808967
0.0039961
0.0079922
0.00409357
0.0045809
0.0107212
0.00341131
0.00292398
0.00575049
0.00555556
0.00311891
0.00331384
0.0114035
0.00155945
0.00243665
0.00389864
0.00263158
0.0039961
0.00224172
0.00594542
0.000974659
0.00233918
0.00146199
0.00331384
0.00136452
0.00321637
0.00272904
0.00175439
0.00146199
0.00165692
0.00107212
0.000389864
0.000194932
0
0.0176413
0.000389864
0.000389864
0.000682261
0.000779727
0.000389864
0.000682261
0.00116959
0.00224172
0.000194932
0.00185185
0.000292398
0.00116959
9.74659e-005
0.00389864
0.000389864
0.000194932
0.00224172
0.00243665
0.000682261
0.000487329
0.00760234
0.000194932
0.00107212
0.00194932
0.00302144
0.00155945
0.000292398
0.00575049
0.000292398
0.00282651
0.00419103
0
0.000682261
0.00438596
0.00380117
0.00233918
0.000682261
0.000487329
0.000194932
0
0
0.0238791
0
0
9.74659e-005
0.000584795
0.00204678
0.00292398
0.00467836
0.000194932
0.00545809
0.000292398
0.00487329
0.00389864
0.000779727
0.00721248
0.000292398
0.00292398
0.00341131
0.00243665
0.00224172
0.000292398
0.0120858
0.000194932
0.000682261
0.00165692
0.000292398
0.00341131
0.00136452
0.00575049
0.000584795
0.0037037
0.000292398
0.00380117
0.00233918
0.00380117
0.00341131
0.00224172
0.00194932
0.00185185
0.00155945
0.000779727
0.000779727
0.000194932
0.027193
0.00116959
0.00146199
0.00224172
0.00282651
0.00350877
0.00438596
0.00730994
0.00672515
0.00575049
0.0079922
0.00565302
0.0103314
0.00575049
0.01423
0.0122807
0.00760234
0.0138402
0.0116959
0.00945419
0.00516569
0.0188109
0.00730994
0.00779727
0.0045809
0.0076998
0.00526316
0.00467836
0.00838207
0.00292398
0.0042885
0.00467836
0.00136452
0.000974659
0.00341131
0.00331384
0.00146199
0.00165692
0.00126706
0.000877193
0.000584795
0.000194932
0.0164717
9.74659e-005
0.000194932
0.000584795
0.000584795
0.000877193
0.000682261
0.000779727
0.000389864
0.00165692
0.000389864
0.00165692
0.000487329
0.000584795
0.00360624
0.000584795
0.000682261
0.00165692
0.000682261
0.000487329
0.000584795
0.00575049
0.000194932
0.000682261
0.000389864
0.000584795
0.000389864
0.000487329
0.00302144
0.000682261
0.000584795
0.000487329
0.00136452
0.000584795
0.000292398
0.000389864
0.000487329
0.000194932
0.000682261
0.000389864
0.000194932
0.000292398
0
0.0140351
9.74659e-005
9.74659e-005
0.000194932
0.000194932
0.000389864
0.000584795
0.000682261
0.000584795
0.000194932
0.00107212
0.000487329
0.000487329
9.74659e-005
0.00438596
0.000292398
0.000682261
0.00194932
0.00136452
0.000779727
0.000779727
0.0109162
0.00136452
0.00146199
0.00194932
0.00233918
0.00155945
0.00175439
0.0076998
0.00204678
0.00263158
0.00653021
0.00126706
0.00175439
0.0045809
0.0042885
0.00341131
0.0037037
0.0042885
0.00497076
0.00896686
0.0172515
0.10731