0
0.0367965
0.0295815
0.026455
0.018759
0.0165945
0.011063
0.00553151
0.003367
0.00721501
0.000721501
0.00793651
0.0031265
0.001924
0.0165945
0
0.002405
0.00601251
0.003848
0.0031265
0.000481
0.0440115
0
0.002405
0.00673401
0.0002405
0.0137085
0.00673401
0.0324675
0.0002405
0.0127465
0.0002405
0.025012
0.003848
0.015873
0.0146705
0.00745551
0.002405
0.0012025
0.000481
0.0002405
0
0
0.0779221
0
0
0.0002405
0.0002405
0.0002405
0.0002405
0.000962001
0.0002405
0
0.0026455
0
0.0002405
0
0.0031265
0
0
0.000481
0
0
0
0.00601251
0
0
0
0.0002405
0
0
0.0026455
0
0
0.000481
0
0
0
0
0
0.0002405
0
0
0
0
0.00937951
0
0
0
0
0
0
0
0
0
0
0.000481
0
0
0.001443
0
0
0
0
0
0
0.001924
0
0
0
0
0.000481
0
0.001443
0
0
0
0.000962001
0
0.000481
0.000481
0
0
0
0.0002405
0
0
0
0.025012
0
0
0.0002405
0.000962001
0.000481
0.0012025
0.0021645
0.002405
0.000962001
0.00625301
0.0002405
0.003848
0
0.012987
0.0021645
0
0.00817701
0.00601251
0.000481
0.0002405
0.014911
0
0.001924
0.000481
0.0036075
0.001924
0.0002405
0.00721501
0.000481
0.000962001
0.004329
0
0.0002405
0.002886
0.000481
0.000481
0
0
0
0
0
0.037037
0
0
0
0.0002405
0.0002405
0.0002405
0
0
0.000481
0
0.0021645
0.0002405
0.0002405
0.002405
0
0
0.0002405
0.0002405
0
0.0002405
0.012987
0
0
0.0002405
0
0.0002405
0.000481
0.0016835
0
0.0002405
0
0.0002405
0
0.0002405
0
0
0
0.0002405
0
0
0
0
0.03367
0
0
0
0
0.0002405
0.0002405
0.0002405
0.000721501
0
0.000721501
0
0.000721501
0
0.001443
0
0
0.0016835
0.0012025
0
0.0002405
0.012025
0
0.000481
0.001443
0.0026455
0.0012025
0.000962001
0.00553151
0.0016835
0.0012025
0.003848
0.001924
0.0036075
0.00649351
0.004329
0.0031265
0.004329
0.00817701
0.00505051
0.0146705
0.0040885
0.191679