0
0.0801714
0.0215429
0.00862857
0.00588571
0.00548571
0.00548571
0.00531429
0.00417143
0.00674286
0.00371429
0.00634286
0.00422857
0.00297143
0.00862857
0.0024
0.0032
0.00457143
0.00348571
0.0032
0.00251429
0.0148
0.00194286
0.00274286
0.00377143
0.00177143
0.00485714
0.004
0.00925714
0.00154286
0.0036
0.002
0.00651429
0.00205714
0.0048
0.00462857
0.00314286
0.00142857
0.00142857
0.000971429
0.000685714
5.71429e-005
5.71429e-005
0.0403429
5.71429e-005
0.000457143
0.000742857
0.000285714
0.000685714
0.000571429
0.00154286
0.00211429
0.000457143
0.00285714
0.000285714
0.0004
0.000228571
0.004
0.000742857
5.71429e-005
0.002
0.000628571
0.000457143
0.000114286
0.00657143
0.000342857
0.000571429
0.000342857
0.0012
0.000914286
0.000228571
0.00468571
0.000342857
0.00165714
0.00314286
0.000171429
0.00131429
0.0028
0.00171429
0.00165714
0.0032
0.00102857
0.000171429
0.000171429
0.000114286
0.0274857
0
0.000171429
0
0.00131429
0.00502857
0.00308571
0.0032
0.0012
0.00651429
0.000114286
0.0068
0.00302857
0.00257143
0.00971429
0.000742857
0.00268571
0.00845714
0.0036
0.00302857
0.000628571
0.016
5.71429e-005
0.00125714
0.0048
0.0004
0.00605714
0.00251429
0.00891429
0.0004
0.00485714
0.000857143
0.00605714
0.00125714
0.00394286
0.00411429
0.00308571
0.00245714
0.00245714
0.0016
0.00114286
0.0004
0
0.0309714
0.000857143
0.002
0.0048
0.00634286
0.00582857
0.00737143
0.00954286
0.00942857
0.00994286
0.0106286
0.00668571
0.0101143
0.00834286
0.014
0.0132571
0.00605714
0.0121714
0.00965714
0.00451429
0.00468571
0.0115429
0.00502857
0.00417143
0.00377143
0.00405714
0.00314286
0.0028
0.00371429
0.00194286
0.00182857
0.00308571
0.0008
0.000857143
0.00211429
0.000685714
0.00102857
0.000857143
0.000914286
0.0008
0.000114286
5.71429e-005
0.0193714
0
0.000457143
0.000628571
0.0004
0.000514286
0.0004
0.00102857
0.000571429
0.0016
0.000228571
0.00142857
0.000342857
0.000171429
0.00245714
0.000171429
0.000228571
0.0008
0.000342857
0.000228571
0.000285714
0.00628571
0.000342857
0.000457143
0.000571429
0.000171429
0.000228571
0.000514286
0.00234286
0.000228571
0.000228571
0.000342857
0.000628571
0.000342857
0.000285714
0.0004
0.000171429
0.0004
0.000228571
0.000571429
0.000171429
0.000228571
0
0.0116
0.000342857
0.000228571
0.000228571
0.000171429
0.000514286
0.000457143
0.0004
0.000628571
0.000285714
0.000628571
0.0004
0.000457143
0.000285714
0.00211429
0.000228571
0.000457143
0.000742857
0.000628571
0.000457143
0.000228571
0.00874286
0.00108571
0.000857143
0.000971429
0.00165714
0.000857143
0.000971429
0.00651429
0.00114286
0.000914286
0.00325714
0.00142857
0.00131429
0.00325714
0.00268571
0.00228571
0.00331429
0.0036
0.00371429
0.00634286
0.0141714
0.104