0
0
0.00919913
0.0286797
0.0146104
0.0248918
0.00974026
0.0108225
0.00270563
0.0146104
0.00162338
0.0140693
0.00324675
0.0021645
0.0124459
0.000541126
0.00162338
0.00270563
0.00487013
0.0021645
0.000541126
0.0205628
0
0.000541126
0.0021645
0
0.0021645
0
0.0021645
0
0.000541126
0
0.00162338
0
0
0
0
0
0
0
0
0
0
0.0438312
0
0
0
0
0
0
0
0
0
0
0
0
0
0.000541126
0
0
0
0
0
0
0.0021645
0
0
0
0
0
0
0.000541126
0
0
0
0
0
0
0
0
0
0
0
0
0
0.00757576
0
0
0
0
0
0
0
0
0
0
0
0
0
0.000541126
0
0
0
0
0
0
0.00541126
0
0
0
0
0
0
0.00324675
0
0
0
0.0021645
0
0.000541126
0.00108225
0
0
0.000541126
0
0
0
0
0.0573593
0
0
0
0
0.00108225
0.000541126
0.00162338
0.00487013
0
0.00757576
0
0.00162338
0
0.0162338
0.00108225
0
0.000541126
0.000541126
0
0
0.0265152
0
0
0.00108225
0.00162338
0.000541126
0
0.00811688
0
0
0.00324675
0
0
0.000541126
0
0
0
0
0
0
0
0.0519481
0
0
0
0
0
0
0
0
0
0
0
0
0
0.00162338
0
0
0
0
0
0
0.00865801
0
0
0
0
0
0
0.0021645
0
0
0
0.00108225
0
0.000541126
0
0
0
0
0
0
0
0
0.0335498
0
0
0
0
0
0.000541126
0.000541126
0
0
0.00162338
0
0
0
0.00378788
0
0
0.00162338
0.000541126
0
0
0.0124459
0
0
0.00108225
0.00270563
0.0021645
0
0.0108225
0.000541126
0.00378788
0.00595238
0.000541126
0.00541126
0.00649351
0.00595238
0.00703463
0.00811688
0.0146104
0.00974026
0.00378788
0
0.396645