0
0.0310581
0.0406284
0.0348501
0.0234742
0.0166125
0.0126399
0.0119177
0.00830625
0.0130011
0.00848682
0.00758397
0.00650054
0.00776454
0.00650054
0.00686168
0.0092091
0.00848682
0.00686168
0.00975081
0.010112
0.0176959
0.00397255
0.0142651
0.0151679
0.0110148
0.0167931
0.0158902
0.021849
0.0135428
0.0149874
0.0142651
0.00848682
0.00938967
0.00505598
0.0061394
0.00252799
0.00198628
0.00288913
0.00397255
0.000541712
0.000180571
0
0.0151679
0
0.000361141
0.000722282
0.00126399
0.00144456
0.00108342
0.00126399
0.000361141
0.000722282
0.000722282
0.000361141
0.00126399
0.000180571
0.00270856
0.00162514
0.000361141
0.00180571
0.00162514
0.000541712
0.000180571
0.00415312
0.000180571
0.000361141
0.000722282
0.00180571
0.000361141
0.000180571
0.0030697
0
0.000722282
0.00162514
0.000180571
0
0.000361141
0.000902853
0.000361141
0.000180571
0.000361141
0.000180571
0
0
0.00379198
0
0.000361141
0
0.000361141
0.000180571
0.000180571
0.000180571
0
0.00144456
0.000180571
0.00198628
0.000180571
0.000541712
0.00162514
0.000180571
0.000361141
0.00198628
0.000902853
0.000361141
0.000541712
0.00686168
0
0.000722282
0.000722282
0.000361141
0.00108342
0.000722282
0.00433369
0
0.000902853
0.000180571
0.00288913
0.00162514
0.00252799
0.00252799
0.00144456
0.00162514
0.00180571
0.00126399
0.00108342
0.00126399
0
0.0352113
0.00144456
0.000722282
0.0030697
0.00288913
0.00325027
0.00216685
0.00288913
0.00451426
0.00216685
0.00433369
0.00180571
0.00288913
0.00198628
0.00415312
0.0030697
0.00198628
0.00216685
0.00288913
0.000902853
0.000541712
0.00541712
0.00144456
0.00180571
0.00108342
0.00162514
0.000722282
0.00180571
0.00288913
0.00126399
0.000722282
0.00325027
0.00144456
0.00108342
0.00162514
0.000722282
0.000541712
0.000902853
0.000361141
0
0.000361141
0.000180571
0.0124594
0.000180571
0
0
0.00108342
0
0.000361141
0
0.000361141
0.000541712
0
0.000541712
0
0
0.000722282
0
0.000722282
0.000361141
0
0
0.000180571
0.00379198
0
0.000361141
0.000180571
0.000541712
0.000361141
0.000180571
0.00144456
0
0.000180571
0
0.000541712
0.000361141
0.000361141
0.000180571
0.000361141
0.000180571
0.000361141
0.000180571
0
0
0
0.00559769
0
0.000180571
0
0.000541712
0.000361141
0.000180571
0.000180571
0.000722282
0.000361141
0.00108342
0.00108342
0.000361141
0.000361141
0.000541712
0.000902853
0.000180571
0.00252799
0.000722282
0.000180571
0.000361141
0.00415312
0.000902853
0.000541712
0.000541712
0.00108342
0.00108342
0.00126399
0.00252799
0.00108342
0.00162514
0.00162514
0.00144456
0.00108342
0.00361141
0.00252799
0.00343084
0.00379198
0.00631997
0.00668111
0.0117371
0.00559769
0.199531