0
0.0631334
0.0295608
0.0211149
0.0137247
0.0101351
0.00971284
0.00971284
0.0118243
0.0133024
0.0082348
0.00929054
0.00696791
0.00886824
0.00717905
0.00570101
0.00527872
0.00802365
0.00527872
0.00591216
0.00612331
0.00760135
0.00570101
0.00907939
0.00971284
0.0073902
0.0103463
0.00760135
0.00886824
0.0073902
0.0118243
0.00929054
0.00907939
0.0107686
0.0122466
0.0101351
0.00612331
0.00358953
0.00358953
0.00211149
0.00168919
0.00126689
0.000422297
0.0154139
0.00147804
0.00168919
0.00168919
0.00126689
0.00168919
0.000211149
0.00211149
0.00168919
0.00105574
0.00232264
0.000844595
0.000633446
0.000422297
0.00126689
0.00190034
0
0.00105574
0.000422297
0.000422297
0.000422297
0.00168919
0.000211149
0.000844595
0.000422297
0.000633446
0.000633446
0.000422297
0.000422297
0.000211149
0
0.000633446
0.000422297
0.000211149
0.000422297
0.000633446
0.000211149
0
0.000633446
0
0.000422297
0
0.00211149
0
0.000422297
0
0.000422297
0.000211149
0.000633446
0.000211149
0.000211149
0.000633446
0.000211149
0.00147804
0.000211149
0.000633446
0.000844595
0.000633446
0.000211149
0.000844595
0.000211149
0.000422297
0.000633446
0.00168919
0.000844595
0.000633446
0.00126689
0.000422297
0
0.000633446
0.00126689
0
0.00147804
0.000211149
0.00105574
0
0.000422297
0.00147804
0.000633446
0.000633446
0.00168919
0.000844595
0.00105574
0.000633446
0.000211149
0.0194257
0.00126689
0.00211149
0.00295608
0.00253378
0.00316723
0.00422297
0.00485642
0.00717905
0.00760135
0.00654561
0.00760135
0.00717905
0.00570101
0.0152027
0.0154139
0.0109797
0.0152027
0.0124578
0.00844595
0.00570101
0.0181588
0.00548986
0.00675676
0.00591216
0.00506757
0.00380068
0.00253378
0.00485642
0.00147804
0.00295608
0.00401182
0.00168919
0.000422297
0.00274493
0.00105574
0.00147804
0.00295608
0.00126689
0.000844595
0.000844595
0
0.0145693
0.000211149
0.000422297
0.000633446
0.000633446
0.000844595
0.000211149
0.00105574
0.00105574
0.000844595
0.000422297
0.00147804
0.00147804
0.00147804
0.00232264
0.000844595
0.000422297
0.00105574
0.000422297
0.00126689
0.00147804
0.00591216
0
0
0.00105574
0.000633446
0.00211149
0.000844595
0.00358953
0.000211149
0.000211149
0.000844595
0.00105574
0.000211149
0.00168919
0.00126689
0.000844595
0.000422297
0
0.000633446
0.000211149
0.000211149
0
0.0139358
0
0.000422297
0.000844595
0.000633446
0.000844595
0.000844595
0.00211149
0.00126689
0.000633446
0.00337838
0
0.00253378
0.000211149
0.00422297
0.00168919
0
0.00633446
0.00253378
0.000633446
0.00105574
0.00992399
0.000422297
0.00168919
0.00358953
0.00464527
0.00316723
0.00253378
0.00760135
0.00147804
0.00485642
0.00633446
0.00253378
0.00358953
0.0073902
0.00612331
0.00506757
0.00654561
0.0086571
0.00696791
0.0086571
0.00907939
0.0595439