0.00462551
0.0588863
0.033446
0.0229497
0.0183241
0.0160114
0.0110301
0.00658246
0.00284647
0.00693827
0.00213485
0.00444761
0.0042697
0.00231276
0.00569294
0.00142323
0.00213485
0.00355809
0.00124533
0.00213485
0.00213485
0.00676036
0.00124533
0.00266856
0.00391389
0.00142323
0.00231276
0.00249066
0.00355809
0.000889521
0.00266856
0.00124533
0.00249066
0.00302437
0.00320228
0.00195695
0.00266856
0.000889521
0.00284647
0.00355809
0.00302437
0.000711617
0
0.0361146
0.000889521
0.00124533
0.00480342
0.0042697
0.00249066
0.00373599
0.00604875
0.0040918
0.00195695
0.00391389
0.00249066
0.00231276
0.000533713
0.00302437
0.00142323
0.000355809
0.00195695
0.00160114
0.00142323
0.000177904
0.00640455
0.000889521
0.000889521
0.000355809
0.000711617
0.000355809
0.000355809
0.00177904
0
0.000177904
0.000711617
0.000355809
0.000177904
0.000533713
0.000177904
0
0.000711617
0
0.000177904
0.000355809
0
0.00533713
0
0.000177904
0.000177904
0
0.000177904
0
0.000355809
0.000355809
0.000177904
0
0.000533713
0
0.000177904
0.000533713
0.000177904
0
0.000533713
0.000355809
0
0.000355809
0.00320228
0
0.000177904
0
0.000533713
0.000177904
0.000355809
0.000533713
0
0.000711617
0
0.00142323
0.000177904
0.000533713
0.000533713
0.000355809
0
0.000533713
0.000177904
0
0
0
0.0138765
0.000177904
0.000711617
0.000355809
0.000889521
0.000177904
0.000533713
0.00142323
0.00160114
0.000355809
0.000889521
0.000533713
0.000711617
0.000177904
0.00106743
0.000533713
0.000355809
0.00160114
0.000889521
0.000889521
0.000177904
0.0040918
0.00124533
0.00177904
0.00249066
0.00320228
0.00195695
0.00160114
0.00676036
0.00640455
0.0177904
0.0293542
0.0284647
0.00782779
0.00640455
0.0040918
0.00177904
0.00195695
0.00462551
0.000355809
0.00106743
0.000711617
0.0110301
0.000355809
0.00213485
0.000889521
0.00106743
0.00106743
0.00142323
0.000889521
0.000889521
0.00231276
0.000533713
0.00355809
0.00160114
0.000533713
0.00355809
0.000711617
0.000889521
0.00249066
0.00124533
0.000889521
0.000533713
0.00498132
0.000177904
0.000711617
0.00124533
0.000177904
0.00160114
0.000177904
0.00355809
0.000355809
0.00106743
0.00106743
0.00284647
0.000711617
0.00177904
0.00106743
0.00106743
0.000177904
0.000533713
0.000711617
0.000533713
0
0
0.0138765
0
0.000355809
0.000711617
0.000889521
0.000533713
0.000711617
0.00231276
0.00177904
0.000889521
0.00213485
0.000711617
0.00195695
0.000711617
0.00462551
0.00266856
0.000355809
0.00249066
0.00195695
0.00106743
0.000711617
0.00747198
0.00160114
0.00177904
0.00160114
0.0040918
0.00142323
0.00266856
0.00853941
0.00391389
0.00515922
0.00604875
0.00302437
0.00480342
0.00622665
0.00622665
0.00693827
0.00764988
0.0101405
0.0122754
0.0136986
0.0245508
0.208148