0.00311303
0.0625
0.0418582
0.0207375
0.0176724
0.0146073
0.0144636
0.0163793
0.00818965
0.0191092
0.00512452
0.0150862
0.00962644
0.00727969
0.0148467
0.00632184
0.00632184
0.00780651
0.00541188
0.00373563
0.00225096
0.0105364
0.000143678
0.00162835
0.00249042
0.000766284
0.00282567
0.00153257
0.00253831
9.57854e-005
0.000670498
0.000287356
0.00143678
0.000239464
0.00052682
0.000574713
0.000335249
0.000287356
9.57854e-005
4.78927e-005
0
0
0
0.00584291
0
4.78927e-005
4.78927e-005
9.57854e-005
9.57854e-005
9.57854e-005
0.000239464
9.57854e-005
0
0.000239464
0
0
0
0.000431034
0
0
0
0
0
0
0.000574713
0
0
0
0
0
0
0.000335249
0
0
0.000143678
0
0
0
4.78927e-005
0
4.78927e-005
0
0
0
0
0.00143678
0
0
0
0
0
0
4.78927e-005
0
9.57854e-005
0
4.78927e-005
0
0
0.000143678
0
0
9.57854e-005
0
0
0
0.000574713
0
0
0
0
0.000143678
4.78927e-005
0.000287356
0
0
0
0.000383142
4.78927e-005
0.000239464
0.000239464
0
4.78927e-005
4.78927e-005
0
4.78927e-005
0
0
0.00565134
0
0.000239464
0.000287356
9.57854e-005
0.000335249
0.000622605
0.000670498
0.000718391
0.000718391
0.00186782
0.00167625
0.00244253
0.00234674
0.00584291
0.00579502
0.00445402
0.00924329
0.00747126
0.00622605
0.00536398
0.0147989
0.00699234
0.0085249
0.00909962
0.0108238
0.00967433
0.00838123
0.0133621
0.00775862
0.00785441
0.00756705
0.00340038
0.00512452
0.00680077
0.00507663
0.00306513
0.00454981
0.00253831
0.00186782
0.000862069
0.000143678
0.0394157
4.78927e-005
0.000383142
0.000766284
0.00114943
0.00244253
0.00138889
0.00320881
0.000718391
0.00440613
0.000239464
0.00531609
0.00138889
0.000622605
0.00981801
0.000239464
0.000670498
0.00292146
0.000909962
0.000718391
0.000143678
0.0158525
0
0.000191571
0.00110153
0.000143678
0.0019636
0.000574713
0.00862069
4.78927e-005
0.000622605
0.000239464
0.00354406
0.000239464
0.00201149
0.000670498
0.000335249
9.57854e-005
0.000239464
0.000143678
0
0
0
0.0379789
0
9.57854e-005
4.78927e-005
0.000143678
0.000335249
0.000143678
0.000718391
0.00114943
0.000383142
0.00474138
0.000478927
0.000766284
4.78927e-005
0.0174808
0.000622605
0.000335249
0.00258621
0.00143678
0.000287356
0.000431034
0.0297414
0.000431034
0.00110153
0.00186782
0.0058908
0.00177203
0.000909962
0.0253352
0.00153257
0.00258621
0.0164272
0.0012931
0.00177203
0.0101533
0.00641762
0.00522031
0.00474138
0.00522031
0.00565134
0.0100575
0.0130268
0.122893