0
0
0
0
0
0
0
0
0
0
0
0
0.00255102
0
0
0
0
0
0
0
0
0
0
0
0
0
0
0
0
0
0
0
0
0
0
0
0
0
0
0
0
0
0
0.00382653
0
0
0
0
0
0
0
0
0
0
0
0
0
0
0
0
0
0
0
0
0
0
0
0
0
0
0
0
0
0
0
0
0
0
0
0
0
0
0
0
0
0
0
0
0
0
0
0
0
0
0
0
0
0
0
0
0
0
0
0
0
0
0
0
0
0
0
0
0
0
0
0
0
0
0
0
0
0
0
0
0
0
0
0
0
0
0
0
0
0
0
0
0
0
0
0
0
0
0
0
0
0.00127551
0
0
0
0
0
0
0
0
0
0
0.00255102
0
0.00127551
0
0
0
0
0
0
0.00255102
0
0
0
0
0.0459184
0
0
0
0
0
0.00637755
0.00765306
0
0.0102041
0
0.0420918
0.00510204
0
0.0701531
0
0
0.0153061
0.00255102
0.00127551
0
0.0816327
0
0
0.00510204
0
0.00765306
0.00127551
0.0727041
0
0.00255102
0
0.0306122
0
0.00637755
0.00127551
0.00127551
0.00127551
0
0
0
0
0
0.210459
0
0
0
0
0
0.00127551
0.00765306
0.0114796
0
0.0242347
0
0.00510204
0
0.0522959
0
0
0.0229592
0.0178571
0
0
0.0867347
0
0.00382653
0.0165816
0.0204082
0.00892857
0
0.0267857
0.00382653
0.00637755
0.00765306
0
0.00127551
0.00127551
0.00637755
0.00510204
0.00382653
0
0
0
0
0.0153061