0
0.00164024
0.00683434
0.0041006
0.00464735
0.00492072
0.00355385
0.00382723
0.00218699
0.00273373
0.00164024
0.00437397
0.00082012
0.00218699
0.00218699
0.00082012
0.00164024
0.00164024
0.00191361
0.00191361
0.00164024
0.00136687
0
0.000546747
0.000546747
0.000546747
0.00109349
0
0.000273373
0.000273373
0.000273373
0
0
0.000273373
0.00082012
0.000546747
0
0
0.00082012
0
0
0
0
0.00246036
0
0
0
0
0
0.000273373
0.000273373
0
0
0.000546747
0
0.000273373
0
0.000273373
0
0
0
0
0
0
0.00109349
0
0
0
0
0
0
0.000546747
0
0
0
0
0
0.000273373
0.000273373
0
0
0
0
0
0
0.00136687
0
0
0
0
0
0
0
0
0
0
0
0
0
0
0
0
0
0
0
0
0.000546747
0
0
0
0
0
0
0.000273373
0
0
0
0
0.000546747
0
0
0
0
0.000273373
0
0
0
0
0.0041006
0
0
0.000273373
0.000273373
0.00109349
0.00082012
0.00164024
0.00082012
0.00191361
0.00164024
0.00082012
0.00218699
0.00109349
0.00546747
0.00464735
0.00355385
0.0101148
0.00874795
0.0117551
0.0169492
0.0322581
0.0287042
0.0524877
0.0713505
0.0847458
0.0729907
0.0590487
0.0333516
0.0174959
0.0155823
0.0133953
0.00956807
0.00738108
0.00956807
0.0114817
0.00683434
0.00792783
0.00437397
0.00328048
0.0041006
0.00109349
0.0224166
0.000273373
0.00300711
0.00191361
0.00382723
0.00464735
0.00382723
0.00328048
0.00191361
0.00683434
0.00300711
0.00492072
0.00273373
0.00355385
0.0041006
0.000546747
0.00136687
0.00191361
0.00164024
0.000273373
0.00109349
0.0041006
0.000273373
0.000273373
0.00164024
0.000546747
0.00218699
0.00246036
0.00300711
0
0.000546747
0
0.00164024
0.00136687
0.00109349
0.00191361
0.00082012
0.000546747
0.00109349
0.00082012
0.000273373
0
0
0.00956807
0
0.00082012
0.000273373
0.000546747
0.00136687
0.00109349
0.00246036
0.00191361
0.000546747
0.00109349
0.00136687
0.00246036
0.000546747
0.00328048
0.00191361
0.00109349
0.00273373
0.00191361
0.00136687
0.00164024
0.00765446
0.00382723
0.00300711
0.00437397
0.0041006
0.00437397
0.00273373
0.0041006
0.00382723
0.00328048
0.0041006
0.00382723
0.00546747
0.00956807
0.016129
0.00792783
0.0185894
0.00902132
0.0092947
0.00765446
0.00218699
0.0284308