0
0
0
0.00226244
0.0015083
0.000754148
0.00301659
0.0015083
0.00226244
0.00301659
0
0.0015083
0.000754148
0
0.0015083
0
0.000754148
0
0
0.000754148
0.0015083
0.00301659
0
0.000754148
0.000754148
0
0
0
0
0
0
0
0.000754148
0
0
0
0
0
0
0
0
0
0
0.0015083
0
0
0
0
0
0
0
0
0
0
0
0
0
0
0
0
0
0
0
0
0.000754148
0
0
0
0
0
0
0
0
0
0
0
0
0
0
0
0
0
0
0
0
0.000754148
0
0
0
0
0
0
0
0
0
0
0
0
0
0
0
0
0
0
0
0
0.000754148
0
0
0
0
0
0
0
0
0
0
0
0
0.000754148
0
0
0
0
0
0
0
0
0.00226244
0
0
0
0
0
0
0.000754148
0
0.0015083
0.000754148
0.000754148
0.0015083
0.000754148
0.00301659
0.000754148
0
0.00377074
0.00452489
0.00226244
0.000754148
0.00904977
0.00452489
0.00603318
0.00829563
0.0135747
0.00829563
0.0113122
0.0211161
0.0135747
0.0180995
0.0263952
0.00678733
0.00904977
0.025641
0.0120664
0.0173454
0.0105581
0.0120664
0.00301659
0.0015083
0.000754148
0.202866
0
0.000754148
0.00301659
0.00226244
0.00452489
0.00527903
0.0120664
0.00301659
0.0309201
0
0.0414781
0.00226244
0.00226244
0.020362
0
0.00301659
0.0113122
0.00226244
0.00226244
0
0.0211161
0
0
0.000754148
0.000754148
0.00301659
0.00301659
0.00829563
0
0.00829563
0
0.00829563
0.0015083
0.00603318
0.00377074
0.00452489
0.0015083
0.000754148
0.0015083
0
0
0
0.025641
0
0
0.0015083
0.00226244
0.0015083
0.00603318
0.00377074
0.00603318
0.0015083
0.00904977
0.000754148
0.00527903
0.0015083
0.0128205
0.00603318
0.0015083
0.00829563
0.0128205
0.00301659
0
0.0226244
0.00452489
0.0105581
0.00904977
0.0105581
0.00226244
0.00980392
0.0113122
0.00904977
0.0128205
0.00904977
0.00452489
0.0105581
0.00678733
0.00377074
0.00980392
0.00377074
0.00527903
0.00452489
0
0
0.0135747