0
0.030303
0.0728438
0.016317
0.00786713
0.00480769
0.00597319
0.00451632
0.00364219
0.00524476
0.00407925
0.00364219
0.00203963
0.00218531
0.00276807
0.00189394
0.00189394
0.00101981
0.00218531
0.00203963
0.0011655
0.00305944
0.00218531
0.000874126
0.00160256
0.000728438
0.00160256
0.00101981
0.00291375
0.00160256
0.000728438
0.00160256
0.0011655
0.0011655
0.00160256
0.00160256
0.000874126
0.000582751
0.000437063
0.000728438
0.000291375
0.000437063
0
0.00437063
0.000291375
0.000145688
0.000582751
0.000145688
0.000728438
0.000582751
0.000874126
0.000145688
0.000582751
0.000582751
0
0.000437063
0.000291375
0.000582751
0.000145688
0.000291375
0.000437063
0.000437063
0
0
0.00101981
0.000582751
0.000145688
0.000874126
0
0.000582751
0.000145688
0.000874126
0.000582751
0.000728438
0.000437063
0.000145688
0
0.000291375
0.000437063
0.000437063
0.000437063
0.000291375
0.000145688
0.000145688
0
0.00262238
0
0.000145688
0
0.000291375
0.000728438
0.000145688
0.000582751
0.000291375
0.000728438
0.000291375
0.000582751
0.000291375
0.000145688
0.000582751
0.000291375
0.000437063
0.000728438
0.000437063
0.000437063
0.000437063
0.00131119
0
0
0.000291375
0.000291375
0.00101981
0.000145688
0.000437063
0.000145688
0.000582751
0.000145688
0.000728438
0.000582751
0.000582751
0.00174825
0.000437063
0.000437063
0.00145688
0.00101981
0.000728438
0.000728438
0
0.00568182
0.000291375
0.000582751
0.000582751
0.00101981
0.00145688
0.00203963
0.00160256
0.00291375
0.00247669
0.00407925
0.00451632
0.00422494
0.00495338
0.00786713
0.00917832
0.00641026
0.0118007
0.0103438
0.0125291
0.013549
0.0225816
0.0225816
0.0234557
0.0364219
0.0416667
0.0422494
0.0351107
0.0284091
0.0211247
0.0218531
0.0185023
0.0120921
0.0109266
0.0141317
0.00976107
0.00815851
0.0113636
0.0104895
0.00568182
0.00524476
0.0034965
0.0206876
0.00160256
0.00174825
0.00407925
0.00393357
0.00364219
0.0034965
0.00305944
0.00276807
0.00378788
0.00189394
0.0034965
0.00291375
0.0034965
0.00378788
0.00247669
0.00291375
0.00276807
0.00160256
0.00291375
0.00276807
0.00539044
0.00160256
0.00101981
0.00218531
0.00189394
0.00291375
0.00145688
0.00305944
0.000874126
0.00145688
0.00174825
0.00276807
0.002331
0.002331
0.00160256
0.00174825
0.00101981
0.00131119
0.00218531
0.00160256
0.000728438
0.000145688
0.00713869
0.00101981
0.00101981
0.00145688
0.00174825
0.00160256
0.00189394
0.00320513
0.00218531
0.00189394
0.00160256
0.00145688
0.00320513
0.00101981
0.00247669
0.00160256
0.0011655
0.00364219
0.00218531
0.00291375
0.002331
0.00335082
0.00131119
0.00203963
0.00160256
0.0034965
0.00247669
0.00145688
0.00262238
0.00189394
0.00262238
0.00320513
0.00276807
0.00247669
0.00480769
0.00393357
0.00262238
0.00276807
0.0034965
0.00291375
0.00335082
0.004662
0.0125291