0
0
0.00286944
0.00215208
0.00286944
0.0035868
0.00860832
0.00071736
0.00286944
0.00215208
0.00071736
0.00215208
0.00215208
0.00215208
0.00071736
0.00215208
0.00071736
0.00215208
0.00502152
0.00430416
0.00071736
0.0071736
0.00071736
0.00215208
0.00286944
0.00071736
0.00071736
0.0035868
0.00071736
0.00071736
0
0
0.00286944
0.00071736
0
0.00215208
0.00143472
0.00143472
0.00143472
0
0
0
0
0.0222382
0
0
0
0
0.00071736
0
0.00143472
0.00071736
0
0.00143472
0
0.00143472
0
0.00215208
0
0
0.00286944
0
0
0
0.00502152
0
0
0.00071736
0.00071736
0
0
0.00215208
0
0.00071736
0
0.00071736
0
0.00071736
0
0
0
0
0
0
0
0.00645624
0
0
0
0.00071736
0.00071736
0
0
0.00071736
0
0
0.00143472
0
0.00071736
0.00143472
0
0
0
0
0
0
0.00573888
0.00143472
0.00071736
0.00215208
0
0.00143472
0
0.00215208
0
0.00071736
0.00071736
0.00071736
0.00143472
0.00215208
0.00143472
0.00071736
0
0.00143472
0.00071736
0
0
0
0.0243902
0
0
0.00143472
0.00286944
0.00286944
0.00143472
0.00430416
0.00573888
0.00286944
0.00430416
0.00430416
0.00573888
0.00286944
0.0164993
0.0107604
0.00932568
0.0136298
0.0107604
0.0172166
0.0107604
0.0322812
0.0193687
0.0322812
0.0337159
0.0609756
0.0552367
0.0595409
0.025825
0.0215208
0.0265423
0.0129125
0.0136298
0.010043
0.00932568
0.00860832
0.010043
0.00502152
0.00645624
0.00573888
0.00286944
0.00215208
0.035868
0
0.00143472
0.00430416
0.00286944
0.00502152
0.00071736
0.00286944
0.00143472
0.00645624
0.00071736
0.00215208
0.00143472
0.00143472
0.00430416
0.00071736
0.00215208
0.00430416
0
0.00143472
0.00286944
0.00573888
0
0.00215208
0.00143472
0.00143472
0.00286944
0.00143472
0.0035868
0.00071736
0.00071736
0.00071736
0.00286944
0
0.00071736
0.00143472
0
0
0.00286944
0
0
0
0
0.00430416
0
0.00071736
0.00071736
0
0.00071736
0.00143472
0.00071736
0
0
0
0.00143472
0.00143472
0.00071736
0
0.00143472
0.00143472
0.00071736
0
0
0.00143472
0.00286944
0.00071736
0.00071736
0.0035868
0.00215208
0.00143472
0.00502152
0.00645624
0.00502152
0.0035868
0.00143472
0.00502152
0.00789096
0.00932568
0.00143472
0.00430416
0.00430416
0.00645624
0.0071736
0.00430416
0.00071736
0.0236729