0.000363108
0.0221496
0.0482934
0.0203341
0.0119826
0.00944081
0.0127088
0.00290487
0.00290487
0.00689906
0.00544662
0.00399419
0.00544662
0.00181554
0.00363108
0.00181554
0.00290487
0.00108932
0.000363108
0.00217865
0.00181554
0.00326797
0.00326797
0.000726216
0.00145243
0.00290487
0
0.000726216
0.00181554
0.000363108
0.000363108
0.000363108
0.00108932
0.000726216
0.000363108
0.00181554
0
0
0
0.000726216
0
0.000363108
0
0.00944081
0.000363108
0.000363108
0.000726216
0.00108932
0.000726216
0.000363108
0.000363108
0.000726216
0.000726216
0.00108932
0.000363108
0.00108932
0.000363108
0.000363108
0.00108932
0
0.00108932
0.000726216
0.000363108
0.00108932
0.000726216
0
0.000363108
0.00108932
0.00108932
0
0.000363108
0.000363108
0
0
0.000363108
0
0
0.000363108
0.000726216
0
0.000363108
0.00108932
0
0.000363108
0
0.00145243
0
0
0
0.000726216
0.00108932
0
0.000363108
0.000726216
0.000363108
0
0.000726216
0
0.000363108
0.000363108
0.000363108
0.000363108
0.000726216
0
0.000363108
0
0.00217865
0
0.00145243
0.000726216
0
0.00108932
0
0.00254176
0
0
0
0.000363108
0.00108932
0.000363108
0
0.00145243
0.000363108
0.000363108
0.000363108
0.000726216
0.000363108
0
0.00980392
0.000726216
0.00108932
0.00290487
0.00181554
0.00217865
0.00181554
0.00290487
0.0043573
0.00181554
0.00254176
0.00181554
0.00254176
0.00326797
0.00508351
0.00508351
0.00508351
0.00689906
0.00726216
0.00944081
0.00472041
0.0185185
0.0105301
0.0123457
0.0188816
0.033406
0.0381264
0.0265069
0.0257807
0.0163399
0.0170661
0.0206972
0.0119826
0.0145243
0.0177923
0.0148874
0.00689906
0.0112564
0.0087146
0.00726216
0.00726216
0.00290487
0.0424837
0.00326797
0.0043573
0.00472041
0.00617284
0.00726216
0.0087146
0.00653595
0.00399419
0.00798838
0.000726216
0.00762527
0.00544662
0.00217865
0.00617284
0.00217865
0.00217865
0.00726216
0.00472041
0.00290487
0.00326797
0.00980392
0.00217865
0.00181554
0.00181554
0.000363108
0.00326797
0.00217865
0.00363108
0.000726216
0.00145243
0.00145243
0.00217865
0.00108932
0.000363108
0.00108932
0.000726216
0.000363108
0.00145243
0.000726216
0.000726216
0.00181554
0
0.00798838
0.000363108
0.00108932
0.000726216
0.00181554
0.00145243
0.000726216
0.000726216
0.00363108
0.00217865
0.00181554
0.00181554
0.00254176
0.000726216
0.00326797
0.00217865
0.00217865
0.00290487
0.00363108
0.00254176
0.00181554
0.00653595
0.00217865
0.00217865
0.00217865
0.00363108
0.00290487
0.00399419
0.00290487
0.00363108
0.00617284
0.00472041
0.00181554
0.00472041
0.00798838
0.00580973
0.00798838
0.00472041
0.00508351
0.00580973
0.00399419
0.00617284
0.0145243