0
0
0
0
0
0
0
0.000801282
0
0.000801282
0
0
0.000400641
0
0.000801282
0
0
0
0
0
0
0.000400641
0
0
0
0
0
0
0
0
0
0
0
0
0
0
0
0
0
0
0
0
0
0.000801282
0
0
0
0
0
0
0
0
0
0
0
0
0
0
0
0
0
0
0
0
0
0
0
0
0
0
0
0
0
0
0
0
0
0
0
0
0
0
0
0
0
0
0
0
0
0
0
0
0
0
0
0
0
0
0
0
0
0
0
0
0
0
0
0
0
0
0
0
0
0
0
0
0
0
0
0
0
0
0
0
0
0
0
0
0
0
0
0
0
0
0
0
0
0
0
0
0
0
0
0
0
0
0
0
0
0.00120192
0
0
0.00120192
0.000801282
0.00120192
0
0.00360577
0
0.00160256
0.00240385
0
0
0.00480769
0.00761218
0.00360577
0.00160256
0
0
0
0
0.157051
0
0
0
0
0.000801282
0.00280449
0.00560897
0
0.0140224
0
0.0344551
0.000400641
0
0.122997
0
0.00200321
0.00600962
0.000801282
0.000801282
0
0.140625
0
0
0.000400641
0
0.00400641
0.000801282
0.0516827
0
0.000801282
0
0.0108173
0
0.00841346
0.00120192
0
0
0
0
0
0
0
0.140224
0
0
0
0
0
0.000400641
0.00240385
0.0068109
0
0.0108173
0
0.00160256
0
0.0184295
0.000400641
0
0.0068109
0.00440705
0
0
0.0320513
0
0.00120192
0.0116186
0.00400641
0.0188301
0
0.0292468
0.00240385
0.00721154
0.0180288
0
0.021234
0.0116186
0.00320513
0.00841346
0.0120192
0.00440705
0
0
0
0.0220353