0
0
0
0
0
0.000310174
0
0
0
0
0
0
0
0
0.000310174
0
0
0
0
0
0
0
0
0
0
0
0
0
0
0
0
0
0
0
0
0
0
0
0
0
0
0
0
0
0
0
0
0
0
0
0
0
0
0
0
0
0
0
0
0
0
0
0
0
0
0
0
0
0
0
0
0
0
0
0
0
0
0
0
0
0
0
0
0
0
0.000310174
0
0
0
0
0
0
0
0
0
0
0
0
0
0
0
0
0
0
0
0
0
0
0
0
0
0
0
0
0
0
0
0
0
0
0
0
0
0
0
0
0
0
0
0
0
0
0
0
0
0
0.000310174
0
0
0
0
0
0.000930521
0
0
0.000930521
0.000930521
0.00124069
0.00124069
0.0114764
0.00682382
0.00868486
0.0124069
0.0207816
0.0114764
0.0170596
0.0331886
0.014268
0.0186104
0.0393921
0.00341191
0.0102357
0.0369107
0.0220223
0.00930521
0.0145782
0.00775434
0.00248139
0
0
0.237593
0
0
0.000930521
0.00372208
0.00279156
0.00186104
0.00465261
0.000620347
0.0108561
0.000620347
0.0251241
0.00279156
0.00124069
0.0406328
0
0.00124069
0.00496278
0.00186104
0.00186104
0
0.0235732
0
0.000620347
0.00403226
0
0.00403226
0.00217122
0.0151985
0
0.00527295
0
0.00372208
0.000310174
0.00310174
0.00496278
0.00217122
0.00248139
0.000310174
0
0
0
0
0.0409429
0
0
0
0.00124069
0.00155087
0.00496278
0.00465261
0.00651365
0.00310174
0.00744417
0.000620347
0.00496278
0
0.0114764
0.00310174
0
0.00682382
0.00651365
0.00155087
0
0.0130273
0.00124069
0.00558313
0.00651365
0.00620347
0.00310174
0.00558313
0.00775434
0.00837469
0.00837469
0.00961538
0.00806452
0.0102357
0.0183002
0.0130273
0.0192308
0.0058933
0.00527295
0.00992556
0
0
0.00651365