0
0.00496894
0.00434783
0.00724638
0.00496894
0.00351967
0.00331263
0.00289855
0.00144928
0.00517598
0.00144928
0.00310559
0.00227743
0.00144928
0.00414079
0.000621118
0.00124224
0.00124224
0.0010352
0.000621118
0.000621118
0.00455487
0
0.000621118
0.000621118
0.000207039
0
0
0.00331263
0
0
0
0
0
0.000207039
0.000621118
0.000207039
0.000207039
0.000207039
0
0
0
0
0.00910973
0
0
0
0
0
0
0
0
0
0.000414079
0
0.000207039
0
0.000414079
0
0
0
0
0
0
0.00124224
0
0
0
0
0
0
0
0
0
0
0
0.000207039
0
0
0
0
0
0
0
0
0.00227743
0
0
0
0
0
0
0
0
0
0
0
0
0
0.000207039
0
0
0
0.000207039
0.000207039
0
0.000207039
0
0
0
0
0
0
0
0
0
0
0.000414079
0
0.000207039
0
0
0
0.000207039
0
0
0.000207039
0
0.00372671
0
0
0
0.000207039
0
0.000207039
0.000207039
0.000414079
0.000207039
0.0010352
0.000207039
0.00165631
0.00144928
0.00227743
0.00186335
0.00124224
0.00393375
0.00310559
0.00538302
0.00496894
0.00828157
0.00662526
0.00848861
0.015528
0.0217391
0.0540373
0.144513
0.163975
0.0664596
0.0207039
0.0130435
0.00786749
0.00621118
0.00807453
0.00538302
0.00455487
0.00496894
0.00538302
0.00207039
0.00227743
0.000828157
0.0213251
0.000621118
0.00124224
0.00165631
0.00248447
0.00269151
0.00165631
0.00165631
0.00144928
0.00331263
0.000621118
0.00227743
0.00227743
0.000621118
0.00331263
0.000621118
0.00144928
0.00227743
0.00144928
0.00144928
0.0010352
0.00621118
0.000207039
0.00207039
0.00165631
0.000621118
0.00124224
0.00186335
0.00289855
0.0010352
0.00124224
0.00124224
0.00165631
0.0010352
0.00165631
0.00269151
0.00144928
0.0010352
0.00186335
0.000621118
0.0010352
0
0
0.0120083
0
0.000414079
0.000621118
0.000621118
0.000621118
0.0010352
0.00124224
0.00227743
0.0010352
0.00227743
0.0010352
0.00207039
0.000828157
0.00372671
0.00186335
0.000621118
0.00227743
0.00207039
0.000828157
0.000828157
0.00600414
0.00227743
0.00269151
0.00269151
0.00310559
0.00165631
0.00269151
0.0047619
0.00351967
0.00517598
0.00310559
0.00269151
0.00538302
0.0047619
0.00455487
0.00703934
0.0111801
0.0165631
0.0163561
0.0180124
0.0190476
0.0443064