0
0
0
0
0
0
0
0.000841751
0
0
0
0.000841751
0.000841751
0
0
0
0
0
0.000841751
0
0
0.000841751
0
0
0
0
0
0
0
0
0
0
0
0
0
0
0
0
0
0
0
0
0
0.003367
0
0
0
0
0
0
0
0
0
0
0
0
0
0
0
0
0
0
0
0
0
0
0
0
0
0
0
0
0
0
0
0
0
0
0
0
0
0
0
0
0
0.000841751
0
0
0
0
0
0
0
0
0
0
0
0
0
0
0
0
0
0
0
0
0
0
0
0
0
0
0
0
0
0
0
0.000841751
0
0
0
0
0
0
0
0
0
0
0.000841751
0
0
0
0
0
0
0.000841751
0.000841751
0
0.0016835
0
0
0
0.00252525
0.003367
0.0016835
0.00252525
0.003367
0.0016835
0
0.0109428
0.0016835
0.00505051
0.00673401
0.0151515
0.00757576
0.003367
0.0277778
0.00673401
0.0176768
0.03367
0.0016835
0.0117845
0.0462963
0.0319865
0.0252525
0.0176768
0.0117845
0.00505051
0.0016835
0
0.174242
0
0
0.0016835
0.00420875
0.00589226
0.00505051
0.00505051
0.0016835
0.0176768
0.0016835
0.020202
0.00841751
0.00252525
0.0117845
0.0016835
0.00252525
0.00841751
0.00673401
0.00420875
0.000841751
0.026936
0
0
0.00841751
0
0.00841751
0.0016835
0.010101
0
0.00505051
0.000841751
0.0109428
0.000841751
0.010101
0.00841751
0.003367
0.00589226
0
0
0
0
0
0.0387205
0
0
0
0.0016835
0.00252525
0.003367
0.00589226
0.010101
0.000841751
0.00841751
0
0.0109428
0
0.0260943
0.00841751
0
0.0143098
0.0176768
0.000841751
0
0.03367
0
0.016835
0.00925926
0.0143098
0.0117845
0.0016835
0.013468
0.00252525
0.00925926
0.00505051
0
0.0016835
0.00505051
0.00589226
0
0.00252525
0.000841751
0
0
0
0.0126263