0
0.00148148
0.0162963
0.00592593
0.00444444
0.00444444
0.00888889
0.00888889
0.00296296
0.00740741
0.00148148
0.00444444
0.00148148
0.00148148
0.00148148
0
0
0.00148148
0.00148148
0.00148148
0
0.00148148
0
0.00296296
0.00148148
0
0
0
0
0
0.00148148
0
0
0.00148148
0
0
0
0
0
0
0
0
0
0
0
0
0
0
0
0
0
0
0.00148148
0.00148148
0
0
0
0
0.00296296
0
0
0
0
0
0
0
0
0
0
0
0
0
0
0
0.00148148
0
0
0
0
0
0
0
0
0
0
0.00148148
0
0
0
0
0
0
0.00148148
0
0
0
0
0
0
0
0
0
0
0
0
0
0
0
0
0
0
0
0
0
0
0
0
0.00148148
0
0
0
0
0
0
0
0
0
0
0.00444444
0
0
0
0
0.00148148
0
0.00148148
0
0.00296296
0.00296296
0
0.00296296
0.00296296
0
0.00296296
0
0
0
0
0.00148148
0.00296296
0.00296296
0.0118519
0.0488889
0.0933333
0.112593
0.102222
0.04
0.0207407
0.0162963
0.0133333
0.0103704
0.0133333
0.0118519
0.00740741
0.00444444
0.00592593
0.00592593
0.00444444
0.00592593
0.00148148
0.0237037
0.00148148
0.00592593
0.00296296
0.00296296
0.00296296
0.00740741
0.00148148
0.00444444
0.00592593
0.00296296
0.00148148
0.00296296
0.0118519
0.00148148
0.00740741
0.00148148
0.00296296
0.00444444
0.00148148
0
0
0.00148148
0.00444444
0
0.00148148
0.00592593
0.00296296
0.00148148
0.00444444
0
0
0.00148148
0
0.00444444
0.00148148
0.00444444
0.00148148
0.00296296
0.00148148
0
0.00296296
0
0.00888889
0
0.00148148
0.00592593
0.00148148
0
0.00296296
0.00592593
0.00148148
0.00148148
0
0.00148148
0.00296296
0
0.00148148
0.00148148
0.00148148
0.00444444
0.00444444
0.00444444
0.00148148
0.00148148
0.0103704
0.00444444
0.00444444
0.00444444
0.00740741
0.00740741
0.00740741
0.00148148
0.00740741
0.00740741
0.00592593
0.00296296
0.0103704
0.00444444
0.00296296
0.0148148
0.00888889
0.00296296
0.0133333
0.00148148
0.0177778