0
0
0.00287356
0.00862069
0.00383142
0.00287356
0.000957854
0.00383142
0.00478927
0.00670498
0.00383142
0.00383142
0.00383142
0.00670498
0.00478927
0
0.00191571
0.00287356
0.00287356
0.000957854
0.00287356
0.00287356
0
0.000957854
0.000957854
0.000957854
0.000957854
0.00191571
0.00383142
0
0.000957854
0
0.000957854
0.00191571
0
0.00191571
0.000957854
0
0.000957854
0.00191571
0
0
0
0.0143678
0
0
0
0
0
0
0
0.000957854
0.000957854
0.000957854
0
0.000957854
0
0.00287356
0
0
0.000957854
0
0
0.000957854
0.00191571
0
0
0
0
0
0
0
0
0
0.000957854
0
0
0
0
0
0
0
0
0
0
0.00574713
0
0
0
0.000957854
0
0.000957854
0
0
0
0
0.000957854
0
0.000957854
0.00287356
0
0
0
0
0
0
0.00766284
0
0
0
0
0
0.000957854
0.00383142
0
0
0
0.000957854
0.000957854
0.00287356
0.000957854
0.000957854
0
0
0.00191571
0.000957854
0
0
0.0220307
0
0
0.00287356
0
0.000957854
0
0.00478927
0.00383142
0.00191571
0.00766284
0.00287356
0.00574713
0.00478927
0.0105364
0.0105364
0.0143678
0.0210728
0.0153257
0.0181992
0.0172414
0.0507663
0.0344828
0.0344828
0.0316092
0.0478927
0.0421456
0.0440613
0.0296935
0.0143678
0.0191571
0.0124521
0.01341
0.00957854
0.00957854
0.00766284
0.00574713
0.00766284
0.00383142
0.00574713
0.00670498
0.00383142
0.0181992
0.00287356
0.00383142
0.00191571
0.00478927
0.000957854
0.00383142
0
0.00287356
0.00670498
0
0.00191571
0.000957854
0.00191571
0.000957854
0
0.000957854
0.00287356
0.00287356
0.00383142
0.00191571
0.00383142
0.00287356
0
0
0.00191571
0.000957854
0
0.00191571
0
0.00191571
0
0.00574713
0.000957854
0.000957854
0.00287356
0.000957854
0.00191571
0.00287356
0
0
0
0
0.00862069
0
0
0.00478927
0.00191571
0.00191571
0.000957854
0.00191571
0.00383142
0.00191571
0
0.00383142
0.00478927
0.00191571
0.000957854
0.00478927
0
0.00383142
0.00191571
0.00191571
0.00191571
0.00478927
0.00191571
0.00478927
0.00574713
0.00287356
0.00287356
0.000957854
0.00670498
0.00383142
0.00574713
0.00383142
0.00287356
0.000957854
0.00287356
0.00670498
0.00478927
0.00766284
0.00670498
0.00478927
0.00191571
0
0.0201149