0
0
0
0
0
0
0.000265252
0.000530504
0.000265252
0.000795756
0
0.000795756
0
0
0.00106101
0
0
0.000795756
0.000265252
0.000265252
0
0
0
0
0
0
0.000265252
0
0
0
0.000265252
0
0
0
0
0
0
0
0
0
0
0
0
0.00159151
0
0
0
0
0
0
0
0
0
0
0
0
0
0
0
0
0
0
0
0
0.000265252
0
0
0
0
0
0
0.000265252
0
0
0
0
0
0
0
0
0
0
0
0
0
0.00106101
0
0
0
0
0
0
0
0
0
0
0
0
0
0
0
0
0
0
0
0
0.000795756
0
0
0
0
0
0
0
0
0
0
0
0
0.000265252
0
0
0
0
0
0
0
0
0.00159151
0
0
0
0
0
0
0
0
0
0.000265252
0
0
0
0.00132626
0.000795756
0
0.00132626
0.00265252
0.000795756
0
0.0156499
0.00238727
0.00450928
0.00795756
0.0209549
0.00981432
0.00371353
0.0344828
0.00689655
0.0244032
0.0509284
0.00397878
0.00689655
0.0580902
0.03687
0.0188329
0.0116711
0.00583554
0.00212202
0.000265252
0
0.262865
0
0
0.00106101
0.00212202
0.00477454
0.00477454
0.00689655
0.00132626
0.0148541
0.00106101
0.0262599
0.00344828
0.00132626
0.0198939
0
0.00371353
0.00848806
0.00265252
0.00132626
0
0.0198939
0
0.000265252
0.00397878
0.000530504
0.00450928
0.00132626
0.00769231
0
0.00477454
0.000265252
0.00954907
0.00132626
0.00450928
0.00424403
0.00318302
0.00238727
0.00132626
0
0
0
0
0.0236074
0
0
0
0.000795756
0.00132626
0.00159151
0.00344828
0.00344828
0.000265252
0.00503979
0
0.00371353
0
0.0116711
0.00371353
0.000265252
0.00503979
0.0140584
0.00159151
0
0.0201592
0.000530504
0.0169761
0.00742706
0.0108753
0.00503979
0.00742706
0.0145889
0.00928382
0.00769231
0.0066313
0.00291777
0.00344828
0.0061008
0.00557029
0.00106101
0.00344828
0.00106101
0
0
0
0.00875332