0
0.035787
0.0768883
0.00978064
0.00378788
0.00435323
0.0035052
0.00327906
0.00305292
0.00367481
0.00169607
0.00146992
0.000961104
0.00141339
0.00169607
0.00113071
0.00141339
0.000565355
0.000848033
0.00050882
0.000904568
0.000791497
0.000395749
0.00101764
0.000678426
0.000226142
0.000565355
0.000734962
0.000734962
0.000169607
0.000226142
0.000282678
0.000282678
0.000282678
0.000169607
0.000169607
0.000169607
0.000113071
0
0.000282678
0.000113071
0.000113071
0
0.00135685
5.65355e-005
0
0.000113071
0.000113071
5.65355e-005
5.65355e-005
0.000169607
0.000169607
0
0.000282678
0.000113071
5.65355e-005
5.65355e-005
0.000226142
0.000113071
0
5.65355e-005
0.000169607
0
0
0.000452284
5.65355e-005
0
5.65355e-005
0.000282678
0
0
0.000226142
0.000113071
5.65355e-005
0.000113071
0
5.65355e-005
5.65355e-005
0.000113071
0.000169607
0
5.65355e-005
5.65355e-005
5.65355e-005
0
0.00135685
0
0
5.65355e-005
0
0.000226142
0.000113071
5.65355e-005
0.000113071
0.000339213
0
0.000169607
0
5.65355e-005
0.000395749
5.65355e-005
0.000169607
0.000113071
5.65355e-005
0.000226142
0.000169607
0.000452284
5.65355e-005
0
0.000169607
5.65355e-005
5.65355e-005
0.000169607
0.000339213
0.000169607
0.000226142
0.000113071
0.000282678
0.000113071
5.65355e-005
0.000169607
0.000169607
0.000339213
0.000339213
0.000113071
0.000169607
0.000226142
0
0.027872
0.00390095
0.00214835
0.00180914
0.00226142
0.0017526
0.00288331
0.00282678
0.00361827
0.00344867
0.00503166
0.00378788
0.00469245
0.00322252
0.00503166
0.0052578
0.00571009
0.00802804
0.00870647
0.0105156
0.0121551
0.0221054
0.0212574
0.0286635
0.03737
0.056592
0.0578924
0.0529738
0.0443238
0.0359
0.0333559
0.027024
0.011194
0.0130597
0.0170737
0.0117594
0.00774536
0.0112506
0.00915875
0.00446631
0.0027137
0.000904568
0.0297942
0.00101764
0.00118725
0.0025441
0.00333559
0.00310945
0.00220488
0.00305292
0.00152646
0.00384441
0.00158299
0.00367481
0.00243103
0.00231796
0.00418363
0.00214835
0.00220488
0.00322252
0.00243103
0.00203528
0.00146992
0.00424016
0.00101764
0.00203528
0.00186567
0.000848033
0.00214835
0.00158299
0.00260063
0.00113071
0.00146992
0.00113071
0.00152646
0.00146992
0.00135685
0.00135685
0.00146992
0.000791497
0.000848033
0.00141339
0.000791497
0.000339213
0
0.00480552
0.000282678
0.000282678
0.00107417
0.000734962
0.000395749
0.000734962
0.00124378
0.00118725
0.000904568
0.00146992
0.000848033
0.000734962
0.000904568
0.0017526
0.00141339
0.000678426
0.00130032
0.00107417
0.00135685
0.000904568
0.00237449
0.00135685
0.000961104
0.00130032
0.00197874
0.000961104
0.00124378
0.00209181
0.00135685
0.00220488
0.00192221
0.00192221
0.00248756
0.00305292
0.00474898
0.00378788
0.00327906
0.00237449
0.00231796
0.00248756
0.00299638
0.00972411