0
0.000377567
0.00085582
0.00125856
0.00143476
0.00163613
0.00125856
0.00191301
0.00110753
0.0026178
0.000805477
0.00239126
0.00145993
0.00153544
0.00251712
0.000981675
0.0013089
0.00173681
0.00171164
0.00140959
0.00105719
0.00407773
0.000327225
0.00123339
0.00115787
0.000629279
0.0014851
0.00128373
0.00208921
0.000679621
0.0014851
0.000880991
0.00105719
0.000956504
0.00108236
0.000981675
0.000931333
0.000553766
0.00065445
0.000553766
0.000478252
0.000302054
0
0.00578937
7.55135e-005
0.000402739
0.000352396
0.000302054
0.000604108
0.000604108
0.000503423
0.000528594
0.000377567
0.000805477
0.000377567
0.000453081
0.000327225
0.00100685
0.000251712
0.000201369
0.000553766
0.000604108
0.00022654
5.03423e-005
0.0013089
0.000125856
0.000276883
0.00022654
0.000352396
0.000201369
0.000176198
0.000629279
0.000201369
0.000176198
0.000528594
0.000151027
0.000176198
0.000453081
0.000176198
0.00022654
0.000201369
0.000151027
7.55135e-005
0
0
0.00259263
0
7.55135e-005
5.03423e-005
0.000100685
0.000201369
0.000125856
0.000251712
5.03423e-005
0.000453081
0.000125856
0.000478252
0.000176198
0.000251712
0.000906162
7.55135e-005
0.000377567
0.000629279
0.000201369
0.00042791
0.00022654
0.00168647
7.55135e-005
0.000402739
0.000553766
0.000100685
0.000704793
0.000528594
0.00133407
0.000251712
0.000503423
0.000352396
0.00100685
0.000453081
0.00085582
0.00100685
0.000880991
0.000528594
0.000679621
0.000880991
0.00065445
0.000276883
0.000151027
0.0100936
0.000629279
0.00100685
0.00163613
0.00135924
0.00158578
0.00206404
0.00254229
0.00329742
0.0026178
0.0037505
0.00327225
0.00440495
0.00289468
0.00667036
0.00533629
0.00312122
0.0072493
0.00546214
0.00478252
0.00425393
0.0118808
0.00594039
0.00656967
0.00697241
0.0109495
0.0117298
0.0162102
0.0292237
0.0256998
0.0308598
0.035441
0.0110753
0.0133911
0.020439
0.0138945
0.0101692
0.0113019
0.00755135
0.00417841
0.00239126
0.0014851
0.114428
0.000729964
0.0014851
0.00224023
0.00312122
0.00349879
0.0041029
0.00553766
0.00118304
0.00868405
0.000604108
0.0173429
0.00370016
0.00158578
0.0376812
0.000729964
0.00198852
0.00354913
0.00241643
0.000931333
0.00065445
0.029702
0.000276883
0.000528594
0.00218989
0.000377567
0.00201369
0.000880991
0.0121325
0.000251712
0.00186267
0.00022654
0.00370016
0.000704793
0.00171164
0.00218989
0.000729964
0.000302054
0.00042791
0.000302054
5.03423e-005
2.51712e-005
0
0.0253977
7.55135e-005
0.000176198
0.000377567
0.000352396
0.000251712
0.000906162
0.00246677
0.00158578
0.000327225
0.00385119
0.000327225
0.00231575
0.00022654
0.00702275
0.0016613
0.00022654
0.00347362
0.00458115
0.000352396
0.000201369
0.014851
0.00042791
0.00702275
0.00667036
0.00498389
0.0261277
0.000704793
0.041029
0.01397
0.00792892
0.0219241
0.000604108
0.0223268
0.00938884
0.00193818
0.0022654
0.00437978
0.00156061
0.000830648
0.000704793
0.000201369
0.0177205