0
0.0041744
0.00487013
0.00718924
0.00568182
0.00405844
0.00336271
0.00301484
0.00289889
0.00289889
0.00139147
0.00301484
0.00197124
0.00162338
0.00301484
0.000463822
0.000463822
0.000927644
0.00127551
0.000231911
0.000695733
0.00220315
0
0.000463822
0.000695733
0.000231911
0.00115955
0.000347866
0.0010436
0.000463822
0.000231911
0.000115955
0.000231911
0.000115955
0.000115955
0.000231911
0
0.000115955
0.000347866
0
0
0
0
0.00220315
0
0.000115955
0
0.000579777
0.000231911
0.000115955
0.000579777
0.000231911
0
0.000231911
0
0.000115955
0
0.000231911
0.000231911
0
0
0.000115955
0
0
0.000811688
0
0.000115955
0
0
0.000231911
0
0.000231911
0
0
0
0
0
0.000115955
0.000115955
0
0
0
0
0
0
0.00185529
0
0
0
0
0
0
0
0
0.000115955
0
0.000115955
0
0
0.000231911
0.000115955
0.000115955
0.000115955
0.000115955
0.000347866
0
0.000811688
0
0.000231911
0.000231911
0
0.000347866
0.000231911
0.000347866
0
0.000115955
0
0.000347866
0.000463822
0.000811688
0.000347866
0.000347866
0.000231911
0.000231911
0.000347866
0
0
0
0.00475417
0
0
0.000231911
0.000231911
0.000115955
0.000927644
0.00127551
0.00115955
0.0010436
0.0020872
0.000463822
0.00115955
0.000927644
0.00289889
0.00289889
0.00324675
0.00707328
0.0062616
0.00742115
0.00753711
0.0128711
0.013103
0.0170455
0.0198284
0.0379174
0.0612245
0.0883581
0.0842996
0.0447588
0.0303803
0.0190167
0.0137987
0.0122913
0.0161178
0.0143785
0.00927644
0.0096243
0.00672542
0.0041744
0.00382653
0.00115955
0.0331633
0.000347866
0.00173933
0.00266698
0.00324675
0.0031308
0.00336271
0.00197124
0.00139147
0.00498609
0.00139147
0.00324675
0.00220315
0.0020872
0.0041744
0.00115955
0.00255102
0.00289889
0.00150742
0.00127551
0.000811688
0.00858071
0
0.000811688
0.00127551
0.000347866
0.00266698
0.0010436
0.00463822
0.000579777
0.00115955
0.000463822
0.00289889
0.000927644
0.00115955
0.00197124
0.00139147
0.000927644
0.000579777
0.000231911
0.000579777
0.000115955
0
0.0119434
0
0.000231911
0.000347866
0.000695733
0.0010436
0.000695733
0.00220315
0.00231911
0.000579777
0.00336271
0.000927644
0.00197124
0.000927644
0.00544991
0.00185529
0.000927644
0.00289889
0.00185529
0.000927644
0.000811688
0.00718924
0.00173933
0.00127551
0.00289889
0.0031308
0.0020872
0.00173933
0.00568182
0.00173933
0.00289889
0.00510204
0.00139147
0.00266698
0.00487013
0.00463822
0.00533395
0.00602968
0.0161178
0.0388451
0.0435993
0.0139147
0.0250464