0
0
0
0
0
0
0.000891266
0.000891266
0
0
0
0
0
0
0.000891266
0
0
0
0
0
0
0.000891266
0
0
0
0
0
0
0
0
0
0
0
0
0
0
0
0
0
0
0
0
0
0.000891266
0
0
0
0
0
0
0
0
0
0
0
0
0
0
0
0
0
0
0
0
0
0
0
0
0
0
0
0
0
0
0
0
0
0
0
0
0
0
0
0
0
0
0
0
0
0
0
0
0
0
0
0
0
0
0
0
0
0
0
0
0
0
0
0
0
0
0
0
0
0
0
0
0
0
0
0
0
0
0
0
0
0
0
0
0
0
0
0
0
0
0
0
0
0
0
0
0
0
0
0
0
0
0
0
0
0.0026738
0
0
0
0
0
0
0.000891266
0
0
0.000891266
0
0
0.000891266
0.000891266
0.00356506
0
0
0
0
0
0.0534759
0
0
0
0.000891266
0.000891266
0.00356506
0.00623886
0
0.00980392
0
0.0151515
0.00356506
0
0.0463458
0
0.00178253
0.0142602
0.0026738
0
0
0.144385
0
0
0.00445633
0
0.00713012
0
0.07041
0
0.000891266
0
0.0160428
0
0.00623886
0.00445633
0.000891266
0
0
0
0
0
0
0.210339
0
0
0
0
0
0.00178253
0.00356506
0.016934
0
0.0222816
0
0.00356506
0
0.0427807
0.000891266
0
0.0115865
0.00891266
0
0
0.0775401
0
0.000891266
0.0151515
0.016934
0.0115865
0
0.0311943
0.00356506
0.0213904
0.0213904
0
0.0106952
0.00445633
0.00713012
0.00802139
0.00802139
0.000891266
0
0
0
0.0106952