0.00215054
0.0247312
0.0107527
0.027957
0.027957
0.072043
0.0376344
0.0365591
0.0322581
0.0634409
0.011828
0.0225806
0.0139785
0.0204301
0.00967742
0.00537634
0.00537634
0.00430108
0.00645161
0.00430108
0.00215054
0.00322581
0.00430108
0.00322581
0.00645161
0.00215054
0.00322581
0.00430108
0.00215054
0.00107527
0.00430108
0.00322581
0.00215054
0.00215054
0
0.00215054
0
0.00215054
0.00322581
0.00107527
0.00107527
0
0
0.00322581
0
0.00107527
0.00107527
0.00107527
0
0
0
0.00107527
0
0.00215054
0
0
0
0
0
0
0
0.00107527
0
0
0
0
0.00107527
0
0
0
0
0
0
0.00107527
0
0
0
0.00107527
0
0
0
0
0
0
0
0
0
0
0
0
0.00215054
0.00107527
0
0
0
0
0
0
0
0
0
0
0
0
0
0
0
0
0
0
0
0
0
0.00107527
0
0.00107527
0
0
0
0.00107527
0
0
0.00107527
0
0.00107527
0.00107527
0.00107527
0
0.00322581
0.00107527
0
0
0.00107527
0
0.00215054
0
0.00107527
0
0
0
0.00107527
0
0
0
0
0.00430108
0
0
0
0.00107527
0.00107527
0.00107527
0.00215054
0
0
0.00107527
0.00107527
0
0
0
0
0
0
0
0.00215054
0.00107527
0.00107527
0.00107527
0.00107527
0.00215054
0.00215054
0.00107527
0.00107527
0
0
0
0
0.00107527
0.00107527
0.00107527
0
0
0
0
0.00107527
0.00107527
0
0
0
0.00215054
0
0.00322581
0
0
0.00107527
0.00107527
0.00107527
0
0.00860215
0.00107527
0
0
0
0.00107527
0
0.00107527
0
0.00107527
0.00107527
0.00107527
0
0
0
0.0150538
0
0
0
0.00107527
0.00107527
0.00107527
0.00322581
0.00107527
0
0.00537634
0.00107527
0.00107527
0.00107527
0.00430108
0.00107527
0.00215054
0.00537634
0.00215054
0.00215054
0.00322581
0.0150538
0.00322581
0.00322581
0.00322581
0.00752688
0.00322581
0
0.00967742
0.00537634
0.00537634
0.0129032
0.00215054
0.00537634
0.0215054
0.0150538
0.0129032
0.0225806
0.016129
0.0129032
0.0236559
0.0225806
0.143011