0
0
0
0
0
0
0
0.000530504
0
0.000530504
0
0
0
0.000265252
0.000530504
0
0
0
0
0
0
0.000530504
0
0
0
0
0
0
0
0
0
0
0
0
0
0
0
0
0
0
0
0
0
0
0
0
0
0
0
0
0
0
0
0
0
0
0
0
0
0
0
0
0
0
0
0
0
0
0
0
0
0
0
0
0
0
0
0
0
0
0
0
0
0
0
0
0
0
0
0
0
0
0
0
0
0
0
0
0
0
0
0
0
0
0
0
0
0
0
0
0
0
0
0
0
0
0
0
0
0
0
0
0
0
0
0
0
0
0
0
0
0
0
0
0
0
0
0
0
0
0
0
0.000265252
0
0
0
0
0
0
0.00212202
0
0.00132626
0.00159151
0.00132626
0.000530504
0
0.00318302
0.000795756
0.00265252
0.00477454
0
0.00132626
0.00981432
0.0122016
0.00371353
0.00424403
0.000265252
0
0
0
0.159416
0
0
0
0
0.00106101
0.00291777
0.0061008
0
0.0100796
0
0.0328912
0.00132626
0.000265252
0.112202
0
0.000265252
0.0061008
0.00185676
0.000530504
0
0.141114
0
0
0.000530504
0
0.00583554
0.000795756
0.0450928
0
0.00106101
0
0.00928382
0
0.00371353
0.00159151
0.000530504
0
0
0
0
0
0
0.112202
0
0
0
0
0
0.000530504
0.00477454
0.00557029
0
0.0108753
0
0.00106101
0
0.0177719
0.00106101
0
0.0100796
0.00636605
0
0
0.0299735
0
0.000795756
0.0111406
0.00636605
0.0135279
0
0.0225464
0.0061008
0.0161804
0.0286472
0
0.0323607
0.0183024
0.00318302
0.00397878
0.0201592
0.00291777
0
0
0
0.0164456