0
0
0
0.00174825
0.00524476
0.00524476
0.0034965
0
0.00174825
0.00874126
0
0
0.00174825
0
0.00174825
0
0.00174825
0
0
0.00174825
0
0
0
0
0
0
0
0
0
0
0
0
0
0
0
0
0
0
0
0
0
0
0
0
0
0
0
0
0
0.00174825
0
0
0
0
0
0
0
0
0
0
0.00174825
0
0
0
0
0
0
0
0
0
0
0
0
0
0
0
0
0
0
0
0
0
0
0
0
0
0
0
0
0
0
0
0
0
0
0
0
0
0
0
0
0
0
0
0
0
0
0
0
0
0
0
0
0
0
0
0
0
0.00174825
0
0
0
0
0
0
0
0
0
0.00174825
0
0
0
0
0
0
0.00174825
0.00174825
0.00174825
0.0034965
0
0.00174825
0.00174825
0.00699301
0
0.0034965
0.00524476
0.00524476
0.013986
0.00174825
0.0227273
0.00524476
0.0174825
0.00699301
0.034965
0.0157343
0.0384615
0.0402098
0.041958
0.020979
0.034965
0.00874126
0.027972
0.0174825
0.020979
0.00874126
0.0297203
0.0174825
0.00874126
0.0034965
0
0.0629371
0
0.00174825
0
0.00699301
0.00699301
0.00174825
0.00524476
0
0.0122378
0.00174825
0.0104895
0.0034965
0.0034965
0.013986
0.00524476
0.00874126
0.0104895
0.00524476
0.0034965
0.00174825
0.00699301
0.00174825
0.00174825
0.00524476
0
0.0034965
0.0034965
0.00699301
0.00174825
0.00874126
0.00174825
0.00699301
0.0034965
0.00524476
0.0034965
0.0034965
0
0
0.00524476
0
0
0
0.0104895
0
0.00174825
0.00524476
0.00174825
0.0034965
0
0.00699301
0.00174825
0.0122378
0.0034965
0.00174825
0.0034965
0.00524476
0.013986
0.00174825
0.00174825
0.0104895
0.00524476
0.00524476
0.00174825
0.0192308
0.0122378
0.00524476
0.0122378
0.00874126
0.00524476
0.0104895
0.0104895
0.00874126
0.00699301
0.0104895
0.0034965
0.00524476
0.00524476
0.00174825
0.00174825
0.00174825
0.00874126
0.00174825
0
0
0.013986