0.000344828
0
0.000689655
0.000344828
0.000344828
0.00275862
0.00103448
0.00172414
0.00103448
0.00517241
0.00137931
0.00344828
0.00137931
0.00206897
0.00448276
0.000344828
0.00103448
0.00241379
0.00241379
0.00137931
0.00137931
0.00517241
0.000344828
0.00206897
0.00137931
0.000689655
0.00103448
0.00103448
0.00344828
0.00172414
0.00137931
0.000344828
0.00206897
0.00103448
0.00172414
0.00172414
0.000689655
0.000689655
0.000344828
0.000344828
0.000344828
0.000344828
0
0.00965517
0
0
0
0
0.000344828
0.00103448
0.00103448
0.000689655
0.000689655
0.000689655
0.00103448
0.000689655
0
0.00137931
0.00137931
0
0
0.000689655
0
0
0.000344828
0
0.000689655
0
0
0
0.000344828
0.000689655
0.000344828
0.000689655
0.000689655
0.000344828
0
0.000344828
0.000344828
0.000689655
0
0
0
0
0.000344828
0.00310345
0
0
0.000344828
0
0
0
0.000344828
0
0.000344828
0.000344828
0.000689655
0.000344828
0
0.000689655
0
0.000344828
0.000689655
0
0
0
0.00137931
0
0
0
0
0.00137931
0.000689655
0.000689655
0
0.000689655
0
0.000344828
0.000344828
0.00172414
0
0.000344828
0.000344828
0.00103448
0.000344828
0
0.000689655
0
0.0162069
0
0.000344828
0.000689655
0.000689655
0.00172414
0.00103448
0.00172414
0.00137931
0.000689655
0.00103448
0.00172414
0.00172414
0.00103448
0.00241379
0.00586207
0.00310345
0.00275862
0.00172414
0.00103448
0.00310345
0.00689655
0.00310345
0.00275862
0.0037931
0.00655172
0.00413793
0.00344828
0.00862069
0.0037931
0.00724138
0.00931035
0.00344828
0.00448276
0.0168966
0.0127586
0.00862069
0.0117241
0.017931
0.00413793
0.00241379
0.00103448
0.0958621
0.000689655
0.00206897
0.00172414
0.00689655
0.00862069
0.00896552
0.0175862
0.00137931
0.0293103
0.000344828
0.0313793
0.0110345
0.00482759
0.027931
0.00206897
0.00413793
0.0303448
0.00448276
0.00344828
0.00137931
0.0324138
0
0.00206897
0.00551724
0.00103448
0.0110345
0.00241379
0.0162069
0.000344828
0.00482759
0.00172414
0.0106897
0.00103448
0.00724138
0.00482759
0.0037931
0.00137931
0.00172414
0
0
0
0
0.0224138
0
0.000344828
0.000344828
0.00275862
0.00241379
0.00206897
0.00344828
0.00344828
0.00206897
0.00551724
0.00103448
0.00482759
0.000689655
0.00586207
0.00586207
0.000689655
0.00689655
0.00689655
0.0037931
0.000689655
0.017931
0.00275862
0.00862069
0.0141379
0.00482759
0.0124138
0.0113793
0.0196552
0.0110345
0.0151724
0.0131034
0.00689655
0.00896552
0.0103448
0.00758621
0.00275862
0.00551724
0.00862069
0.0037931
0.00103448
0
0.03