0
0.000169119
0.00845594
0.00456621
0.00727211
0.00608828
0.00575004
0.00693387
0.00388973
0.00879418
0.00321326
0.00947066
0.00591916
0.00676476
0.0101471
0.00676476
0.00591916
0.00811771
0.0164045
0.0155589
0.00879418
0.0108236
0.00135295
0.00287502
0.00388973
0.00202943
0.00321326
0.0027059
0.00591916
0.000338238
0.00219855
0.00135295
0.00219855
0.000845594
0.00219855
0.00219855
0.00169119
0.000676476
0.000676476
0.00101471
0.000169119
0
0
0.00997801
0
0
0.000338238
0
0.000676476
0.00118383
0.00101471
0.000845594
0.000507357
0.00118383
0
0
0
0.00135295
0.000169119
0
0.000507357
0.000338238
0
0
0.00101471
0
0
0
0.000338238
0
0
0.00101471
0
0.000338238
0.00118383
0.000169119
0
0.000169119
0.000338238
0
0
0
0
0
0
0.00422797
0
0
0
0.000169119
0.000169119
0.000169119
0.000338238
0.000169119
0.000507357
0
0.000169119
0.000338238
0
0.000676476
0.000169119
0.000169119
0.00101471
0.000169119
0.000169119
0
0.00186031
0.000169119
0
0.000507357
0.000169119
0.000845594
0.000507357
0.00118383
0.000338238
0.000338238
0.000338238
0.00135295
0.000338238
0.00135295
0.000676476
0.000338238
0.000169119
0.000676476
0.000338238
0
0
0
0.0108236
0
0.000169119
0.000169119
0.000507357
0.000507357
0.000507357
0.00135295
0.00186031
0.000676476
0.00202943
0.00169119
0.00118383
0.00101471
0.00405885
0.0035515
0.00152207
0.00693387
0.00591916
0.00676476
0.00405885
0.0172501
0.00963978
0.012853
0.019956
0.0304414
0.0353458
0.0328091
0.0248605
0.0157281
0.0123457
0.0167428
0.00388973
0.00558092
0.0101471
0.00575004
0.00642652
0.00524269
0.00473533
0.00135295
0.00169119
0
0.048368
0
0.000507357
0.00202943
0.00219855
0.00253678
0.00321326
0.00439709
0.00118383
0.00642652
0.000507357
0.00456621
0.00236766
0.00118383
0.00862506
0.00186031
0.00186031
0.0027059
0.00219855
0.00152207
0.000845594
0.00777947
0
0.00118383
0.00253678
0.000676476
0.00405885
0.00152207
0.00558092
0.000338238
0.00135295
0.000338238
0.00338238
0.00152207
0.00135295
0.00253678
0.00101471
0.00101471
0.000676476
0.00202943
0
0
0
0.0174192
0
0
0.00152207
0.000676476
0.000845594
0.00118383
0.000845594
0.00253678
0.000845594
0.00388973
0.000507357
0.00202943
0.00118383
0.0054118
0.00186031
0.000845594
0.00236766
0.00304414
0.00186031
0.000338238
0.00761035
0.00202943
0.00186031
0.00287502
0.00608828
0.00405885
0.00152207
0.00727211
0.0035515
0.0054118
0.00862506
0.00388973
0.0035515
0.0126839
0.00794859
0.0339929
0.00845594
0.0503974
0.00338238
0.0165737
0.000169119
0.052596