0
0.0183824
0.0147059
0.0183824
0.0257353
0.0110294
0.0147059
0.00735294
0.0110294
0.0441176
0.0257353
0.0147059
0.0147059
0.0183824
0.0110294
0.0220588
0.0220588
0.0147059
0.00367647
0.0220588
0.0110294
0.00735294
0.00735294
0.0183824
0.00735294
0.00367647
0.0110294
0
0.00735294
0.00367647
0.00735294
0.00735294
0.00735294
0.00735294
0.0183824
0.00735294
0
0.00367647
0.00367647
0.00367647
0
0
0
0.0772059
0
0.00367647
0
0.00367647
0.00367647
0.00735294
0.0183824
0.0147059
0
0.0110294
0
0.0110294
0
0.00735294
0.00367647
0
0.00367647
0.0110294
0
0
0.0220588
0
0
0.00367647
0
0
0
0.0147059
0
0
0.0110294
0
0
0.00367647
0
0
0
0
0
0
0
0.0110294
0
0
0
0
0
0.00367647
0
0
0
0
0.0110294
0.00735294
0
0
0
0.00367647
0.00367647
0
0
0
0
0
0
0.00367647
0
0
0
0
0
0.00367647
0
0
0.00367647
0
0
0.00367647
0
0.00367647
0
0
0
0
0.00735294
0
0
0
0.00367647
0
0.00367647
0
0
0
0.00735294
0.00367647
0
0.00367647
0
0.00367647
0
0
0
0.00367647
0
0.00367647
0
0
0.00367647
0
0
0.00367647
0
0
0
0.00367647
0
0
0
0.00367647
0
0
0
0
0
0
0.00735294
0
0
0
0
0.00367647
0
0
0
0
0.00367647
0
0
0
0
0.00367647
0
0
0.00367647
0
0
0
0.00367647
0
0
0
0
0
0
0
0
0
0
0
0
0
0
0
0
0
0
0
0
0.00367647
0
0.00367647
0
0
0
0
0.00367647
0.00367647
0
0
0
0.00367647
0
0
0.00367647
0
0.00735294
0
0
0
0.00735294
0.00735294
0
0
0.00367647
0
0.00367647
0.00367647
0.00735294
0.00367647
0.00367647
0
0.00367647
0
0.00735294
0
0.00367647
0.00735294
0.0110294
0.0147059
0.0147059
0.0183824