0
0.0125
0.0208333
0.0291667
0.0208333
0.0208333
0.0291667
0.0166667
0.00833333
0.0291667
0.025
0.0208333
0.0125
0.0208333
0.0166667
0.00833333
0.0125
0.00416667
0.00416667
0.0291667
0
0.00416667
0.0125
0.00833333
0.00833333
0
0.00833333
0.00416667
0.0166667
0
0.00416667
0
0.00416667
0
0.00416667
0
0.00833333
0
0
0.00416667
0
0.00416667
0.00416667
0.0208333
0
0
0
0
0
0.00416667
0.00416667
0
0
0
0
0
0.00416667
0
0
0
0
0
0
0
0
0
0
0
0
0
0
0
0
0
0.00416667
0
0
0
0
0
0
0
0
0.00416667
0
0.0125
0
0
0
0
0
0
0
0
0
0
0
0
0
0.00416667
0
0
0
0
0
0
0
0
0
0
0
0
0
0.00416667
0
0
0
0
0
0
0
0
0
0.00416667
0
0
0
0
0.0125
0
0
0
0
0
0
0.00416667
0.00416667
0
0
0
0.00416667
0
0.00416667
0.00833333
0
0
0
0
0
0.00416667
0
0.00416667
0
0.00833333
0.00416667
0
0.00416667
0
0
0.00416667
0
0.00833333
0.00416667
0.00416667
0
0
0
0
0
0
0.0166667
0.00416667
0
0
0
0
0
0
0
0.00833333
0.0125
0
0
0
0.00416667
0
0.00416667
0
0.00833333
0
0
0
0
0
0
0
0.00416667
0
0.00416667
0
0.00416667
0
0
0
0.00833333
0
0
0
0
0.0166667
0
0
0
0.00833333
0
0.00416667
0
0
0.00416667
0
0
0.00833333
0
0.00416667
0
0
0.00416667
0
0
0.00416667
0.00416667
0.00416667
0
0.00416667
0.00833333
0.00416667
0.00416667
0.00416667
0.00833333
0.00416667
0.00416667
0.0166667
0.00833333
0.00416667
0.0166667
0.0125
0.00833333
0.0125
0.00833333
0.0166667
0.0166667
0.00833333
0.0208333
0.00833333
0.00833333
0.0625