0
0.0497436
0.0364103
0.0282051
0.0225641
0.0176923
0.0135897
0.0112821
0.0102564
0.0169231
0.00948718
0.00923077
0.00794872
0.0115385
0.0117949
0.0135897
0.0123077
0.0146154
0.0187179
0.0189744
0.0233333
0.0284615
0.0151282
0.0333333
0.0284615
0.0220513
0.0292308
0.0202564
0.024359
0.0133333
0.0135897
0.0110256
0.00923077
0.0112821
0.00461538
0.0123077
0.00692308
0.00564103
0.00564103
0.00692308
0.0025641
0.000769231
0
0.0210256
0.000769231
0.00230769
0.00358974
0.00282051
0.0025641
0.00179487
0.00307692
0.00307692
0.00205128
0.00435897
0.00179487
0.00282051
0.00102564
0.00384615
0.00282051
0.00051282
0.00205128
0.0025641
0.00128205
0.00025641
0.00615385
0.00051282
0.00153846
0.00307692
0.00153846
0.00128205
0.000769231
0.00358974
0.000769231
0.00102564
0.00153846
0.00051282
0.00025641
0.00102564
0.00153846
0.00025641
0.00128205
0.00128205
0.00025641
0.00051282
0
0.0074359
0
0
0.00025641
0.000769231
0.00051282
0.00102564
0.00128205
0.00102564
0.00205128
0.00051282
0.0025641
0.00128205
0.00102564
0.00230769
0
0.00025641
0.00153846
0.00128205
0.00128205
0.00051282
0.00538462
0.00025641
0.00051282
0.00102564
0
0.00102564
0.00205128
0.0025641
0.00102564
0.00102564
0.00025641
0.00205128
0.00153846
0.00051282
0.00205128
0.00102564
0.00153846
0.00205128
0
0
0.00051282
0
0.00974359
0.00025641
0.00128205
0.00153846
0.00230769
0.00128205
0.00153846
0.00153846
0.00307692
0.00128205
0.00205128
0.00153846
0.00128205
0.00051282
0.00333333
0.0025641
0.000769231
0.00102564
0.00179487
0.00025641
0.00051282
0.00179487
0.00102564
0.00102564
0.00128205
0.0025641
0.00025641
0.000769231
0.00179487
0.000769231
0.00128205
0.00102564
0.00051282
0.00025641
0
0.00025641
0.00025641
0.00128205
0
0.00025641
0.00025641
0
0.00282051
0
0.00051282
0.00025641
0.00051282
0.000769231
0.00025641
0.00051282
0
0
0.000769231
0.000769231
0.00102564
0.00051282
0.000769231
0.00051282
0
0
0
0.00025641
0.00025641
0.000769231
0.00025641
0.000769231
0.00128205
0.00025641
0.00025641
0.00102564
0.00128205
0.00025641
0.00025641
0.00051282
0.00025641
0.00025641
0.00102564
0.000769231
0.00025641
0.00025641
0.00025641
0
0.00051282
0.00025641
0
0.0025641
0
0.00025641
0
0.00025641
0
0.00025641
0.00102564
0.00102564
0.00025641
0.00179487
0.00051282
0.000769231
0.00128205
0.00230769
0.00128205
0.000769231
0.00051282
0.00230769
0
0.00025641
0.00153846
0.00128205
0.00153846
0.00230769
0.00205128
0.00179487
0.00128205
0.00333333
0.00153846
0.00307692
0.00179487
0.00102564
0.00205128
0.00282051
0.00384615
0.00461538
0.00282051
0.00641026
0.00487179
0.00512821
0.00948718
0.0287179