0.0110063
0.0786164
0.0676101
0.0396226
0.0245283
0.0226415
0.022956
0.0308176
0.022327
0.0440252
0.0188679
0.0226415
0.0125786
0.0110063
0.00534591
0.0072327
0.00408805
0.00597484
0.00408805
0.00566038
0.00283019
0.00534591
0.00471698
0.00660377
0.00534591
0.00691824
0.0103774
0.00754717
0.0103774
0.00628931
0.00754717
0.00628931
0.00660377
0.00691824
0.00566038
0.00503145
0.00471698
0.00566038
0.00314465
0.00251572
0.00251572
0.000628931
0
0.0116352
0.000943396
0.00220126
0.00314465
0.000314465
0.00157233
0.00283019
0.00188679
0.000943396
0.000314465
0.00220126
0.000314465
0.000314465
0.000628931
0.00157233
0.00157233
0.000314465
0.000628931
0.00157233
0.00157233
0
0.00408805
0
0.000943396
0.000943396
0.000943396
0.000314465
0.000314465
0.000628931
0.000314465
0.000628931
0
0
0.000314465
0.000628931
0.000314465
0
0.000628931
0
0.000314465
0.000314465
0
0.00251572
0
0
0
0.000314465
0.000628931
0.000314465
0.000943396
0.000628931
0.000943396
0.000314465
0.000943396
0.000943396
0.000628931
0.000943396
0.000314465
0.000628931
0.00157233
0.000943396
0
0.000314465
0.00220126
0
0.000943396
0.000943396
0
0.000628931
0.00157233
0.00188679
0
0.00125786
0.000314465
0.000628931
0.00125786
0.000314465
0.00188679
0.00125786
0.000943396
0.000628931
0.00188679
0.000628931
0.000628931
0
0.00849057
0.00157233
0.00157233
0.00471698
0.00251572
0.00628931
0.00251572
0.00566038
0.00440252
0.00786164
0.0072327
0.00220126
0.00534591
0.00220126
0.00566038
0.00786164
0.00251572
0.00534591
0.00597484
0.00691824
0.00314465
0.00880503
0.00628931
0.00345912
0.000943396
0.00251572
0.00283019
0.00188679
0.00125786
0.00157233
0.000628931
0.00188679
0.000314465
0.000628931
0.00157233
0.000943396
0
0.000314465
0.000628931
0
0
0
0.00440252
0
0
0
0
0
0
0.00125786
0.000314465
0.00157233
0
0.000943396
0
0.000314465
0.000943396
0
0.000314465
0.00125786
0.000314465
0.000943396
0.000943396
0.00251572
0
0
0.000628931
0.000628931
0
0.000943396
0.00125786
0
0.000943396
0.000314465
0.000943396
0
0.000628931
0.00125786
0.000628931
0
0.00125786
0.000628931
0
0
0
0.00408805
0
0.000314465
0
0.000314465
0.000314465
0.000943396
0.000314465
0
0.000314465
0.000943396
0.000314465
0.000943396
0
0.00125786
0.00125786
0
0.000943396
0.00125786
0.000628931
0.000314465
0.00314465
0.000314465
0.000628931
0.00125786
0.00125786
0.00251572
0.000943396
0.00220126
0.000943396
0.00188679
0.00377358
0.00345912
0.00345912
0.00597484
0.00440252
0.00534591
0.00440252
0.00849057
0.013522
0.0176101
0.0157233
0.054717