0.00777414
0.0699673
0.0703764
0.0478723
0.0270049
0.0184124
0.01473
0.0118658
0.00859247
0.00695581
0.00572831
0.00572831
0.00613748
0.00654664
0.00777414
0.00859247
0.00490998
0.00654664
0.00736498
0.00490998
0.00368249
0.00777414
0.00368249
0.00531915
0.00981997
0.00613748
0.0110475
0.0102291
0.00695581
0.00368249
0.00900164
0.00450082
0.00368249
0.0110475
0.00777414
0.00490998
0.00490998
0.00245499
0.00450082
0.00450082
0.00327332
0.0012275
0
0.0175941
0.00163666
0.00286416
0.00531915
0.00327332
0.00286416
0.00245499
0.00613748
0.0012275
0.0012275
0.000818331
0.0012275
0.00163666
0.000409165
0.00286416
0.0012275
0.000409165
0.00204583
0.00204583
0
0
0.00286416
0.000409165
0.00204583
0
0.000409165
0.000818331
0.000818331
0.0012275
0.000818331
0.000409165
0.000409165
0
0.000409165
0.000818331
0.000409165
0.000409165
0.000818331
0.000409165
0.000409165
0
0
0.00409165
0
0
0
0
0.000409165
0.000818331
0.000409165
0
0.00163666
0.000409165
0.000818331
0.000818331
0.000409165
0.00245499
0.00163666
0.0012275
0.000818331
0.000409165
0.0012275
0.0012275
0.00245499
0
0.00286416
0.00163666
0
0.000818331
0.000818331
0.00163666
0.000409165
0.0012275
0.00163666
0.0012275
0.0012275
0.000818331
0.00163666
0.0012275
0.0012275
0.00204583
0.00286416
0.000409165
0.0012275
0
0.0143208
0.00163666
0.00245499
0.00286416
0.00450082
0.00490998
0.00695581
0.0110475
0.00654664
0.0094108
0.00613748
0.00531915
0.00981997
0.00613748
0.00613748
0.0106383
0.00368249
0.0110475
0.00654664
0.00531915
0.00163666
0.00900164
0.00163666
0.00450082
0.00409165
0.00286416
0.00327332
0.00286416
0.00286416
0.000818331
0.00204583
0.00204583
0
0.000409165
0.00245499
0.000818331
0.000409165
0
0.0012275
0.000409165
0
0
0.0126841
0
0.000409165
0.000409165
0.0012275
0.000409165
0.000818331
0.0012275
0.000818331
0
0
0.000818331
0.000818331
0.000409165
0.000818331
0
0
0.000409165
0.000409165
0.0012275
0
0.00286416
0
0
0.000818331
0.000409165
0.00163666
0.000818331
0.0012275
0
0.000818331
0.000409165
0.0012275
0
0
0.000409165
0
0
0
0
0
0
0
0.00900164
0
0
0
0.000409165
0.000818331
0.000409165
0.0012275
0
0.000818331
0.0012275
0.000818331
0.00163666
0.000409165
0.0012275
0.000818331
0.00163666
0.000818331
0.00204583
0.000818331
0.000409165
0.00368249
0.0012275
0.00286416
0.00450082
0.00327332
0.0012275
0.00245499
0.00409165
0.00368249
0.00245499
0.00450082
0.00327332
0.00409165
0.00572831
0.00531915
0.00450082
0.00818331
0.0094108
0.0175941
0.0143208
0.0192308
0.042144