0
0.0255484
0.090824
0.0272873
0.0157838
0.0124398
0.0127073
0.0127073
0.00976458
0.0137774
0.00815944
0.0159176
0.0109684
0.0119048
0.0243446
0.0137774
0.0184591
0.0196629
0.0259497
0.0278224
0.0105671
0.0587212
0.00120385
0.0165864
0.0294275
0.0082932
0.0254147
0.0215356
0.0326378
0.00227394
0.0232745
0.00468165
0.020198
0.0102996
0.0116372
0.0132424
0.00815944
0.0058855
0.00561798
0.00227394
0.000267523
0
0
0.0369181
0
0.000267523
0.000535045
0.000535045
0.000267523
0.00107009
0.00267523
0.00294275
0.00107009
0.0034778
0.000133761
0.00160514
0.000133761
0.00441413
0.00120385
0
0.00334403
0.00187266
0.000133761
0
0.00842697
0
0.000401284
0.000802568
0.00147138
0.000267523
0
0.00401284
0.000133761
0.000668807
0.0034778
0
0.000133761
0.00160514
0.000668807
0.000535045
0.000401284
0.000133761
0.000133761
0
0
0.0137774
0
0
0
0.000133761
0.000535045
0.000668807
0.00120385
0
0.00133761
0
0.00280899
0.000668807
0.000267523
0.00307651
0.000535045
0.000401284
0.00147138
0.00120385
0.000802568
0.000133761
0.00922953
0
0.000535045
0.00147138
0
0.00107009
0.00133761
0.00321027
0.000267523
0.000802568
0.000267523
0.00254147
0.000668807
0.00147138
0.00120385
0.00160514
0.000401284
0.00120385
0.00120385
0.00093633
0.000133761
0
0.0120385
0.000267523
0.000401284
0.00160514
0.00107009
0.00120385
0.000802568
0.00227394
0.00267523
0.000802568
0.0034778
0.00133761
0.000668807
0.000401284
0.00160514
0.00160514
0.00107009
0.00160514
0.00133761
0
0.000401284
0.00227394
0.000133761
0.000802568
0.00107009
0.00107009
0.00093633
0.00107009
0.00147138
0.000802568
0.000133761
0.00107009
0
0.000133761
0.00120385
0.000401284
0.000535045
0.000133761
0
0.000401284
0.000133761
0.000133761
0.00856073
0
0.000267523
0.000267523
0.000267523
0.000401284
0.000267523
0.000401284
0.000133761
0.000535045
0.000267523
0.000401284
0.000267523
0.000133761
0.00093633
0.000267523
0.000668807
0.000401284
0.000133761
0
0
0.0017389
0
0.000133761
0.000133761
0
0.000401284
0.000133761
0.00107009
0.000133761
0.000133761
0
0.000535045
0
0.000133761
0.000267523
0
0.000133761
0
0
0
0
0
0.0024077
0
0
0
0.000401284
0.000133761
0
0.000133761
0.000668807
0.000133761
0.00093633
0.000535045
0.000401284
0.000133761
0.00187266
0.000802568
0.000267523
0.000668807
0.000668807
0.000267523
0.000535045
0.00321027
0.000535045
0.000668807
0.000668807
0.000668807
0.000401284
0.000267523
0.0017389
0.000668807
0.00093633
0.00227394
0.00107009
0.00147138
0.00227394
0.00334403
0.00187266
0.00361156
0.00280899
0.00374532
0.00428036
0.0041466
0.0238095