0
0.00699301
0.00932401
0.011655
0.0244755
0.0244755
0.018648
0.0151515
0.013986
0.0268065
0.00815851
0.0128205
0.00932401
0.00699301
0.011655
0.00815851
0.004662
0.00582751
0.004662
0.00582751
0.0034965
0.00815851
0.002331
0.00815851
0.00699301
0.004662
0.013986
0.018648
0.013986
0.0151515
0.0128205
0.016317
0.011655
0.0104895
0.011655
0.0244755
0.013986
0.00699301
0.013986
0.00582751
0.0011655
0
0
0.0606061
0.0011655
0.0011655
0.004662
0.00582751
0
0.0011655
0.00699301
0.0011655
0.004662
0.00699301
0.0011655
0.002331
0.002331
0.002331
0.002331
0
0.0011655
0.0034965
0
0
0.0034965
0
0.002331
0
0
0.0011655
0
0.0011655
0
0
0.002331
0
0
0.002331
0
0.0011655
0.0011655
0
0
0
0
0.0011655
0
0
0
0
0
0
0
0
0
0
0
0
0
0
0
0
0
0
0
0.0011655
0
0
0.0011655
0
0
0
0
0.002331
0
0
0
0.0011655
0.0011655
0
0
0
0
0
0
0
0
0
0.011655
0
0
0.0011655
0
0
0
0.002331
0.002331
0.0011655
0.0011655
0
0
0
0.0011655
0.0011655
0.0011655
0
0.0011655
0
0
0
0
0
0.0011655
0
0
0
0
0
0.0011655
0.002331
0
0
0.0011655
0.002331
0
0
0.0011655
0
0.0011655
0
0.0011655
0
0
0.0011655
0
0
0.0011655
0
0
0.0011655
0
0.0034965
0
0.0011655
0.0011655
0
0.002331
0
0
0.004662
0.0011655
0.004662
0
0
0
0
0.002331
0.002331
0.0011655
0
0.0011655
0.0011655
0.0011655
0
0
0
0
0.0011655
0
0
0
0
0
0.004662
0.0011655
0
0
0.002331
0
0
0.0011655
0
0
0
0
0.0011655
0.002331
0.004662
0.002331
0
0.0034965
0.0011655
0.0011655
0.0011655
0.004662
0.0011655
0.0034965
0.0034965
0.00582751
0
0.0011655
0.0011655
0.0011655
0.0034965
0.002331
0
0.004662
0.0034965
0
0.002331
0.0034965
0.0034965
0.004662
0.0034965
0.00582751
0.257576