0
0
0
0
0
0
0.00132275
0
0
0
0
0
0
0
0.00132275
0
0
0
0
0
0
0.00529101
0
0
0
0
0
0.00132275
0.00132275
0
0
0
0
0
0
0.00132275
0
0
0
0
0
0
0
0.00529101
0
0
0
0
0
0
0
0
0
0
0
0
0
0
0
0
0
0
0
0
0
0
0
0
0
0
0
0
0
0
0
0
0
0
0
0
0
0
0
0
0
0.00132275
0
0
0
0
0
0
0
0
0
0
0
0
0
0
0
0
0
0
0
0
0.00132275
0
0
0
0
0
0
0
0
0
0
0
0
0
0
0
0
0
0
0
0
0
0.00132275
0
0
0
0
0
0
0
0.00132275
0
0
0
0
0
0.00132275
0
0
0.0026455
0.00132275
0
0
0.00529101
0
0
0
0.0026455
0
0
0.00793651
0.00529101
0.0026455
0.00529101
0.00132275
0.0026455
0.00132275
0.00396825
0.0026455
0.0026455
0.00396825
0
0
0
0.165344
0
0
0
0.00132275
0.00396825
0.0026455
0.00396825
0.00132275
0.0119048
0
0.037037
0.00793651
0.00132275
0.10582
0
0.0026455
0.00529101
0.00396825
0.00132275
0
0.145503
0
0
0.00396825
0
0.00793651
0
0.0449735
0
0
0
0.00793651
0
0.00661376
0.00396825
0
0
0
0
0
0
0
0.101852
0
0
0
0
0
0.00132275
0.00396825
0.00793651
0
0.0132275
0
0.00132275
0
0.0238095
0.00396825
0
0.0198413
0.0026455
0
0
0.0410053
0
0.00396825
0.0145503
0.0132275
0.00925926
0
0.021164
0.00132275
0.0119048
0.0145503
0
0.00132275
0.00793651
0.00396825
0.00396825
0
0
0
0
0
0.0198413