0
0
0
0
0
0.000925069
0.000925069
0.000925069
0
0.000925069
0
0
0.000925069
0
0.000925069
0
0
0.000462535
0.000462535
0.000925069
0
0.00185014
0
0
0
0
0.000925069
0
0
0
0
0.000462535
0
0
0
0
0.000462535
0
0.000462535
0
0
0
0
0.00508788
0
0
0
0
0
0
0.000462535
0
0
0.000462535
0
0
0
0
0
0
0
0
0
0
0.000925069
0
0
0
0
0
0
0
0
0
0
0
0
0
0
0
0
0
0
0
0
0.00185014
0
0
0.000462535
0
0
0
0
0
0
0
0.000462535
0
0
0.000462535
0
0
0.000462535
0
0
0
0.000925069
0
0
0
0
0
0
0
0
0
0.000462535
0
0
0
0
0
0
0
0.000462535
0
0
0
0.00693802
0
0
0.000462535
0.000462535
0.000925069
0.000462535
0.00185014
0
0.000925069
0.00277521
0
0.00185014
0.000925069
0.00555042
0.00277521
0.00231267
0.00647549
0.00370028
0.00693802
0.000462535
0.0249769
0.00416281
0.0111008
0.0101758
0.00971323
0.0180389
0.0148011
0.0277521
0.0134135
0.013876
0.0272895
0.00740056
0.0171138
0.0203515
0.0120259
0.019889
0.0175763
0.0134135
0.00601295
0.00231267
0.000925069
0.153562
0
0.000462535
0.00231267
0.00277521
0.00231267
0.00462535
0.00925069
0.0013876
0.0124884
0
0.0309898
0.00277521
0.000925069
0.03284
0.000462535
0.000462535
0.00740056
0.0013876
0.00231267
0
0.0245143
0
0.000462535
0.00185014
0
0.00370028
0.000462535
0.0175763
0
0
0
0.00508788
0.000462535
0.00416281
0.00185014
0.0013876
0
0
0
0
0
0
0.0286772
0
0
0
0
0
0.0013876
0.00323774
0.00693802
0.000925069
0.00555042
0
0.00323774
0
0.0101758
0.00185014
0
0.00832562
0.00832562
0
0
0.0175763
0
0.00323774
0.00878816
0.00740056
0.0115634
0.000925069
0.0305273
0.0166512
0.012951
0.0171138
0
0.0231267
0.026827
0.00555042
0.00370028
0.0143386
0.00693802
0
0
0
0.0217391