0
0
0
0
0
0.000918274
0.000918274
0.000918274
0
0.00183655
0
0
0
0
0.00183655
0.000918274
0
0.000918274
0
0
0
0.000918274
0
0
0
0
0
0
0.00183655
0
0.00183655
0
0.00183655
0
0
0
0.00183655
0
0
0
0
0
0
0.00367309
0
0
0.000918274
0
0
0
0
0
0
0
0
0
0
0
0
0
0
0
0
0
0
0
0
0
0
0
0
0
0
0
0
0
0
0
0
0
0
0
0
0
0
0.000918274
0
0
0
0
0
0
0
0
0
0
0
0
0
0
0
0
0
0
0
0
0
0
0
0
0
0
0
0
0
0.000918274
0
0.00183655
0
0
0
0
0
0
0
0
0
0
0.00275482
0
0
0
0
0
0.000918274
0.000918274
0.00183655
0
0.00734619
0
0.00183655
0.000918274
0.00826446
0.00550964
0
0.00550964
0.00826446
0.000918274
0.00183655
0.0156107
0.00275482
0.00550964
0.00918274
0.010101
0.00734619
0.0137741
0.030303
0.0110193
0.0146924
0.0312213
0.00367309
0.0128558
0.0174472
0.0119376
0.0165289
0.0211203
0.00826446
0.00183655
0.000918274
0
0.152433
0
0
0.000918274
0.00275482
0.00642792
0.00459137
0.00826446
0
0.0110193
0
0.0220386
0.00367309
0.000918274
0.0514233
0
0.00183655
0.00459137
0.000918274
0.00367309
0
0.0394858
0
0
0.00459137
0
0.00550964
0.00183655
0.0220386
0
0.00275482
0
0.00642792
0
0.00367309
0.000918274
0
0
0
0
0
0
0
0.0394858
0
0
0
0
0
0
0.00275482
0.00550964
0.000918274
0.00550964
0
0.00550964
0
0.0146924
0.00550964
0
0.00183655
0.00826446
0
0
0.020202
0
0.000918274
0.0119376
0.00734619
0.0128558
0
0.020202
0.00459137
0.0211203
0.0312213
0
0.0192837
0.0165289
0.00367309
0.00642792
0.0156107
0.00734619
0
0
0
0.030303