0
0
0
0
0
0
0
0
0
0
0
0
0
0
0
0
0
0
0
0
0
0
0
0
0
0
0
0
0
0
0
0
0
0
0
0
0
0
0
0
0
0
0
0
0
0
0
0
0
0
0
0
0
0
0
0
0
0.00132275
0
0
0.00132275
0
0
0
0.0026455
0
0
0
0
0
0
0
0
0
0
0
0
0
0
0
0
0
0
0
0
0.00132275
0
0
0
0
0
0
0
0
0
0
0
0
0
0.00132275
0
0
0
0
0
0
0
0
0
0
0
0
0
0.00132275
0
0
0
0
0
0
0
0
0
0
0
0
0
0
0.00661376
0
0
0
0
0
0
0.00132275
0.00132275
0
0.00396825
0
0.00132275
0
0.00529101
0.00132275
0
0.00396825
0.00132275
0.00132275
0
0.010582
0.00132275
0.0026455
0
0.00529101
0.00529101
0.0026455
0.0171958
0.00132275
0.0026455
0.0185185
0.0026455
0.00132275
0.00793651
0.00396825
0.00529101
0.0132275
0.00132275
0
0
0
0.153439
0
0
0
0.00132275
0.00661376
0.00396825
0.00925926
0.0026455
0.00793651
0
0.0277778
0.00132275
0.00132275
0.117725
0
0.0026455
0.0026455
0.00132275
0
0
0.119048
0
0
0.00132275
0
0.00396825
0
0.031746
0
0.0026455
0
0.021164
0
0.0132275
0.00661376
0.0026455
0
0
0
0
0
0
0.107143
0
0
0
0
0
0
0.00396825
0.0145503
0
0.0132275
0
0
0
0.0171958
0.0026455
0
0.00925926
0.00793651
0
0
0.042328
0
0.0026455
0.0145503
0.0145503
0.00925926
0
0.021164
0.00132275
0.00529101
0.00661376
0
0
0.00661376
0.00925926
0.0026455
0
0
0
0
0
0.00529101