0
0
0
0
0
0
0
0
0
0
0
0.00059453
0
0
0.00059453
0
0
0
0
0
0
0.00208086
0
0
0
0
0
0
0
0
0
0
0
0
0
0
0
0
0
0
0
0
0
0.00059453
0
0
0
0
0
0
0
0
0
0
0
0
0
0
0
0
0
0
0
0
0
0
0
0
0
0
0
0
0
0
0
0
0
0
0
0
0
0
0
0
0
0
0
0
0
0
0
0
0
0
0
0
0
0
0
0
0
0
0
0
0
0
0
0
0
0
0
0
0
0
0
0
0
0
0
0
0
0
0
0
0
0
0
0
0
0
0
0
0
0
0
0
0
0
0
0
0
0
0
0
0
0
0
0.000297265
0
0.00445898
0
0.00178359
0.00356718
0.00713436
0.00653983
0
0.0133769
0
0.010107
0.020214
0
0.000891795
0.0184304
0.0237812
0.00772889
0.00416171
0
0
0
0
0.192033
0
0
0
0.000297265
0.00059453
0.00208086
0.00386445
0
0.00743163
0
0.0172414
0.000297265
0
0.0555886
0
0.000297265
0.00475624
0.000297265
0
0
0.115636
0
0
0
0
0.00564804
0
0.0332937
0
0
0
0.00802616
0
0.00208086
0
0
0
0
0
0
0
0
0.0978002
0
0
0
0
0
0
0
0.00416171
0
0.0154578
0
0
0
0.0332937
0
0
0.030321
0
0
0
0.0725327
0
0
0.000891795
0.0541023
0
0
0.0502378
0
0.00208086
0.0121879
0
0
0.0151605
0.00862069
0.00208086
0
0
0
0
0
0.0252675