0.0183291
0.026428
0.0200341
0.0157715
0.0153453
0.0144928
0.00895141
0.0127877
0.00809889
0.011509
0.0119352
0.00767263
0.00852515
0.00809889
0.00213129
0.00127877
0.00255754
0.0029838
0.00426257
0.00213129
0.00170503
0.00255754
0.000426257
0.000852515
0.00170503
0.000852515
0.00255754
0.00170503
0.00170503
0.000852515
0.00255754
0.000852515
0.00255754
0.00255754
0.00213129
0.0029838
0
0.00170503
0.00127877
0.00170503
0.00127877
0
0
0.0123615
0.000426257
0.000426257
0.000426257
0
0
0.000426257
0
0
0.00127877
0
0.000426257
0.000426257
0
0.000852515
0.000426257
0
0.000426257
0
0.000426257
0
0.00255754
0.000426257
0.000426257
0
0.000426257
0
0
0
0
0
0
0
0
0.000426257
0.000426257
0
0.000852515
0
0
0
0
0.00127877
0
0
0
0
0
0
0
0
0
0
0
0
0
0.000426257
0
0.000426257
0
0
0
0
0.00127877
0
0
0.000426257
0
0
0
0.000426257
0
0.000426257
0
0
0
0.000426257
0
0
0
0
0
0
0
0
0.00639386
0
0
0.000426257
0.000852515
0.000426257
0.000852515
0.00127877
0.000852515
0.00170503
0.0029838
0.00468883
0.00341006
0.0029838
0.00426257
0.00554135
0.0059676
0.00554135
0.00554135
0.00426257
0.00341006
0.00809889
0.00341006
0.00511509
0.00468883
0.00852515
0.00682012
0.00255754
0.00639386
0.00682012
0.00554135
0.00895141
0.00511509
0.00554135
0.00852515
0.00426257
0.00127877
0.0029838
0.00170503
0.00127877
0.00127877
0
0.0102302
0
0
0.000852515
0.00213129
0.00170503
0.000852515
0.000852515
0.000852515
0
0
0.000852515
0.000852515
0.000426257
0.00255754
0.000852515
0.000426257
0.00213129
0.000426257
0.00213129
0.000852515
0.0029838
0
0.000426257
0.00170503
0.00127877
0.000852515
0.000426257
0.000426257
0
0.00127877
0.000852515
0.000852515
0.000852515
0.00170503
0.00127877
0.000852515
0.000852515
0.000426257
0.00127877
0.000852515
0.000426257
0
0.0119352
0.00127877
0.000426257
0.000426257
0.000852515
0.000426257
0.00127877
0.00170503
0.00127877
0.00127877
0.000852515
0.00213129
0.00213129
0.000852515
0.00468883
0.00170503
0.00170503
0.00554135
0.00170503
0.00426257
0.00170503
0.00554135
0.00383632
0.00383632
0.00341006
0.00383632
0.00468883
0.00511509
0.0059676
0.00255754
0.00383632
0.00255754
0.00468883
0.00426257
0.00554135
0.00767263
0.00468883
0.00852515
0.0110827
0.00852515
0.013214
0.0272805
0.335465