0.00541796
0.0263158
0.0239938
0.0224458
0.0232198
0.0123839
0.0123839
0.00619195
0.00773994
0.00619195
0.00541796
0.00928793
0.00386997
0.00773994
0.0100619
0.00232198
0.00154799
0.00386997
0.00696594
0.00386997
0.000773994
0.00232198
0.00232198
0.00232198
0.00154799
0.000773994
0.00154799
0.00154799
0.00386997
0
0
0.00309598
0.00154799
0.000773994
0.00232198
0.00154799
0.00232198
0.000773994
0.00232198
0.000773994
0.000773994
0
0
0.0325077
0.000773994
0.00232198
0.000773994
0.000773994
0.00154799
0.000773994
0.00154799
0.000773994
0.000773994
0.00232198
0.000773994
0.000773994
0
0
0
0
0
0
0.00154799
0
0.00386997
0.00232198
0.000773994
0
0.00154799
0.000773994
0.00154799
0.00154799
0.00154799
0.00309598
0.00154799
0
0
0.00154799
0.00154799
0.000773994
0.00309598
0
0
0
0
0.0100619
0
0
0.000773994
0.00154799
0.000773994
0
0.000773994
0.000773994
0.000773994
0
0.00232198
0.00232198
0
0.00541796
0.00154799
0.000773994
0.000773994
0.00309598
0.00309598
0
0.00464396
0
0.00232198
0.00154799
0
0.00154799
0.000773994
0.00464396
0.00154799
0.00154799
0.000773994
0.000773994
0.000773994
0.00232198
0.000773994
0.00154799
0.00464396
0.000773994
0.00309598
0.00154799
0.00232198
0
0.0147059
0.00232198
0.00309598
0.00232198
0.000773994
0.00232198
0.00309598
0.00773994
0.00154799
0.00309598
0.000773994
0.00232198
0.00464396
0.000773994
0.00309598
0.000773994
0.00154799
0.00154799
0.000773994
0.00154799
0.00386997
0.000773994
0.000773994
0.00154799
0.000773994
0.00232198
0.00154799
0.000773994
0.00154799
0.00154799
0.00154799
0
0.00154799
0.00154799
0.000773994
0
0.000773994
0
0.000773994
0
0.000773994
0
0.00619195
0.00232198
0.000773994
0.00541796
0.000773994
0.000773994
0
0
0.000773994
0.00154799
0.000773994
0.00154799
0.000773994
0.00232198
0
0.000773994
0.00154799
0
0.000773994
0.00154799
0.00154799
0.00154799
0.000773994
0.00309598
0.00232198
0.000773994
0
0.000773994
0.00232198
0
0.00154799
0
0
0.00232198
0.000773994
0
0
0.000773994
0
0
0.00309598
0.000773994
0
0.0178019
0
0
0
0.00154799
0.000773994
0.00232198
0.00154799
0
0.000773994
0.00154799
0
0
0.000773994
0.00232198
0.00232198
0.00232198
0.00232198
0
0.00309598
0.00154799
0.00232198
0.00232198
0.00232198
0.00232198
0.00541796
0.00154799
0.00386997
0.00464396
0.00386997
0.00773994
0.00851393
0.00541796
0.00619195
0.00619195
0.0116099
0.00773994
0.00541796
0.00928793
0.0147059
0.0201238
0.0216718
0.291796