0
0
0.000581395
0.00406977
0.000581395
0.00174419
0.00116279
0.00116279
0
0.00174419
0.000581395
0.000581395
0.000581395
0
0.00290698
0.000581395
0.00116279
0
0
0.000581395
0
0.00290698
0
0
0
0
0
0
0
0
0
0
0.00116279
0
0
0.000581395
0
0
0
0
0
0
0
0.00639535
0
0
0
0
0
0
0
0
0
0
0
0
0
0.00116279
0
0
0
0
0
0
0.000581395
0
0
0
0
0
0
0
0
0
0
0
0
0
0
0
0
0
0
0
0
0.000581395
0
0
0
0
0
0
0
0
0
0
0
0
0
0
0
0
0
0
0
0
0
0
0
0
0
0
0
0
0
0
0
0
0
0
0
0
0
0
0
0
0
0
0.00174419
0
0
0
0
0
0
0
0
0
0
0.00116279
0.00116279
0
0.00406977
0.00290698
0.000581395
0.00174419
0.00465116
0.00348837
0.00348837
0.0122093
0.00290698
0.00290698
0.00813953
0.0104651
0.00639535
0.00988372
0.0197674
0.0151163
0.0127907
0.0151163
0.00523256
0.00581395
0.0122093
0.0104651
0.00988372
0.00639535
0.00523256
0.00523256
0.00290698
0
0.0901163
0
0
0.00348837
0.00406977
0.00348837
0.00348837
0.00465116
0
0.0139535
0.00116279
0.0453488
0.00290698
0.00232558
0.0715116
0.000581395
0.00174419
0.00406977
0.00290698
0.000581395
0.000581395
0.0406977
0
0.00174419
0.00232558
0
0.00697674
0.00348837
0.047093
0.000581395
0.00465116
0.000581395
0.00523256
0.00174419
0.00639535
0.00290698
0.00406977
0.00116279
0.00465116
0.00116279
0
0
0
0.0418605
0
0
0.00116279
0.00232558
0.00290698
0.00174419
0.00406977
0.00697674
0.00232558
0.0127907
0.000581395
0.00406977
0.00116279
0.0156977
0.00872093
0.000581395
0.00581395
0.00813953
0.00639535
0
0.0151163
0.00465116
0.00639535
0.00755814
0.0104651
0.00406977
0.00406977
0.0104651
0.00523256
0.00872093
0.0110465
0.00581395
0.00813953
0.0151163
0.0354651
0.0133721
0.0162791
0.0110465
0.0116279
0.0116279
0
0.0284884