0
0.0252632
0.0159399
0.0110276
0.00892231
0.00691729
0.00611529
0.00501253
0.00501253
0.00481203
0.00401002
0.00521303
0.00350877
0.00260652
0.00360902
0.00230576
0.00200501
0.00260652
0.00190476
0.00240602
0.000701754
0.00340852
0.000300752
0.00100251
0.00150376
0.000601504
0.00170426
0.000601504
0.00180451
0.000601504
0.00130326
0.000601504
0.000902256
0.000501253
0.000902256
0.00100251
0.000701754
0.000601504
0.000802005
0.000601504
0.000501253
0.000300752
0.000100251
0.0151378
0
0.000902256
0.00120301
0.000601504
0.00160401
0.000601504
0.00150376
0.00120301
0.00140351
0.00190476
0.00150376
0.00220551
0.000701754
0.00240602
0.00290727
0.000601504
0.00210526
0.00120301
0.00140351
0.000100251
0.00300752
0.00100251
0.000902256
0.000601504
0.00100251
0.000501253
0.000802005
0.00110276
0.000601504
0.000802005
0.000802005
0.000300752
0.000200501
0.000100251
0.000701754
0.000601504
0.000300752
0.000200501
0
0.000100251
0
0.00190476
0
0
0.000100251
0.000100251
0.000300752
0.000200501
0.000200501
0
0.000200501
0
0.000200501
0
0.000200501
0.000300752
0.000100251
0
0.000200501
0.000100251
0.000200501
0.000100251
0.000902256
0
0
0.000100251
0
0.000300752
0.000100251
0.000300752
0.000200501
0.000200501
0.000300752
0.000501253
0.000100251
0.000501253
0.000601504
0.000601504
0
0.000200501
0
0.000100251
0.000100251
0
0.0175439
0.000100251
0.000200501
0.000401003
0.000802005
0.00160401
0.00110276
0.00130326
0.00150376
0.00240602
0.00340852
0.00300752
0.00581454
0.00370927
0.0085213
0.00892231
0.0073183
0.0135338
0.0132331
0.0117293
0.00721805
0.0149373
0.00912281
0.00902256
0.00701754
0.0079198
0.00681704
0.00511278
0.00591479
0.00441103
0.00491228
0.00561404
0.000902256
0.00260652
0.00350877
0.00340852
0.00310777
0.00180451
0.000802005
0.000601504
0.000200501
0.000401003
0.0106266
0.000300752
0.000300752
0.00100251
0.000902256
0.000401003
0.000501253
0.000701754
0.000100251
0.00120301
0.000300752
0.00110276
0.000601504
0.000601504
0.00260652
0.000300752
0.000501253
0.00100251
0.000601504
0.00110276
0.000200501
0.00150376
0.000100251
0.000501253
0.00100251
0
0.000802005
0.000701754
0.00170426
0
0.000701754
0.000601504
0.000802005
0.000401003
0.000601504
0.000902256
0.000100251
0.000501253
0.000501253
0.000300752
0.000200501
0.000100251
0
0.00511278
0
0.000200501
0.000300752
0.000200501
0.000401003
0.000200501
0.000601504
0.000701754
0.000100251
0.00100251
0.000501253
0.000802005
0.000300752
0.00160401
0.000501253
0.000100251
0.00160401
0.00110276
0.000802005
0.000802005
0.00320802
0.00110276
0.000601504
0.00150376
0.00190476
0.00170426
0.00210526
0.00280702
0.00300752
0.00280702
0.00411028
0.00230576
0.00360902
0.00531328
0.00531328
0.00431078
0.00561404
0.00661654
0.0113283
0.0163409
0.0474185
0.396892