0
0
0
0.000526501
0.0022815
0.0001755
0.0001755
0.000702001
0.000526501
0.0019305
0.0001755
0.0029835
0.000351
0.000351
0.0026325
0.000351
0
0.000877501
0
0.000351
0.0001755
0.002106
0
0
0
0
0.000351
0
0.002808
0
0
0
0.0019305
0
0.000351
0
0
0
0
0
0
0
0
0.0040365
0
0
0
0
0
0
0
0
0
0
0
0
0
0.000351
0
0
0
0
0
0
0
0
0
0
0
0
0
0
0
0
0
0
0
0
0
0
0
0
0
0
0
0.000351
0
0
0
0
0
0
0
0
0
0
0
0
0
0.0001755
0
0
0
0
0
0
0.0001755
0
0
0
0
0
0
0
0
0
0
0.0001755
0
0
0
0
0
0
0
0
0
0
0.000877501
0
0
0
0
0
0
0
0
0
0.0001755
0
0.0001755
0
0.000702001
0.000526501
0
0.002457
0.0019305
0.002106
0.000702001
0.00912601
0.0033345
0.00526501
0.00842401
0.010881
0.00789751
0.011232
0.0226395
0.018252
0.016497
0.0156195
0.0026325
0.0107055
0.0166725
0.00859951
0.00526501
0.00754651
0.00526501
0.000351
0
0
0.115479
0
0
0
0.001053
0.002106
0.001404
0.0015795
0.000351
0.004563
0.0001755
0.0212355
0.0015795
0.000351
0.0805546
0.000702001
0.0001755
0.001053
0.001755
0.000351
0
0.114777
0
0.000351
0.001404
0.0001755
0.0026325
0.0012285
0.034749
0
0.0019305
0
0.003861
0.0012285
0.0015795
0.0015795
0.000702001
0.0012285
0
0
0
0
0
0.0873991
0
0
0
0.0001755
0.000702001
0.0022815
0.002106
0.0033345
0.000351
0.00579151
0
0.001755
0
0.011232
0.002106
0
0.00351
0.002106
0.000702001
0
0.014742
0.000877501
0.002106
0.0029835
0.0040365
0.001404
0.0019305
0.00947701
0.0043875
0.00526501
0.0121095
0.013338
0.019656
0.0149175
0.030888
0.0487891
0.00351
0.00772201
0.016497
0
0
0.0366795