0
0
0.00039185
0.00039185
0.000522466
0.000653083
0.00182863
0.00039185
0.000130617
0.00117555
0.000130617
0.00195925
0.00039185
0.000130617
0.00274295
0.00039185
0.000653083
0.00104493
0.000653083
0.000522466
0.000130617
0.00274295
0
0.000130617
0.000522466
0.00039185
0.00039185
0.000130617
0.00130617
0.000261233
0.000653083
0
0.000522466
0.000261233
0.000130617
0.000522466
0.00039185
0.000261233
0.00039185
0.000261233
0
0
0
0.00444096
0
0
0.000130617
0
0
0.000130617
0
0
0.000130617
0.00039185
0
0
0.000130617
0.000522466
0.000130617
0
0.000261233
0.000130617
0
0
0.000522466
0
0
0
0
0
0
0.000130617
0.000130617
0
0
0
0
0
0
0
0
0
0
0
0
0.000914316
0
0
0
0
0
0
0
0
0.000261233
0
0
0
0.000130617
0.000130617
0
0
0.000130617
0.000130617
0
0
0.000261233
0
0
0
0
0.000522466
0
0.00039185
0
0.000130617
0
0.000261233
0.000261233
0
0.000130617
0.00039185
0.000130617
0
0.000130617
0.000130617
0
0
0.00339603
0.000130617
0.000130617
0.000522466
0.000261233
0.000522466
0.000653083
0.000914316
0.00104493
0.00104493
0.00130617
0.00104493
0.000914316
0.000522466
0.00457158
0.00208986
0.0015674
0.00470219
0.00470219
0.00509404
0.00261233
0.0175026
0.0103187
0.0100575
0.0131923
0.0160658
0.0128004
0.0160658
0.0318704
0.026907
0.0262539
0.0275601
0.00496343
0.0181557
0.025209
0.012278
0.0104493
0.0128004
0.00613898
0.00222048
0.00117555
0
0.138323
0.000130617
0.000522466
0.000653083
0.00222048
0.00287356
0.00274295
0.00509404
0.000783699
0.00914316
0.000522466
0.0158046
0.00300418
0.000261233
0.0387931
0.000783699
0.00182863
0.00404911
0.0023511
0.00104493
0.000130617
0.0483281
0
0.000130617
0.00261233
0
0.00261233
0.000522466
0.0142372
0.000130617
0.00169801
0
0.00352665
0.000130617
0.0023511
0.00195925
0.000130617
0.000261233
0.000130617
0.000130617
0
0
0
0.0412748
0
0
0
0.000261233
0.000130617
0.000653083
0.00365726
0.00130617
0.000130617
0.0031348
0
0.00208986
0.000130617
0.0126698
0.00143678
0
0.00222048
0.00365726
0.000130617
0
0.0180251
0.000261233
0.00365726
0.00352665
0.00770637
0.00613898
0.000783699
0.021813
0.0188088
0.0111024
0.0117555
0
0.0241641
0.0525078
0.00483281
0.00300418
0.0152821
0.00888192
0
0.000261233
0
0.0297806