0
0.0258578
0.0501838
0.0313113
0.0283088
0.0189338
0.0153799
0.0146446
0.00851716
0.0154412
0.00471814
0.0116422
0.00686275
0.0057598
0.013174
0.00245098
0.00465686
0.00569853
0.00453431
0.00275735
0.000857843
0.0247549
0
0.00202206
0.00563726
0.000919118
0.00980392
0.00459559
0.0198529
0.00067402
0.00667892
0.00196078
0.0168505
0.00281863
0.0115809
0.00827206
0.00453431
0.00324755
0.00330882
0.000796569
0
0
0
0.156495
0
0
0.000183824
0.000735294
0.00153186
0.00386029
0.00784314
0.0106005
0.000428922
0.0159314
6.12745e-005
0.00269608
0
0.022549
0.000551471
0
0.00612745
0.00140931
0
0
0.0258578
0
0
0.000551471
0.00189951
0
0
0.00955882
0
0.000245098
0.00275735
0
0
0.000490196
0.000245098
6.12745e-005
0
0
0
0
0
0.0267157
0
0
0
0
0
6.12745e-005
6.12745e-005
0
0.000367647
0
0.00110294
6.12745e-005
0
0.00330882
0
0
0.00067402
0.000183824
6.12745e-005
0
0.00876226
0
6.12745e-005
0.000245098
0
0.000428922
0.000122549
0.00251225
0
0.000245098
0
0.00110294
0.000122549
0.000367647
0.000306373
0.000122549
0.000122549
6.12745e-005
0
6.12745e-005
0
0
0.0271446
0
0
0
0
0.000122549
0.000245098
0.000612745
0.00220588
0.000122549
0.00435049
0.000122549
0.000735294
0
0.0102328
0.000367647
0
0.00324755
0.00128676
0
0
0.0158701
0
6.12745e-005
0.000551471
0.00257353
0.000245098
0
0.00704657
0
0.000612745
0.00269608
6.12745e-005
0
0.000796569
0.000306373
0.000122549
0
0
0
0
0
0.0197917
0
0
6.12745e-005
6.12745e-005
0
6.12745e-005
0.000183824
0
0.000306373
0
6.12745e-005
0
6.12745e-005
0.000796569
0
0
0
6.12745e-005
0
0
0.00226716
0
0
6.12745e-005
0
6.12745e-005
0
0.000306373
0
0
0
6.12745e-005
0
6.12745e-005
6.12745e-005
0
0
0
0
0
0
0
0.00508578
0
0
0
0
0
0
6.12745e-005
6.12745e-005
6.12745e-005
0.000183824
0
0.000245098
0
0.000490196
0.000245098
0
0.000490196
0.000367647
0
0
0.00404412
6.12745e-005
0.000306373
0.000306373
0.00110294
0.000306373
0.000122549
0.00257353
0.000306373
0.00134804
0.00324755
0.000490196
0.00116422
0.0026348
0.00300245
0.00232843
0.00349265
0.0057598
0.00404412
0.0101103
0.00398284
0.115993