0
0
0
0.000452694
0.000905387
0.000452694
0.000452694
0.000905387
0
0.00181077
0
0.00135808
0.000905387
0.000452694
0.00226347
0
0.000452694
0.000905387
0.000452694
0.000452694
0
0.00362155
0
0
0.000452694
0
0
0
0.000452694
0
0
0
0
0
0.000452694
0
0
0
0
0
0
0
0
0.00769579
0
0
0
0.000452694
0
0
0
0
0
0.000452694
0
0
0
0.000452694
0
0
0
0
0
0
0.000452694
0
0
0
0
0
0
0
0
0
0
0
0
0
0
0
0
0
0
0
0
0.00181077
0
0
0
0
0
0
0
0
0
0
0
0
0
0
0
0
0
0
0
0
0
0
0
0
0
0
0
0
0
0
0
0
0
0
0
0
0
0
0
0
0
0
0.00407424
0
0
0
0
0
0
0
0
0
0
0.00135808
0.000452694
0.00271616
0.00633771
0.00316885
0.00316885
0.00860118
0.00452694
0.000905387
0
0.0144862
0.000905387
0.00362155
0.00452694
0.0067904
0.00497963
0.0072431
0.0203712
0.0135808
0.00950656
0.0131281
0.00271616
0.0108646
0.0153916
0.00814848
0.00543232
0.0113173
0.00362155
0.00135808
0.000905387
0
0.158443
0
0
0
0.00316885
0.00271616
0.00181077
0.00181077
0.000452694
0.0067904
0
0.0248981
0.00271616
0
0.072431
0
0.00226347
0.00407424
0.00226347
0.000452694
0
0.0787687
0
0.000905387
0.00316885
0.000452694
0.00588502
0.00181077
0.0199185
0
0.00226347
0
0.00407424
0.000452694
0.00452694
0.00362155
0.000905387
0.000905387
0.000452694
0
0
0
0
0.0488909
0
0
0
0.000905387
0.00135808
0.00316885
0.00181077
0.00407424
0.00271616
0.00497963
0.000452694
0.00633771
0
0.0113173
0.00362155
0
0.00588502
0.0072431
0.00181077
0
0.0190131
0
0.00226347
0.00497963
0.0067904
0.00316885
0.00316885
0.0113173
0.00769579
0.0108646
0.0153916
0.0113173
0.0144862
0.0140335
0.0348574
0.0217293
0.00271616
0.0158443
0.0172024
0
0
0.0434586