0
0.00173913
0.0121739
0.01
0.0126087
0.01
0.00826087
0.00695652
0.00434783
0.00478261
0.00391304
0.00391304
0.0026087
0.00391304
0.00652174
0.00217391
0.00478261
0.00565217
0.00217391
0.0026087
0.00173913
0.00478261
0.00173913
0.00304348
0.0026087
0.00173913
0.00304348
0.00130435
0.00173913
0.000869565
0.0026087
0.000869565
0
0.000434783
0.00173913
0.00130435
0.000869565
0.00173913
0.00130435
0
0
0
0
0.00695652
0
0
0
0
0.000434783
0.000434783
0
0.000434783
0.000434783
0.00130435
0
0.000434783
0
0.000869565
0
0
0.000434783
0.000434783
0
0
0.000869565
0
0
0.000434783
0.00130435
0
0
0.000434783
0.000434783
0
0
0
0.000434783
0.000434783
0
0
0.000434783
0
0
0
0
0.00130435
0
0
0
0
0
0
0
0
0.000434783
0
0.000434783
0
0
0.000434783
0
0
0
0
0
0
0.000869565
0
0
0
0
0.000434783
0
0
0
0
0
0
0
0.000869565
0
0
0
0
0
0
0
0
0.00130435
0
0
0.000434783
0
0.000434783
0.00130435
0.00434783
0.00130435
0.00304348
0.00347826
0.00391304
0.00217391
0.00347826
0.00565217
0.00913044
0.00869565
0.013913
0.0147826
0.0108696
0.0108696
0.026087
0.0165217
0.0221739
0.0304348
0.0404348
0.033913
0.0391304
0.0286957
0.0265217
0.0204348
0.0152174
0.00652174
0.00478261
0.0130435
0.00652174
0.00391304
0.00478261
0.00347826
0.00304348
0.0026087
0
0.0247826
0
0
0.00173913
0.00130435
0.00130435
0.000869565
0.00217391
0.000434783
0.00304348
0.00130435
0.00434783
0.00217391
0.00130435
0.00652174
0.000434783
0.0026087
0.00391304
0.000869565
0.000434783
0.000869565
0.00478261
0.000434783
0
0.00521739
0
0.00217391
0.00391304
0.00347826
0.000869565
0.00173913
0
0.000434783
0.000869565
0.0026087
0.00391304
0
0.000869565
0.000869565
0
0
0
0
0.00826087
0
0
0.00173913
0.000434783
0.000869565
0.000869565
0.0026087
0.000869565
0.000869565
0.00173913
0.00173913
0.00217391
0.000434783
0.00478261
0.00304348
0
0.00304348
0.00478261
0
0.000869565
0.00695652
0.00304348
0.0026087
0.00173913
0.00347826
0.00304348
0.00391304
0.00652174
0.00521739
0.00782609
0.00956522
0.00695652
0.00695652
0.0134783
0.0126087
0.0152174
0.0308696
0.0121739
0.0347826
0.0221739
0.00130435
0.046087