0
0
0.00519849
0.00141777
0.00378072
0.00141777
0.00378072
0.00189036
0.00141777
0.00094518
0.00094518
0.00141777
0.00141777
0.00047259
0.00330813
0.00047259
0.00047259
0.00047259
0.00236295
0.00189036
0.00047259
0.00283554
0
0
0.00047259
0
0.00141777
0.00047259
0.00094518
0
0.00094518
0
0.00047259
0
0.00047259
0
0.00047259
0
0
0
0
0
0
0.00378072
0
0
0
0
0
0
0.00047259
0.00094518
0
0.00141777
0
0
0
0
0
0
0.00141777
0.00047259
0
0
0.00047259
0
0
0.00047259
0.00047259
0
0
0
0
0
0
0
0
0.00047259
0.00047259
0
0
0
0
0
0
0.00189036
0
0
0
0
0
0
0
0
0.00047259
0
0
0
0
0
0
0.00047259
0
0.00047259
0
0
0.00094518
0
0
0
0
0
0
0.00047259
0
0
0
0.00047259
0
0
0
0
0
0
0
0
0
0
0.00330813
0
0
0
0
0
0.00094518
0.00047259
0
0
0.00047259
0.00141777
0.00614367
0.00141777
0.00661626
0.00425331
0.00141777
0.0108696
0.0047259
0.0047259
0.0047259
0.0113422
0.0118147
0.0155955
0.0122873
0.0198488
0.0217391
0.0212665
0.0293006
0.0241021
0.0189036
0.0255198
0.00708885
0.0137051
0.0231569
0.0302457
0.0174858
0.0170132
0.0094518
0.00094518
0.00141777
0
0.0803403
0
0.00141777
0.00283554
0.00330813
0.00614367
0.00567108
0.00189036
0.00047259
0.00897921
0
0.00661626
0.00330813
0.00236295
0.00661626
0.00094518
0.00283554
0.00283554
0.00141777
0.00094518
0
0.00708885
0
0.00094518
0.00283554
0.00047259
0.00330813
0.00141777
0.00614367
0
0.00283554
0.00141777
0.00378072
0.00189036
0.00094518
0.00141777
0.00141777
0.00047259
0.00283554
0.00189036
0.00047259
0
0
0.0155955
0
0.00047259
0.00236295
0.00094518
0.00330813
0.00189036
0.00141777
0.0047259
0.00330813
0.00897921
0.00189036
0.00614367
0.00047259
0.0146503
0.00283554
0.00189036
0.00897921
0.00283554
0.00425331
0
0.0132325
0.0047259
0.00519849
0.00614367
0.010397
0.00756144
0.00756144
0.00614367
0.00756144
0.0108696
0.0113422
0.00519849
0.010397
0.0212665
0.0132325
0.0344991
0.0113422
0.039225
0.00708885
0.0226843
0
0.0349716