0.00848765
0.0169753
0.0316358
0.0416667
0.0354938
0.0316358
0.0231481
0.0270062
0.0185185
0.0208333
0.0123457
0.0200617
0.0108025
0.0146605
0.0223765
0.00771605
0.00540123
0.0131173
0.00617284
0.00617284
0.00308642
0.00617284
0.00385802
0.00385802
0.00462963
0.00308642
0.000771605
0.00308642
0.00617284
0.00154321
0.000771605
0.00231481
0.00308642
0.00385802
0.00231481
0.00154321
0.000771605
0.00154321
0.00154321
0.00154321
0.00154321
0.00231481
0
0.0285494
0.000771605
0.000771605
0.00308642
0.00385802
0
0
0.000771605
0
0
0.00154321
0
0.000771605
0.000771605
0
0
0
0
0
0.000771605
0
0
0
0
0
0
0
0
0
0
0.00154321
0.000771605
0
0.000771605
0.000771605
0
0.000771605
0
0
0.000771605
0
0
0.00231481
0
0
0
0
0
0
0
0
0
0
0
0.000771605
0
0.000771605
0
0.000771605
0
0
0
0
0.00154321
0
0.000771605
0.00231481
0
0
0.00231481
0.000771605
0
0.000771605
0.000771605
0.00231481
0.000771605
0
0.00154321
0.000771605
0.00231481
0.000771605
0.00308642
0.00231481
0.00462963
0.000771605
0.025463
0.000771605
0.00154321
0.00154321
0.00308642
0.00154321
0.00231481
0.00308642
0.00308642
0.00308642
0.00385802
0
0.000771605
0
0.00231481
0.000771605
0.000771605
0.00231481
0.00231481
0.00231481
0.00231481
0.00694444
0.00231481
0.00848765
0.00385802
0.00617284
0.00694444
0.00848765
0.00848765
0.0100309
0.00617284
0.00848765
0.00694444
0.00925926
0.00462963
0.00154321
0.00385802
0.00540123
0.00462963
0.000771605
0.00154321
0.000771605
0.00848765
0.000771605
0.00154321
0
0.000771605
0.000771605
0.00385802
0.00462963
0.00231481
0.00231481
0.000771605
0.00385802
0.000771605
0.00154321
0.000771605
0.000771605
0.000771605
0.00154321
0.00231481
0.000771605
0
0.00308642
0
0.000771605
0
0
0
0.00231481
0.000771605
0.000771605
0.000771605
0
0.000771605
0.000771605
0.00231481
0
0
0.000771605
0.000771605
0.000771605
0
0
0
0.0154321
0.000771605
0
0.00154321
0
0
0.00154321
0.00154321
0.00154321
0.000771605
0.000771605
0.000771605
0
0.00231481
0.00308642
0.00385802
0.000771605
0.00385802
0.00154321
0
0.000771605
0.00540123
0.000771605
0.00231481
0.00154321
0.000771605
0.00231481
0.00154321
0.00694444
0.00231481
0.00540123
0.00385802
0.00540123
0.00848765
0.00617284
0.00925926
0.00694444
0.0123457
0.00540123
0.00848765
0.0115741
0.0123457
0.0925926