0
0.00705645
0.00907258
0.0131048
0.0100806
0.00302419
0.00907258
0.0110887
0.00907258
0.00705645
0.00705645
0.00504032
0.00201613
0.00201613
0.00403226
0.00201613
0.00403226
0.00302419
0.00705645
0.00604839
0.00403226
0.00705645
0.00100806
0
0.00100806
0.00403226
0.00403226
0.00100806
0.00201613
0.00100806
0.00100806
0
0.00100806
0
0.00100806
0.00100806
0.00201613
0.00201613
0
0
0
0
0
0.00201613
0
0
0
0
0
0
0
0
0
0
0.00100806
0
0
0
0
0
0
0.00100806
0
0
0
0
0.00100806
0.00201613
0
0.00100806
0
0.00100806
0
0
0
0
0
0
0
0.00201613
0
0.00100806
0
0
0
0.00100806
0
0
0
0
0
0
0
0
0.00100806
0
0
0
0
0
0
0
0.00100806
0.00100806
0.00100806
0.00100806
0
0
0
0.00201613
0
0.00100806
0
0.00302419
0
0.00100806
0.00302419
0
0.00100806
0
0.00100806
0.00201613
0
0
0
0.00100806
0
0
0.00403226
0
0
0.00100806
0
0.00302419
0.00201613
0.00201613
0.00302419
0.00302419
0.00302419
0.00403226
0.00403226
0.00403226
0.0100806
0.00100806
0.00302419
0.00504032
0.00100806
0.00705645
0.00504032
0.0100806
0.00806452
0.0120968
0.0110887
0.0171371
0.0483871
0.0725806
0.046371
0.0231855
0.00907258
0.0100806
0.00604839
0.00604839
0.00806452
0.00504032
0.00705645
0.00403226
0.0110887
0.00604839
0.00504032
0
0.0221774
0.00504032
0.00403226
0.00604839
0.00302419
0.00403226
0.00504032
0.00201613
0.00100806
0.00504032
0.00302419
0.00403226
0.00604839
0.00604839
0.00504032
0.0100806
0.00100806
0.00403226
0.00100806
0.00403226
0.00302419
0.00403226
0.00100806
0.00201613
0.00100806
0.00100806
0.00504032
0
0.00806452
0.00403226
0.00302419
0.00403226
0.00201613
0.00100806
0.00403226
0.00100806
0
0.00100806
0.00201613
0
0.00302419
0.00100806
0
0.00504032
0.00403226
0
0.00302419
0.00201613
0.00302419
0.00100806
0.00201613
0.00504032
0.00403226
0.00907258
0.00504032
0.00403226
0.00302419
0.00907258
0.00403226
0.00100806
0.00705645
0.00705645
0.00705645
0
0.00201613
0.00302419
0.00201613
0.00302419
0.00302419
0.00403226
0.00201613
0.0100806
0.00604839
0.00504032
0.0131048
0.00604839
0.00201613
0.00604839
0.00705645
0.00302419
0.00705645
0.0110887
0.0181452
0.0252016
0.0120968
0.0302419