0
0.00186275
0.00235294
0.00235294
0.00313725
0.00254902
0.00147059
0.00127451
0.000490196
0.00264706
0.000196078
0.00186275
0.00137255
0.00107843
0.00176471
0.000392157
0.000490196
0.000588235
0.000196078
0.000294118
0.000196078
0.000784314
0
0
9.80392e-005
9.80392e-005
0.000196078
9.80392e-005
0
9.80392e-005
9.80392e-005
0
9.80392e-005
0
9.80392e-005
0
0
0
9.80392e-005
0
0
0
0
0.000980392
0
0
0
0
0
0
0
0
0
9.80392e-005
0
0
0
0.000196078
0
0
9.80392e-005
0
0
0
0.000196078
0
0
0
0
0
0
0
9.80392e-005
0
0.000196078
0
0
9.80392e-005
0
9.80392e-005
0
0
0
0
0
0.000490196
0
0
0
0
0
0
0
0
0
0
9.80392e-005
0
0
0
0
0
9.80392e-005
9.80392e-005
0
0
0.000490196
0
0
9.80392e-005
0
0
0
0.000588235
0
0
0
0
0
9.80392e-005
0
0
9.80392e-005
9.80392e-005
0
9.80392e-005
0
0
0.00176471
0
0
0
0
0.000196078
9.80392e-005
0.000294118
9.80392e-005
0.000490196
0.000392157
0.000392157
0.00107843
0.000294118
0.0022549
0.00156863
0.000686274
0.00294118
0.00588235
0.00784314
0.0117647
0.0278431
0.0334314
0.0326471
0.0363725
0.0410784
0.0304902
0.0215686
0.0306863
0.012451
0.0176471
0.0296078
0.00607843
0.00803922
0.0221569
0.0153922
0.00960784
0.0120588
0.00607843
0.00303922
0.00186275
0.000686274
0.108824
0.000196078
0.000882353
0.00107843
0.0027451
0.00313725
0.0022549
0.00323529
0.00137255
0.00627451
0.000588235
0.00754902
0.00156863
0.00147059
0.00970588
0.000882353
0.00127451
0.00294118
0.0022549
0.00137255
0.00107843
0.0095098
0.000588235
0.000980392
0.00215686
0.000784314
0.00294118
0.00127451
0.00480392
0.000784314
0.00147059
0.00117647
0.00284314
0.00107843
0.00186275
0.00205882
0.00107843
0.000784314
0.00264706
0.000784314
0.000490196
0.000196078
0
0.012451
0.000196078
0.000980392
0.00176471
0.00313725
0.00147059
0.00107843
0.00215686
0.0022549
0.00264706
0.00460784
0.00127451
0.00313725
0.00166667
0.00558824
0.00382353
0.00137255
0.00421569
0.00362745
0.00303922
0.00117647
0.00833333
0.0027451
0.00254902
0.00401961
0.00372549
0.00303922
0.00176471
0.00558824
0.0027451
0.00480392
0.00607843
0.00333333
0.00431373
0.0110784
0.0166667
0.0218627
0.039902
0.0462745
0.03
0.0130392
0.00862745
0.0272549