0
0
0.000217014
0.000217014
0
0.000217014
0.000217014
0
0.000217014
0.000217014
0
0
0
0.000217014
0.000217014
0.000217014
0.000217014
0.000217014
0
0
0
0.000217014
0
0.000651042
0.000217014
0
0
0
0.000217014
0
0
0.000217014
0.000217014
0
0
0.000217014
0
0
0
0
0
0
0
0.000434028
0
0
0
0.000434028
0
0
0
0
0
0
0
0
0
0
0
0
0
0
0.000217014
0
0
0
0
0
0
0
0
0
0
0
0
0
0
0
0
0
0
0
0
0
0
0.000217014
0
0
0
0
0
0
0
0
0
0
0
0
0
0
0
0
0
0
0
0
0
0
0
0.000217014
0
0
0
0
0
0
0
0
0
0
0
0
0
0
0
0
0
0
0.0015191
0
0.000217014
0
0
0
0
0.000434028
0.000434028
0.000217014
0.000651042
0.000217014
0.000434028
0.000434028
0.00217014
0.000868056
0
0.000434028
0.0015191
0.000651042
0.000217014
0.00477431
0.00217014
0.0015191
0.00651042
0.0138889
0.0240885
0.0460069
0.0514323
0.0429688
0.0375434
0.0388455
0.016276
0.0132378
0.0230035
0.0195313
0.0136719
0.0117188
0.00998264
0.00585938
0.00694444
0.00130208
0.10395
0.000434028
0.00412326
0.00542535
0.00868056
0.00737847
0.00889757
0.0290799
0.00260417
0.0438368
0.00195313
0.0206163
0.00672743
0.00390625
0.016276
0.00347222
0.00260417
0.0138889
0.00347222
0.00434028
0.00260417
0.0164931
0.000434028
0.00303819
0.00542535
0.00108507
0.00499132
0.00325521
0.00716146
0.000868056
0.00347222
0.00368924
0.00434028
0.00325521
0.00173611
0.00455729
0.0015191
0.00195313
0.00390625
0.00542535
0.00195313
0
0
0.016276
0
0.00195313
0.00434028
0.00303819
0.00347222
0.00282118
0.00412326
0.00260417
0.00520833
0.00477431
0.00325521
0.00368924
0.00455729
0.00651042
0.00716146
0.00282118
0.00911458
0.0106337
0.00520833
0.00477431
0.00802951
0.00694444
0.00651042
0.00347222
0.00759549
0.00434028
0.00412326
0.00368924
0.00455729
0.00390625
0.00412326
0.00564236
0.00585938
0.0167101
0.0128038
0.00477431
0.00412326
0.00173611
0.00108507
0.00130208
0
0.00195313