0
0
0
0
0.00116144
0.00116144
0
0.00058072
0.00058072
0.00116144
0
0.00232288
0.00174216
0
0.0029036
0
0
0.00058072
0.00058072
0.00058072
0
0.00058072
0
0
0
0
0.00058072
0
0
0
0
0
0
0
0
0
0
0
0
0
0
0
0
0.0029036
0
0
0
0
0
0
0
0
0
0
0
0
0
0
0
0
0
0
0
0
0
0
0
0
0
0
0
0
0
0
0
0
0
0
0
0
0
0
0
0
0
0
0
0
0
0
0
0
0
0
0
0
0
0
0
0
0
0
0
0
0
0
0
0
0
0
0
0
0
0.00058072
0
0
0
0
0
0
0.00058072
0
0
0
0
0
0
0
0.00116144
0
0
0
0
0
0
0
0
0
0.00058072
0
0.00116144
0
0.00116144
0
0.00116144
0.00464576
0.00696864
0.00813008
0.00174216
0.0133566
0.00813008
0.0058072
0.0116144
0.0116144
0.0156794
0.0313589
0.0412311
0.0371661
0.0389082
0.0360046
0.0133566
0.0284553
0.0464576
0.0156794
0.0127758
0.0464576
0.0301974
0.00522648
0.00522648
0.00058072
0.0969803
0.00174216
0.00232288
0.00464576
0.00638792
0.0087108
0.00232288
0.00406504
0.00464576
0.00754936
0.00406504
0.00813008
0.00406504
0.00406504
0.0127758
0.00406504
0.00464576
0.0058072
0.00754936
0.0058072
0.00522648
0.0243902
0
0.00464576
0.00406504
0
0.00406504
0.00348432
0.00987224
0.0029036
0.00116144
0.00058072
0.00232288
0.00174216
0.00058072
0.00348432
0.00232288
0
0.00232288
0.00116144
0
0
0
0.0139373
0
0
0.00116144
0.00058072
0.00116144
0.00116144
0.00174216
0.00522648
0.00058072
0.00348432
0.00116144
0.00174216
0.00174216
0.00464576
0.00174216
0.00174216
0.0029036
0.00638792
0.00174216
0.00116144
0.0116144
0.0029036
0.00464576
0.00232288
0.0058072
0.00522648
0.00174216
0.0127758
0.0087108
0.010453
0.0180023
0.0121951
0.0058072
0.0133566
0.00696864
0.0058072
0.010453
0.00638792
0.00522648
0.0058072
0
0.014518