0
0.0601504
0.0526316
0.0518797
0.0518797
0.0293233
0.0293233
0.0218045
0.0135338
0.0233083
0.0075188
0.0165414
0.0172932
0.0142857
0.0075188
0.0120301
0.0105263
0.00601504
0.0142857
0.0112782
0.00601504
0.0285714
0.00225564
0.00977444
0.018797
0.00150376
0.00902256
0.0075188
0.0135338
0
0.00902256
0.00225564
0.00300752
0.00225564
0.00676692
0.00451128
0.00150376
0.00451128
0
0.00075188
0
0.00075188
0
0.0345865
0
0.00150376
0.00300752
0.00075188
0.00451128
0.00075188
0.00225564
0.00225564
0.00150376
0.00300752
0
0.00225564
0
0.00225564
0.00075188
0
0.00075188
0
0.00075188
0
0.00526316
0
0.00300752
0
0.00526316
0
0
0.0037594
0.00075188
0.00075188
0.00150376
0
0.00075188
0.00075188
0
0.00150376
0.00075188
0.00075188
0
0
0
0.00601504
0
0
0
0
0
0
0.00075188
0.00075188
0
0
0.00075188
0
0
0.00300752
0
0
0
0
0.00075188
0.00075188
0.00526316
0
0.00075188
0.00075188
0.00075188
0.00075188
0.00075188
0.00150376
0.00075188
0.00150376
0.00075188
0.00225564
0
0.00300752
0.00300752
0.00075188
0.00225564
0.00075188
0.0075188
0.00075188
0.0037594
0
0.0233083
0
0
0.00150376
0.00150376
0.00300752
0.00451128
0.00225564
0.00075188
0.00075188
0.00150376
0.00075188
0.00225564
0
0.00300752
0
0
0.0037594
0.00526316
0.00075188
0.00075188
0.00300752
0.00225564
0.00075188
0
0.00075188
0
0.00150376
0.00150376
0.00075188
0.00150376
0.0037594
0
0.00075188
0.00225564
0.00225564
0
0.00225564
0
0
0
0
0.00451128
0
0
0
0
0
0
0
0
0.00075188
0
0
0
0.00150376
0.00075188
0.00075188
0.00075188
0.00075188
0.00075188
0.00075188
0.00150376
0.00150376
0
0
0.00075188
0
0.00150376
0
0
0
0.00075188
0.00075188
0.00150376
0
0.00075188
0.00075188
0
0.00075188
0
0
0
0
0
0.0037594
0
0
0
0
0.00075188
0
0
0
0
0
0
0.00150376
0
0.00150376
0.00075188
0
0
0.00075188
0.00075188
0
0.00225564
0
0
0
0.00300752
0.00150376
0.00225564
0.00601504
0.00075188
0.00075188
0.00225564
0.00300752
0
0.00225564
0.00075188
0.0037594
0.00676692
0.00676692
0.0075188
0.0165414
0.0135338
0.0902256