0
0
0.000617284
0.000308642
0.000308642
0
0
0.000308642
0.000308642
0.000308642
0.000308642
0.000617284
0.000308642
0.000308642
0.000308642
0.000617284
0.000308642
0.000308642
0
0
0.000308642
0.000617284
0
0.000308642
0.000308642
0
0.000308642
0
0.000308642
0
0
0.000308642
0.000617284
0
0
0
0
0
0
0
0
0
0
0
0
0
0
0
0
0
0
0
0
0
0
0
0
0
0
0
0
0
0
0
0
0
0
0
0
0
0
0
0
0
0
0
0
0
0
0
0
0
0
0
0
0.000308642
0
0
0
0
0
0
0
0
0
0
0
0
0
0
0
0
0.000308642
0
0
0
0
0
0
0
0
0
0
0
0
0
0
0
0
0
0
0
0
0.000308642
0
0
0
0
0.000925926
0
0
0
0
0
0.000308642
0
0.000925926
0.000308642
0.000617284
0
0
0
0.000308642
0.000617284
0.000617284
0.000617284
0.00123457
0.000925926
0
0.00216049
0.00216049
0.0037037
0.00493827
0.0179012
0.0253086
0.0490741
0.0666667
0.0472222
0.0580247
0.0512346
0.0246914
0.0175926
0.0358025
0.0259259
0.0104938
0.0135802
0.0123457
0.00802469
0.00401235
0.000925926
0.0771605
0.000617284
0.00432099
0.00401235
0.00524691
0.00432099
0.00462963
0.0111111
0.00308642
0.0145062
0.00123457
0.0138889
0.0058642
0.00216049
0.0160494
0.0037037
0.0037037
0.0037037
0.00524691
0.00462963
0.00123457
0.0182099
0.000925926
0.0037037
0.0037037
0.00123457
0.00493827
0.00524691
0.00802469
0.000925926
0.00246914
0.00185185
0.00246914
0.00401235
0.00401235
0.00246914
0.00246914
0.00277778
0.00216049
0.00493827
0.000925926
0
0
0.0169753
0
0.00123457
0.00308642
0.00339506
0.00123457
0.00308642
0.00401235
0.00308642
0.00339506
0.00401235
0.00123457
0.00246914
0.00462963
0.00432099
0.0058642
0.000925926
0.00339506
0.00462963
0.00308642
0.00123457
0.00648148
0.00617284
0.00648148
0.00524691
0.00740741
0.00493827
0.00555556
0.00679012
0.00648148
0.0126543
0.0135802
0.00709877
0.00802469
0.0148148
0.0182099
0.0114198
0.00617284
0.00277778
0.000925926
0.0037037
0
0.00339506