0
0.0140617
0.0470525
0.0686858
0.0594916
0.0346133
0.0302866
0.0248783
0.0205516
0.0243375
0.0151433
0.0151433
0.00919416
0.0118983
0.0124392
0.0113575
0.0118983
0.016225
0.0108167
0.00757166
0.00432666
0.0178475
0.00216333
0.00757166
0.0151433
0.0016225
0.01298
0.00757166
0.01298
0.00108167
0.0124392
0.00432666
0.0118983
0.00432666
0.0102758
0.00540833
0.00757166
0.003245
0.00216333
0.00216333
0.000540833
0
0
0.0243375
0
0.00108167
0.000540833
0.00216333
0.0016225
0.00108167
0.00270416
0.00270416
0.00216333
0.00378583
0.00108167
0.000540833
0
0.00432666
0.0016225
0
0.0016225
0.0016225
0.000540833
0.000540833
0.00648999
0
0.000540833
0.000540833
0.00108167
0.000540833
0
0.00378583
0
0.000540833
0.00270416
0.000540833
0.000540833
0.00216333
0.0016225
0
0
0
0
0
0
0.00865333
0
0
0.000540833
0
0.000540833
0.000540833
0.000540833
0
0.000540833
0
0.00216333
0.0016225
0
0.003245
0.000540833
0.00108167
0.00270416
0.00108167
0.000540833
0
0.00540833
0
0.000540833
0.003245
0
0.00216333
0.00108167
0.00594916
0
0.0016225
0.00108167
0.00270416
0.00108167
0.00108167
0.00270416
0.0016225
0.00270416
0.00216333
0.0048675
0.0048675
0.0016225
0
0.0243375
0.0016225
0.00216333
0.003245
0.00432666
0.0048675
0.00432666
0.003245
0.00540833
0.00378583
0.00648999
0.00216333
0.00270416
0.0016225
0.00432666
0.00540833
0.00216333
0.00216333
0.0016225
0.00270416
0
0.0016225
0
0.0016225
0.000540833
0.00216333
0
0.00108167
0.003245
0.00108167
0.00108167
0.003245
0.00108167
0.0016225
0.0016225
0.00108167
0
0.00108167
0
0.000540833
0
0
0.00973499
0
0.000540833
0
0
0.000540833
0
0
0
0.000540833
0.000540833
0.000540833
0.000540833
0
0.0016225
0
0
0.00108167
0.000540833
0.000540833
0
0.00216333
0
0.00108167
0.000540833
0.000540833
0.000540833
0
0.000540833
0
0
0.000540833
0.00108167
0
0.000540833
0.000540833
0
0.0016225
0
0
0
0
0
0.003245
0
0
0
0
0.000540833
0.000540833
0.00108167
0.00216333
0
0.00270416
0.00108167
0.00270416
0.000540833
0.0016225
0.0016225
0.00108167
0.000540833
0.000540833
0
0.000540833
0.00432666
0.00108167
0
0.00108167
0.0016225
0.000540833
0.000540833
0.00216333
0.00216333
0.00270416
0.00216333
0.0016225
0.00216333
0.00270416
0.00432666
0.0048675
0.0048675
0.00811249
0.00540833
0.00973499
0.00540833
0.0346133