0
0.0148011
0.013876
0.00462535
0.00462535
0.00231267
0.00323774
0.00277521
0.00370028
0.00323774
0.00370028
0.00185014
0.000925069
0.000925069
0.0013876
0.000462535
0.000925069
0.000462535
0.000925069
0
0.000462535
0.00416281
0.000462535
0.000462535
0
0
0.000925069
0.000462535
0.0013876
0
0
0.000462535
0
0
0.000462535
0.000462535
0
0
0
0
0
0
0
0.00555042
0
0
0.000462535
0.000462535
0
0
0
0
0
0
0
0
0
0.000925069
0.000462535
0.000462535
0.000462535
0
0
0
0.00185014
0
0
0
0.000462535
0
0
0.000925069
0
0
0
0
0
0
0
0
0
0
0
0
0
0.00185014
0
0
0
0
0
0
0
0
0
0
0
0
0
0
0
0
0
0
0
0
0.000925069
0
0
0.000462535
0
0
0
0
0
0
0
0
0
0.000462535
0.000462535
0
0
0.000462535
0
0
0
0
0.00693802
0
0.000925069
0
0.000925069
0
0
0.000925069
0
0.0013876
0.00323774
0.00370028
0.00647549
0.00231267
0.00370028
0.00878816
0.00231267
0.00925069
0.00647549
0.00878816
0.0101758
0.0180389
0.0124884
0.0180389
0.0166512
0.0263645
0.0504163
0.0531915
0.039778
0.0203515
0.0124884
0.0134135
0.013876
0.00693802
0.00878816
0.00693802
0.00647549
0.00416281
0.00462535
0.00462535
0.00416281
0.000462535
0.0166512
0.000925069
0.00508788
0.00370028
0.00508788
0.00231267
0.00231267
0.00370028
0.000925069
0.000925069
0.00231267
0.00370028
0.00277521
0.00185014
0.00323774
0.00508788
0.0013876
0.0013876
0.00231267
0.00185014
0.00185014
0.0124884
0.000925069
0.00231267
0.00323774
0.00185014
0.00370028
0.0013876
0.00277521
0.00185014
0.00323774
0.00185014
0.00185014
0.00185014
0.00185014
0.00323774
0.00231267
0.000925069
0.0013876
0.0013876
0.0013876
0
0
0.0134135
0
0.000462535
0.00231267
0.0013876
0.000925069
0.00185014
0.00231267
0.000925069
0.00277521
0.00277521
0.00231267
0.00462535
0.0013876
0.00416281
0.00277521
0.00231267
0.00462535
0.00416281
0.00323774
0.00185014
0.0148011
0.00555042
0.00323774
0.00555042
0.00462535
0.00555042
0.00925069
0.00740056
0.00647549
0.00601295
0.00601295
0.00416281
0.00508788
0.00878816
0.00740056
0.0106383
0.0143386
0.0161887
0.0351526
0.0402405
0.0351526
0.0568918