0
0
0.000801282
0
0
0
0
0.000801282
0
0
0
0
0
0
0.000400641
0
0
0
0
0
0
0.000801282
0
0
0
0
0
0
0.000801282
0
0.000400641
0
0
0
0
0
0
0
0
0
0
0
0
0
0
0
0
0
0
0
0
0
0
0
0
0
0
0
0
0
0
0
0
0
0.000400641
0
0
0
0.000400641
0
0
0
0
0
0
0
0
0
0
0
0
0
0
0
0
0.000400641
0
0
0
0
0
0
0
0
0
0
0
0
0
0.000400641
0
0
0.000400641
0
0
0
0
0
0
0
0
0
0
0
0
0
0
0
0
0
0
0
0
0
0
0
0
0
0
0
0
0
0
0
0.000801282
0.000801282
0.000400641
0
0.000400641
0
0
0
0.00200321
0.00120192
0.000400641
0.00280449
0.000400641
0
0.000801282
0.00440705
0.00600962
0.0112179
0.0124199
0.0204327
0.0344551
0.0456731
0.0584936
0.0436699
0.0424679
0.0564904
0.0248397
0.0228365
0.0436699
0.03125
0.0168269
0.0140224
0.0132212
0.0068109
0.00641026
0.000400641
0.0616987
0.000400641
0.00400641
0.00480769
0.00520833
0.00320513
0.00440705
0.00520833
0.00440705
0.00921474
0.00240385
0.0124199
0.00240385
0.00440705
0.010016
0.00360577
0.00240385
0.00721154
0.00560897
0.00320513
0.00120192
0.0132212
0
0.00360577
0.00320513
0.00200321
0.00520833
0.00240385
0.00721154
0.000801282
0.00440705
0.00160256
0.00320513
0.00280449
0.00200321
0.00160256
0.000400641
0.00160256
0.00320513
0.00400641
0.000801282
0
0
0.0204327
0
0
0.00320513
0.00280449
0.00120192
0.00360577
0.00280449
0.00160256
0.00240385
0.00320513
0.00200321
0.00200321
0.00120192
0.00440705
0.00320513
0.000801282
0.00480769
0.00480769
0.00240385
0.00240385
0.00841346
0.00440705
0.00360577
0.00360577
0.00600962
0.00600962
0.00600962
0.00761218
0.00480769
0.0144231
0.0132212
0.010016
0.0192308
0.0288462
0.00961538
0.0108173
0.00560897
0.00520833
0.00160256
0.00240385
0
0.00641026