0
0
0.0547386
0.0212418
0.0343137
0.0220588
0.0212418
0.0163399
0.00898693
0.0187909
0.000816993
0.0155229
0.00816994
0.00816994
0.0187909
0.00408497
0.00245098
0.00653595
0.000816993
0
0.000816993
0.0179739
0
0
0.000816993
0
0.00245098
0.00245098
0.00980392
0
0.00245098
0.000816993
0.000816993
0.000816993
0.00245098
0
0.000816993
0.000816993
0
0
0
0
0
0.0228758
0
0
0
0
0.000816993
0
0.00163399
0.000816993
0
0.00245098
0
0
0
0.00326797
0
0
0.000816993
0
0
0
0.00571895
0
0
0
0
0
0
0.00735294
0
0
0
0
0
0
0
0
0
0
0
0
0
0.00980392
0
0
0
0
0
0
0
0
0
0
0.000816993
0
0
0
0
0
0
0
0
0
0.00653595
0
0
0
0
0
0
0.00163399
0
0
0
0.000816993
0
0.00163399
0
0
0
0
0
0
0
0
0.0441176
0
0
0
0.00163399
0.000816993
0.000816993
0.00163399
0.00326797
0.00326797
0.00490196
0
0.000816993
0
0.00653595
0.00408497
0
0
0
0
0
0.0114379
0
0
0
0.00163399
0
0
0.00653595
0
0
0.00163399
0
0
0.000816993
0
0.000816993
0.000816993
0
0
0
0
0.0359477
0
0
0
0
0.000816993
0.000816993
0
0.000816993
0.000816993
0
0.00245098
0.00163399
0.00245098
0.00245098
0
0.00163399
0.000816993
0
0
0
0.00980392
0
0
0.000816993
0
0
0
0.00326797
0
0
0
0.00163399
0
0
0.00163399
0
0
0
0
0
0
0
0.0285948
0
0
0
0
0
0
0.000816993
0.000816993
0
0.00163399
0.00163399
0.00163399
0
0.00408497
0
0
0
0.000816993
0
0
0.0138889
0
0
0.00245098
0.00408497
0.000816993
0
0.00898693
0.00163399
0.00163399
0.00898693
0.000816993
0.00163399
0.0138889
0.00735294
0.00571895
0.00898693
0.00898693
0.0138889
0.0130719
0
0.306373