0
0.0175
0.02
0.0375
0.04
0.04
0.0225
0.015
0.0325
0.02
0.01
0.025
0.0125
0.015
0.04
0.0125
0.0125
0.0075
0.0175
0.01
0.005
0.025
0.0025
0.0075
0.0125
0.005
0.01
0.015
0.01
0
0.0225
0
0.025
0
0.0225
0.035
0.0075
0.005
0.0025
0.0025
0
0
0
0.065
0
0
0.0025
0
0
0
0.0075
0.0025
0
0.01
0.0025
0
0.0025
0.005
0.0025
0
0
0
0
0
0.005
0
0
0
0
0
0
0
0.0025
0
0
0
0
0.005
0
0
0.0025
0
0
0
0
0.005
0
0
0.0025
0
0
0.0025
0
0
0
0
0
0
0
0
0
0
0
0.0025
0
0
0.0025
0
0
0
0
0.0025
0
0.0025
0.0025
0.0025
0
0.0025
0
0.0025
0
0.0025
0
0.0025
0
0
0
0
0.0075
0
0
0
0.0025
0
0.0075
0.0025
0
0.0025
0
0.0025
0.0025
0
0.0075
0
0
0
0
0.0025
0.005
0
0
0.0025
0.0025
0
0
0
0
0.0025
0
0
0
0
0
0
0
0
0
0
0
0
0
0
0
0
0
0
0
0
0
0.0025
0
0
0
0
0.0025
0
0
0
0
0
0
0
0
0
0
0
0
0
0
0
0
0
0
0
0
0
0
0
0
0
0
0
0
0
0
0
0
0
0
0
0
0
0
0
0
0
0
0
0
0
0
0.0025
0
0
0.005
0
0.005
0
0.005
0
0
0
0.0025
0
0.005
0
0.005
0.0075
0.0075
0.0025
0.0125
0.01
0.0125
0.01
0
0.08