0.00921053
0.0440789
0.0526316
0.0828947
0.0526316
0.0361842
0.0236842
0.0203947
0.0111842
0.00921053
0.00460526
0.00460526
0.00460526
0.00657895
0.0105263
0.00394737
0.00723684
0.00789474
0.00921053
0.00657895
0.00855263
0.0151316
0.00131579
0.00394737
0.00723684
0.00328947
0.00460526
0.00328947
0.00592105
0.00131579
0.00394737
0
0.00394737
0.00263158
0.00526316
0.00197368
0.000657895
0.00131579
0.00131579
0.000657895
0
0.000657895
0
0.00855263
0
0
0.00197368
0.000657895
0
0
0.00131579
0.00197368
0
0
0
0
0
0
0.000657895
0
0.00131579
0
0
0
0.000657895
0
0.000657895
0
0
0
0
0.00131579
0
0
0.000657895
0.000657895
0
0
0
0
0
0
0
0
0
0.00197368
0
0
0
0
0
0
0
0
0
0
0
0
0
0.000657895
0
0
0
0
0
0
0.00263158
0
0
0.000657895
0
0.000657895
0.000657895
0.000657895
0
0.000657895
0
0.000657895
0.000657895
0.000657895
0
0
0
0.000657895
0
0
0.000657895
0
0.00460526
0
0.00131579
0.000657895
0
0.000657895
0.00197368
0
0.000657895
0.000657895
0.000657895
0.00131579
0.000657895
0.000657895
0.000657895
0.00328947
0.000657895
0.00197368
0.000657895
0.00328947
0.00263158
0.00657895
0.00263158
0.00526316
0.00921053
0.00986842
0.00855263
0.00986842
0.00592105
0.00131579
0.00263158
0.00460526
0.00263158
0.00263158
0.00394737
0.00197368
0.00657895
0.00394737
0.00394737
0.00131579
0.00460526
0
0.0164474
0
0.00197368
0.000657895
0.00328947
0.00131579
0.00394737
0.000657895
0.00131579
0.00328947
0.00131579
0.00526316
0.00394737
0
0.00526316
0.00131579
0.000657895
0.00197368
0.00263158
0.00526316
0
0.00328947
0
0.00131579
0.00526316
0.000657895
0.00460526
0.00263158
0.00197368
0.00197368
0.000657895
0.000657895
0.00263158
0.000657895
0.000657895
0.00328947
0.00526316
0
0.00131579
0.00197368
0.000657895
0
0
0.0125
0
0.000657895
0.000657895
0
0.00131579
0.00131579
0.00394737
0.00328947
0.00328947
0.00328947
0.00197368
0.00394737
0.000657895
0.00263158
0.00131579
0.00197368
0.00328947
0.00460526
0.00197368
0.00328947
0.00657895
0.00328947
0.00263158
0.00263158
0.00657895
0.00394737
0.00592105
0.00789474
0.00526316
0.00394737
0.00592105
0.00394737
0.00263158
0.00592105
0.00460526
0.00986842
0.0105263
0.0131579
0.0131579
0.0184211
0.0223684
0.0427632