0.00434848
0.0137952
0.0557055
0.112686
0.0273654
0.0245914
0.0210676
0.0182936
0.0164942
0.0150697
0.0091468
0.0100465
0.00644774
0.00644774
0.00847203
0.00614785
0.00719748
0.00779727
0.0077223
0.00524816
0.00442345
0.0135703
0.00322387
0.00442345
0.0045734
0.00269906
0.00442345
0.00382366
0.00899685
0.00164942
0.00539811
0.00239916
0.00667266
0.00292398
0.00667266
0.00749738
0.00682261
0.00374869
0.00652272
0.00389864
0.00202429
7.49738e-005
0
0.0679262
7.49738e-005
0.000749738
0.00337382
0.00524816
0.00389864
0.0059979
0.00757235
0.00659769
0.00269906
0.0077223
0.00112461
0.00442345
0.000149948
0.00974659
0.00224921
0
0.00449843
0.00397361
0.000374869
0
0.00877193
0.000149948
0.000749738
0.00104963
0.00262408
0.000674764
0.000374869
0.0042735
7.49738e-005
0.000224921
0.00134953
7.49738e-005
0.000149948
0.000974659
0.000899685
0.000449843
0.000524816
0
0
0
0
0.00509822
0
0
7.49738e-005
0
0.000224921
0.000374869
0.000524816
0
0.000449843
0
0.000449843
0.000374869
0
0.00112461
0.000224921
0.000224921
0.000524816
0.000224921
0.000299895
7.49738e-005
0.00269906
0
0.000224921
0.000524816
0.000449843
0.000674764
0.000524816
0.00112461
0.000149948
0.000524816
7.49738e-005
0.000824711
0.000374869
0.000899685
0.000824711
0.000749738
0.000449843
0.000749738
0.00127455
0.00059979
7.49738e-005
0
0.0131204
7.49738e-005
0.000824711
0.00179937
0.00157445
0.0014245
0.00194932
0.00262408
0.00262408
0.00164942
0.00397361
0.00217424
0.0042735
0.00322387
0.00862198
0.00757235
0.00547308
0.011546
0.00922177
0.00539811
0.00382366
0.0121457
0.00299895
0.00382366
0.00329885
0.00374869
0.00217424
0.00179937
0.00622282
0.00149948
0.00202429
0.00374869
0
0.000974659
0.00239916
0.00179937
0.000749738
0.000974659
0.000224921
0.000224921
0.000224921
7.49738e-005
0.0206928
7.49738e-005
7.49738e-005
7.49738e-005
0.000449843
0.000749738
0.000974659
0.00217424
0.000224921
0.00262408
0.000149948
0.00344879
0.000749738
0.000374869
0.00292398
0.000224921
0.000674764
0.00194932
0.00112461
0.000224921
0.000149948
0.00697256
0
0.000224921
0.000524816
0
0.00104963
0.000374869
0.00389864
7.49738e-005
0.000824711
7.49738e-005
0.00149948
7.49738e-005
0.00112461
0.000974659
0.000224921
0.000149948
0.000449843
0.000224921
7.49738e-005
0
0
0.00697256
0
7.49738e-005
7.49738e-005
0.000524816
0.000224921
0.000449843
0.000674764
0.00127455
0.000524816
0.00239916
0.00059979
0.000899685
0.000149948
0.00292398
0.00164942
0.000299895
0.00187434
0.000824711
0.000899685
0.000674764
0.00502324
0.000899685
0.00149948
0.0014245
0.00187434
0.00104963
0.00104963
0.00404858
0.00104963
0.00239916
0.00359874
0.00134953
0.00217424
0.00269906
0.0031489
0.00277403
0.0045734
0.0042735
0.00532314
0.00712251
0.00974659
0.0294647