0
0.00367232
0.00536723
0.00536723
0.00706215
0.0129943
0.030791
0.0381356
0.0392655
0.0559322
0.0327684
0.0200565
0.0135593
0.0118644
0.0115819
0.00988701
0.0079096
0.0110169
0.00960452
0.0079096
0.00734463
0.0112994
0.00225989
0.00621469
0.00367232
0.00536723
0.00677966
0.00282486
0.00819209
0.0019774
0.00508475
0.00310734
0.00225989
0.00254237
0.0019774
0.00508475
0.000564972
0.00112994
0.000847458
0.00225989
0.00225989
0.000282486
0
0.0276836
0
0
0.00169492
0
0.000564972
0.000564972
0.000847458
0.000282486
0.000282486
0.00225989
0.000282486
0.000847458
0
0.00621469
0.000282486
0
0.000847458
0
0
0
0.00819209
0
0.000282486
0
0.000564972
0.000282486
0
0.00112994
0
0
0.00141243
0
0
0.000564972
0.000282486
0
0.000564972
0
0
0
0
0.0107345
0
0
0
0.000564972
0
0
0.000282486
0
0.000282486
0
0.00169492
0
0.000282486
0.0019774
0
0
0.000282486
0
0
0.000282486
0.00564972
0
0.000282486
0.000282486
0
0
0
0.0039548
0
0.000282486
0.000282486
0.00310734
0.000282486
0.00169492
0.000282486
0
0
0.000564972
0.000847458
0.000564972
0.000564972
0
0.0519774
0.000847458
0.00112994
0.00225989
0.00282486
0.00451977
0.00480226
0.00451977
0.00423729
0.00225989
0.00677966
0.00423729
0.00564972
0.00508475
0.00847458
0.00480226
0.00282486
0.00960452
0.0079096
0.0059322
0.00423729
0.0175141
0.00621469
0.00621469
0.00932203
0.0101695
0.00649717
0.00677966
0.0112994
0.00706215
0.00960452
0.00875706
0.00423729
0.0039548
0.00649717
0.0039548
0.00451977
0.00367232
0.00254237
0.00254237
0.000282486
0.000282486
0.0225989
0.000564972
0.000564972
0.0019774
0.000282486
0.0019774
0.00112994
0.000847458
0.00112994
0.0019774
0.000847458
0.00169492
0.00169492
0.000282486
0.0019774
0.000847458
0.000282486
0.00254237
0.000564972
0.000564972
0
0.00310734
0
0.000282486
0.00112994
0
0.000282486
0.000847458
0.00141243
0
0
0
0.000564972
0.000282486
0.000564972
0.000564972
0
0
0.000564972
0
0.000282486
0
0
0.00706215
0
0.000282486
0
0.000564972
0.000282486
0.000282486
0.000564972
0.000564972
0.000282486
0.00169492
0.000564972
0.000564972
0.000282486
0.00169492
0.00112994
0.000564972
0.00112994
0.000282486
0.000282486
0
0.00282486
0
0.00112994
0.000847458
0.000564972
0.000564972
0.000282486
0.00367232
0.00112994
0.00112994
0.00225989
0.000847458
0.000564972
0.00310734
0.00169492
0.00310734
0.00282486
0.00310734
0.00508475
0.00169492
0.0019774
0.10339