0.000751174
0.0283568
0.106479
0.050892
0.0191549
0.0138967
0.00995305
0.00920188
0.00751174
0.00713615
0.00507042
0.00319249
0.00356808
0.00187793
0.00262911
0.0028169
0.00338028
0.00338028
0.00319249
0.00338028
0.00206573
0.00225352
0.00131455
0.00169014
0.00150235
0.000938967
0.00150235
0.00244131
0.00338028
0.00187793
0.00169014
0.00169014
0.000938967
0.00206573
0.00169014
0.00262911
0.000938967
0.00169014
0.00225352
0.00150235
0.00225352
0.00187793
0
0.101221
0.00112676
0.000375587
0.00056338
0.000751174
0.000375587
0.00056338
0.000751174
0.00056338
0.00131455
0.00169014
0.000751174
0.000938967
0.000375587
0.000938967
0.000187793
0.00056338
0.00131455
0.000938967
0.000751174
0.000375587
0.000938967
0.000375587
0
0.00056338
0.000375587
0.00056338
0
0.000751174
0.00056338
0.000375587
0.00056338
0
0
0.00056338
0.000375587
0.000375587
0
0.000375587
0
0
0
0.000938967
0
0.000187793
0.000187793
0.000187793
0.000375587
0
0.000187793
0
0
0
0.000375587
0
0
0.00112676
0.000375587
0
0.000187793
0.000375587
0
0.000375587
0.00150235
0.000187793
0
0.00056338
0
0.000375587
0.000375587
0.000751174
0
0.000751174
0.000751174
0.00131455
0.000375587
0.00056338
0.000751174
0.00112676
0.000375587
0
0.00056338
0.000375587
0.000187793
0
0.00826291
0.00131455
0.00300469
0.00356808
0.00507042
0.0084507
0.00995305
0.0125822
0.018216
0.0219718
0.0184038
0.0131455
0.0174648
0.016338
0.01277
0.0114554
0.00995305
0.00920188
0.011831
0.00957747
0.00788732
0.0107042
0.00676056
0.00525822
0.00319249
0.0028169
0.00300469
0.00300469
0.00338028
0.00206573
0.00244131
0.00131455
0.000751174
0.00056338
0.00225352
0.00169014
0.00131455
0.00131455
0.000751174
0.000187793
0.000751174
0.000187793
0.00375587
0
0.00056338
0.000375587
0.00056338
0.000751174
0.00112676
0.000938967
0.000751174
0.000375587
0.00056338
0.00244131
0.000375587
0.000938967
0.00112676
0.000187793
0.000751174
0.000187793
0.00112676
0.000375587
0.000751174
0.00131455
0.000375587
0.00131455
0.00056338
0.000375587
0.000751174
0.000375587
0.000938967
0.000751174
0.000187793
0.000938967
0.00112676
0.000751174
0.00056338
0.000938967
0.000938967
0.000375587
0.00112676
0.000375587
0
0.00056338
0
0.00469484
0.000375587
0.000375587
0.000938967
0.000751174
0.000751174
0.000938967
0.00206573
0.00056338
0.000751174
0.000938967
0.00056338
0.000751174
0.00056338
0.00112676
0.00112676
0
0.000938967
0.00169014
0.00056338
0.00056338
0.00131455
0.00169014
0.000938967
0.000938967
0.00187793
0.00112676
0.00187793
0.00169014
0.00150235
0.00225352
0.0028169
0.00150235
0.00338028
0.00450704
0.0058216
0.00394366
0.00431925
0.00413146
0.00450704
0.0056338
0.00544601
0.135962