0.00887574
0.0502959
0.0517751
0.0488166
0.0399408
0.0266272
0.0192308
0.0147929
0.0147929
0.0177515
0.0192308
0.00887574
0.0118343
0.00147929
0.010355
0.00887574
0
0.00443787
0.00443787
0.00147929
0.00591716
0.00591716
0.00147929
0.00147929
0.00295858
0.00443787
0.00295858
0.00295858
0.00887574
0.00147929
0.00147929
0
0.00295858
0
0.00147929
0.00443787
0
0.00147929
0
0.00147929
0
0
0
0.00295858
0
0.00147929
0
0.00147929
0
0
0
0
0.00147929
0.00147929
0
0
0.00147929
0.00295858
0
0
0
0.00147929
0
0
0.00147929
0
0
0
0
0
0
0
0
0
0
0
0
0
0
0.00147929
0
0
0
0
0
0
0
0.00147929
0
0
0.00147929
0
0
0
0
0.00147929
0.00147929
0
0
0
0
0.00147929
0
0
0
0
0
0
0.00147929
0.00147929
0
0
0.00147929
0
0
0
0
0.00147929
0
0
0
0
0
0
0
0.00147929
0
0
0.00295858
0
0
0.00147929
0
0.00147929
0.00295858
0
0
0
0.00295858
0
0.00147929
0
0.00295858
0.00295858
0
0.00147929
0.00295858
0
0
0.00443787
0
0.00295858
0.00443787
0.00591716
0.00591716
0.00591716
0.00295858
0.00443787
0.00443787
0.00295858
0.00591716
0.00295858
0.00591716
0
0.00295858
0.00887574
0.00443787
0.00591716
0.00295858
0
0.00443787
0
0.00147929
0.00443787
0.00147929
0.00147929
0.00443787
0.00591716
0.00147929
0.00443787
0.00147929
0.00887574
0.00591716
0.010355
0.00295858
0.00147929
0.00147929
0.00295858
0.00147929
0
0.00443787
0.00295858
0
0.00443787
0.00443787
0.00443787
0.00887574
0.00591716
0.00443787
0
0.00147929
0.00443787
0
0.00147929
0.00295858
0.00147929
0.00295858
0
0.00147929
0
0.00295858
0
0
0.0162722
0
0
0.00147929
0.00147929
0.00295858
0.00295858
0.00295858
0.00443787
0.00295858
0.00147929
0.00295858
0.00295858
0.00147929
0.00295858
0.00591716
0
0.00443787
0.00443787
0.00443787
0.00295858
0.0133136
0.00591716
0.00443787
0.00739645
0.00443787
0.00295858
0
0.00591716
0.00443787
0.00591716
0.00591716
0
0.00147929
0.00443787
0.010355
0.00739645
0.0133136
0.0266272
0.0266272
0.0251479
0.0192308
0.0532544