0
0.0641026
0.0569801
0.0868946
0.0811966
0.0612536
0.0612536
0.0669516
0.0612536
0.0669516
0.0384615
0.0242165
0.0156695
0.019943
0.014245
0.017094
0.00854701
0.00569801
0.00997151
0.00569801
0.00569801
0.002849
0.0014245
0.0042735
0.002849
0.002849
0.002849
0.002849
0.0042735
0.002849
0.0014245
0
0.002849
0.0014245
0
0
0
0.0014245
0
0.0014245
0
0
0
0
0
0
0.0014245
0
0
0
0
0
0
0.0014245
0
0
0
0
0
0
0.0014245
0
0
0
0.0014245
0
0
0.0014245
0
0
0
0.0014245
0
0
0.0014245
0
0
0.0014245
0
0
0
0
0
0
0
0.0014245
0
0
0.0014245
0
0
0
0.0014245
0
0
0
0
0
0
0
0
0
0
0.0014245
0
0
0.0014245
0
0
0
0.0014245
0
0
0.0014245
0
0
0.002849
0.0042735
0
0.0014245
0.002849
0.00569801
0.0014245
0.0042735
0
0
0.0014245
0
0
0.0014245
0
0
0
0
0
0
0
0
0
0.0014245
0
0
0
0
0
0
0
0
0
0.0014245
0
0
0
0
0
0
0
0
0
0
0
0
0
0
0
0
0
0
0
0
0
0
0
0
0
0
0
0
0
0
0
0
0
0
0
0
0
0
0
0
0
0
0
0
0
0
0
0
0
0
0
0
0
0
0
0
0
0.0014245
0
0
0
0
0
0.0014245
0
0
0
0
0
0
0
0
0
0
0
0
0
0
0
0
0.0014245
0
0
0
0
0
0
0.0014245
0.0014245
0.0014245
0
0
0.0014245
0.0042735
0.002849
0.002849
0.002849
0.0042735
0.00569801
0.00997151
0.00854701
0.0128205
0.011396
0.0156695
0.00997151
0.0413105