0
0.000232288
0.00127758
0.00360046
0.00429733
0.00336818
0.00662021
0.00801394
0.00592334
0.00963995
0.00406504
0.0108014
0.00743322
0.0097561
0.0114983
0.00673635
0.00650406
0.00778165
0.00778165
0.00696864
0.00429733
0.0175377
0.00232288
0.00522648
0.00603949
0.00278746
0.00662021
0.00522648
0.0087108
0.00336818
0.0047619
0.00418118
0.00638792
0.00336818
0.00487805
0.0047619
0.00452962
0.00336818
0.00638792
0.00487805
0.00313589
0.00127758
0
0.0455285
0.0010453
0.00301974
0.00511034
0.00406504
0.00452962
0.00348432
0.0058072
0.0039489
0.00336818
0.0058072
0.00174216
0.00348432
0.00058072
0.00650406
0.00325203
0.00058072
0.00255517
0.0018583
0.000696864
0.000232288
0.00499419
0.000232288
0.000929152
0.000929152
0.000813008
0.000464576
0.000116144
0.00267131
0.000464576
0.00058072
0.00139373
0
0.000464576
0.000813008
0.000116144
0.000464576
0.000232288
0.000232288
0.000116144
0
0
0.00766551
0
0
0.000116144
0.000232288
0.000116144
0.000116144
0.000464576
0.000116144
0.000929152
0
0.000696864
0.000232288
0.000232288
0.0010453
0
0.000232288
0.000696864
0.000232288
0.000348432
0.000116144
0.00336818
0.000232288
0.000116144
0.000232288
0.000116144
0.000813008
0.000232288
0.000929152
0.000116144
0.000464576
0.000348432
0.000813008
0.000464576
0.000696864
0.000232288
0.000348432
0.000696864
0.000348432
0.000464576
0.000116144
0.000116144
0
0.0134727
0.000232288
0.000348432
0.000929152
0.00150987
0.00116144
0.00209059
0.00127758
0.00150987
0.0010453
0.000929152
0.0010453
0.00127758
0.00116144
0.00301974
0.00371661
0.00232288
0.00464576
0.00313589
0.00267131
0.00383275
0.0101045
0.00638792
0.00696864
0.011266
0.0140534
0.0939605
0.206272
0.05482
0.00522648
0.00499419
0.00429733
0.00348432
0.00371661
0.00441347
0.00255517
0.00325203
0.00220674
0.00255517
0.000929152
0.00162602
0.00058072
0.014518
0.000348432
0.000813008
0.000929152
0.000464576
0.00058072
0.0010453
0.000813008
0.0010453
0.00116144
0.000348432
0.0010453
0.000813008
0.00116144
0.00116144
0.000929152
0.000696864
0.000813008
0.0010453
0.000813008
0.000348432
0.00360046
0
0.000696864
0.000813008
0.000232288
0.000696864
0.000464576
0.00139373
0.000232288
0.000929152
0.000813008
0.000232288
0.000464576
0.00058072
0.000464576
0.000348432
0.000116144
0.00058072
0.00058072
0.000348432
0.000232288
0
0.00511034
0
0.000232288
0.000232288
0
0.00058072
0.000813008
0.00162602
0.00058072
0.000464576
0.0010453
0.000348432
0.00139373
0.000696864
0.00150987
0.000813008
0
0.00116144
0.00058072
0.000348432
0.000116144
0.00267131
0.000348432
0.000696864
0.000813008
0.00116144
0.00058072
0.000464576
0.00243902
0.000464576
0.00197445
0.00267131
0.00058072
0.000232288
0.0018583
0.00209059
0.00162602
0.00139373
0.0018583
0.00162602
0.000813008
0.000348432
0.031475