0
0.000702001
0.001053
0.0036855
0.0026325
0.003861
0.004563
0.0047385
0.0047385
0.00842401
0.003159
0.010179
0.0114075
0.014391
0.014391
0.0128115
0.0145665
0.017199
0.017199
0.01404
0.012987
0.0177255
0.00508951
0.0117585
0.00877501
0.00544051
0.00631801
0.00684451
0.00526501
0.002808
0.003861
0.003861
0.00561601
0.001755
0.00351
0.0026325
0.0015795
0.000702001
0.0015795
0.001053
0.000702001
0.000351
0
0.0135135
0.000702001
0.000877501
0.0001755
0
0.000526501
0.000351
0.000702001
0.000526501
0.0001755
0.000702001
0.0001755
0.0001755
0
0.000351
0.000351
0
0.000351
0.0001755
0.000526501
0
0.001404
0.0001755
0.000526501
0.0001755
0
0
0.0001755
0.000877501
0
0
0.0001755
0.000351
0.0001755
0.0001755
0.000351
0.0001755
0
0
0
0
0
0.0029835
0
0
0
0
0.000351
0
0.000351
0.0001755
0.000351
0.000351
0.000351
0.0001755
0.0001755
0.001053
0
0.0001755
0.000877501
0
0
0
0.0019305
0
0
0
0.000351
0.0001755
0.000351
0.0001755
0
0.000526501
0
0.0001755
0.000526501
0.000526501
0
0.0001755
0
0.0001755
0.0001755
0.000526501
0.000351
0
0.00930151
0.000526501
0.000526501
0
0.0001755
0.000877501
0.0012285
0.0015795
0.001404
0.000351
0.0019305
0.0012285
0.001755
0.0012285
0.0036855
0.004212
0.001053
0.0043875
0.0047385
0.0043875
0.003159
0.014391
0.00596701
0.00895051
0.0110565
0.0198315
0.0177255
0.035802
0.0914356
0.0652861
0.115304
0.048087
0.0142155
0.00947701
0.015093
0.011232
0.00719551
0.00807301
0.004914
0.0026325
0.001053
0.000351
0.0328185
0
0
0.000526501
0.000877501
0.0036855
0.0026325
0.0040365
0.000351
0.0026325
0.0001755
0.0026325
0.001755
0.0001755
0.002808
0.000351
0.001053
0.0019305
0.000351
0.000351
0
0.004914
0
0.000702001
0.000877501
0
0.001755
0.0012285
0.0026325
0
0.000877501
0.0001755
0.0022815
0.0001755
0.000526501
0.000702001
0.000702001
0.000351
0
0
0
0
0
0.00737101
0
0
0.000351
0.0001755
0.000351
0.0001755
0.000526501
0.0001755
0.0001755
0.000351
0.000351
0.000702001
0
0.00351
0
0
0.000351
0
0
0
0.00561601
0
0.000351
0.000351
0.0015795
0
0.0001755
0.004212
0.0001755
0.000351
0.002808
0
0.000351
0.001053
0.0012285
0.0012285
0.000702001
0.0012285
0.001053
0.001053
0.0012285
0.0152685