0
0
0.000711238
0
0.000711238
0.000711238
0
0.000711238
0.00142248
0
0
0.000711238
0.000711238
0
0.00142248
0
0
0.000711238
0.00142248
0
0.000711238
0.00142248
0.000711238
0
0
0
0.000711238
0.00142248
0.00213371
0.000711238
0.00213371
0
0
0.000711238
0
0.000711238
0
0.000711238
0.000711238
0
0
0
0
0.00426743
0
0
0
0.000711238
0
0
0.00142248
0
0
0.000711238
0
0
0.000711238
0.000711238
0
0
0
0
0
0
0
0
0
0
0
0
0
0
0
0
0
0
0
0
0
0
0
0
0
0
0
0.00142248
0
0
0
0
0
0
0
0
0
0
0
0
0
0.000711238
0
0
0
0
0.000711238
0
0
0
0
0
0
0
0
0
0
0.000711238
0
0
0
0
0.000711238
0.000711238
0
0
0.000711238
0
0
0
0.012091
0
0
0.00142248
0.00142248
0.000711238
0
0.00355619
0.000711238
0.00142248
0.00284495
0.00355619
0.00142248
0.000711238
0.00355619
0.00355619
0.00284495
0.00711238
0.00782361
0.00853485
0.00497866
0.0170697
0.0177809
0.0284495
0.0348506
0.0405405
0.0533428
0.0931721
0.083926
0.0889047
0.0953058
0.0753912
0.0348506
0.0241821
0.0248933
0.0184922
0.0113798
0.00924609
0.0106686
0.00853485
0.00853485
0
0.0263158
0
0.00284495
0.00284495
0.000711238
0.00497866
0.000711238
0.00284495
0.00142248
0.0056899
0.000711238
0.00355619
0.00142248
0.00142248
0.00142248
0
0.000711238
0.00284495
0.000711238
0
0.000711238
0.00497866
0
0.000711238
0.000711238
0
0
0
0.00355619
0
0.000711238
0
0
0.000711238
0.00284495
0
0
0
0.000711238
0
0
0
0
0.00640114
0
0
0.000711238
0
0
0.000711238
0
0.000711238
0
0.00284495
0
0
0
0.000711238
0
0
0.000711238
0.00142248
0.000711238
0
0.00213371
0
0
0.000711238
0.00213371
0.00213371
0
0.00142248
0.000711238
0.000711238
0.00426743
0.000711238
0.000711238
0.000711238
0.000711238
0
0.00142248
0
0
0
0
0.0056899