0
0.000263435
0.00210748
0.00316122
0.00342466
0.00316122
0.0052687
0.00553214
0.00421496
0.00948367
0.00737619
0.0100105
0.00737619
0.00553214
0.00474183
0.00289779
0.00237092
0.00184405
0.00316122
0.00368809
0.00263435
0.00763962
0.00237092
0.00342466
0.00316122
0.00289779
0.00395153
0.00605901
0.00790306
0.00474183
0.00658588
0.00684932
0.00816649
0.0129083
0.00790306
0.0105374
0.00816649
0.00658588
0.0123815
0.00711275
0.00737619
0.00421496
0
0.0421496
0.00421496
0.00605901
0.00421496
0.00474183
0.0044784
0.0044784
0.00684932
0.00395153
0.00316122
0.00184405
0.00210748
0.00342466
0.000790306
0.00474183
0.00184405
0.000790306
0.00184405
0.00210748
0.000790306
0
0.00368809
0.00052687
0.000790306
0.00158061
0.00105374
0
0.00052687
0.00210748
0
0.00105374
0.000790306
0
0.000263435
0.000263435
0.000263435
0.000790306
0
0.000263435
0
0
0
0.00632244
0
0
0
0.000263435
0.00052687
0.000263435
0.000263435
0
0.00052687
0
0.00105374
0
0
0.00052687
0.00052687
0.000263435
0
0.000263435
0
0
0.00210748
0
0
0
0
0
0.00052687
0.00263435
0
0.000263435
0.00052687
0.00052687
0.000263435
0.00052687
0.00052687
0
0
0
0.00105374
0.000263435
0
0
0.0108008
0
0
0.00052687
0.000263435
0.00052687
0.000263435
0
0.00158061
0.000790306
0.00184405
0.00052687
0.000790306
0.000263435
0.00237092
0.00131718
0.00316122
0.00263435
0.00316122
0.00342466
0.00131718
0.00869336
0.00658588
0.00763962
0.00948367
0.0136986
0.058746
0.204953
0.0824552
0.00658588
0.0052687
0.0097471
0.00553214
0.0044784
0.00368809
0.00421496
0.00342466
0.00342466
0.00289779
0.00158061
0.000790306
0.00210748
0.0231823
0.00105374
0.00210748
0.00289779
0.00316122
0.00210748
0.00052687
0.00184405
0.00052687
0.00158061
0.00184405
0.00184405
0.00184405
0.000790306
0.00289779
0.000263435
0.00105374
0.00105374
0.00131718
0.00184405
0.000790306
0.00316122
0.000263435
0.000263435
0.00105374
0.000263435
0.00105374
0
0.000790306
0.000790306
0.000790306
0.00131718
0.00105374
0
0
0.00052687
0
0.00052687
0.000790306
0.00105374
0
0.000263435
0
0.00553214
0
0.00052687
0.000263435
0.000263435
0.000790306
0.000790306
0.000790306
0.00052687
0.000790306
0.00105374
0.000790306
0.000263435
0.000263435
0.000790306
0.00158061
0.000790306
0.00263435
0.00052687
0.00052687
0.000790306
0.00500527
0.00210748
0.00158061
0.000790306
0.000790306
0.00184405
0.00210748
0.00131718
0.00105374
0.00052687
0.00263435
0.00105374
0.00131718
0.00237092
0.00263435
0.00184405
0.00184405
0.00342466
0.00131718
0.00263435
0.000263435
0.0234457