0
0
0
0.0014245
0.0014245
0.002849
0.00356125
0.00213675
0.00213675
0.0121083
0.000712251
0.0042735
0.00356125
0.0014245
0.00641026
0.0014245
0.00498575
0.002849
0.000712251
0.000712251
0.000712251
0.00356125
0.000712251
0.000712251
0.0042735
0
0.0014245
0.00213675
0.000712251
0.000712251
0.0014245
0
0.0014245
0
0
0
0
0
0
0.000712251
0
0
0
0.0014245
0
0
0
0
0
0
0
0
0
0
0
0
0
0
0
0
0.000712251
0
0
0
0.00213675
0
0
0
0
0
0
0.000712251
0
0
0
0
0
0
0
0
0
0
0
0
0
0
0
0
0
0
0
0
0
0
0
0
0
0.000712251
0
0
0
0
0
0
0
0
0
0
0
0.000712251
0
0
0
0
0
0
0
0
0
0
0
0
0
0
0
0
0
0
0.00213675
0
0
0
0
0.000712251
0.0014245
0.000712251
0.0014245
0
0
0
0.000712251
0
0.000712251
0.000712251
0
0
0.0014245
0.0014245
0
0.000712251
0
0.002849
0.0042735
0.002849
0.0042735
0.00569801
0.00498575
0.00356125
0.00498575
0.014245
0.00997151
0.0206553
0.0185185
0.0512821
0.0384615
0.0762108
0.0477208
0.0619658
0.0548433
0
0.123219
0
0.00213675
0.02849
0.0149573
0.0128205
0.011396
0.00997151
0.00641026
0.0185185
0.000712251
0.00712251
0.00925926
0.00498575
0.0106838
0.0042735
0.00498575
0.00641026
0.002849
0.00569801
0
0.014245
0
0.000712251
0.00569801
0
0.00641026
0.00712251
0.00854701
0
0.00569801
0.0014245
0.00854701
0.0014245
0.00356125
0.002849
0.000712251
0.000712251
0.000712251
0.000712251
0.000712251
0
0
0.019943
0
0
0
0.000712251
0
0.000712251
0.000712251
0.00498575
0
0.00569801
0
0.00356125
0
0.00498575
0
0.000712251
0.00783476
0.00356125
0
0
0.0121083
0
0.0014245
0.002849
0.00498575
0.000712251
0
0.00569801
0
0.0014245
0.00854701
0
0
0.00213675
0.00356125
0.0014245
0.002849
0.0014245
0.000712251
0.00213675
0.000712251
0.0220798