0
0
0
0.00378788
0.00094697
0.00094697
0.00094697
0
0.00094697
0.00284091
0
0
0.00094697
0.00094697
0.00189394
0
0.00094697
0
0.00284091
0
0.00094697
0.00094697
0.00094697
0.00094697
0.00094697
0
0.00189394
0
0.00094697
0
0.00094697
0.00094697
0.00189394
0.00094697
0
0
0
0.00094697
0
0
0
0
0
0.00473485
0
0
0
0
0
0
0
0
0
0.00094697
0
0
0
0
0
0
0
0
0
0
0.00094697
0
0
0
0
0
0
0
0
0
0
0
0
0
0
0
0
0
0
0
0
0
0
0
0
0
0
0
0
0
0
0
0
0
0
0
0
0
0
0
0
0
0.00189394
0
0
0
0
0
0
0.00094697
0
0
0
0.00189394
0
0
0
0
0.00094697
0
0
0.00094697
0
0
0.0255682
0
0
0.00189394
0
0
0.00094697
0.00094697
0.00284091
0.00189394
0.00094697
0.00094697
0.00284091
0.00284091
0.00284091
0.00284091
0
0.00568182
0.00568182
0.0132576
0.00852273
0.0246212
0.0189394
0.0246212
0.0274621
0.0482955
0.0520833
0.0606061
0.0757576
0.0492424
0.0662879
0.0643939
0.03125
0.0331439
0.030303
0.0265152
0.0142045
0.0113636
0.0123106
0.00473485
0.00662879
0
0.0340909
0
0
0.00378788
0.00378788
0.00378788
0.00284091
0.00284091
0.00189394
0.00662879
0
0.00094697
0.00284091
0.00284091
0.00378788
0.00094697
0.00473485
0.00473485
0.00189394
0.00378788
0.00094697
0.00568182
0
0.00094697
0.00284091
0
0.00189394
0.00094697
0.00094697
0.00094697
0.00094697
0
0
0
0
0.00189394
0.00284091
0.00094697
0.00094697
0.00189394
0
0
0
0.00473485
0
0
0.00094697
0
0.00094697
0
0
0
0.00094697
0.00094697
0
0.00094697
0.00094697
0.00284091
0.00094697
0.00094697
0.00094697
0.00189394
0
0
0.00378788
0.00189394
0.00094697
0
0.00473485
0
0.00284091
0.00473485
0.00094697
0.00094697
0.00094697
0.00189394
0.00094697
0.00284091
0.00189394
0.00094697
0.00094697
0.00284091
0.00284091
0.00094697
0.00189394
0.0236742