0
0.000887311
0.00354925
0.0039929
0.00532387
0.00665484
0.00488021
0.00665484
0.0079858
0.0146406
0.00488021
0.00976043
0.0102041
0.00665484
0.011535
0.0119787
0.00754215
0.0137533
0.00532387
0.0119787
0.00354925
0.00931677
0.00221828
0.00266193
0.00443656
0.000887311
0.00177462
0.00310559
0.00665484
0.000443656
0.000887311
0.00133097
0.000887311
0.00177462
0.00266193
0.00133097
0.00221828
0
0
0
0
0.000443656
0
0.0133097
0
0.000443656
0
0.000443656
0
0.000443656
0
0
0.000443656
0.000887311
0.000443656
0.000443656
0.000443656
0.00221828
0.000443656
0
0
0
0
0
0.00177462
0
0.000443656
0
0.000443656
0.000443656
0
0.000443656
0.000443656
0
0
0.000443656
0
0.000443656
0
0
0
0.000443656
0.000443656
0
0
0.00177462
0
0
0
0.000443656
0.000443656
0
0
0
0
0.000443656
0
0
0.000887311
0.00133097
0.000887311
0
0.000887311
0
0
0
0.000887311
0
0
0.000887311
0
0
0
0.00177462
0
0.000443656
0
0
0
0.000887311
0
0.000887311
0.000443656
0.000887311
0.000443656
0.00177462
0.000443656
0.000443656
0.00709849
0.00177462
0.000443656
0.000887311
0.000887311
0.000887311
0.00133097
0.000443656
0.00354925
0.000887311
0.00221828
0.00133097
0.00221828
0.00133097
0.00266193
0.00354925
0.00266193
0.00310559
0.00354925
0.00665484
0.00266193
0.0124224
0.00310559
0.00532387
0.0124224
0.0221828
0.0266193
0.0354925
0.0905058
0.052795
0.0944987
0.0510204
0.0164153
0.0186335
0.0248447
0.0110914
0.0102041
0.012866
0.00488021
0.00488021
0.000887311
0
0.0678793
0
0
0
0.0039929
0.00488021
0.00177462
0.00177462
0.000887311
0.00976043
0.000443656
0.00842946
0.000443656
0
0.0106477
0
0.000443656
0.00221828
0
0.000443656
0
0.0106477
0
0
0.00133097
0
0.00177462
0
0.00310559
0
0.00133097
0
0.000887311
0
0.000887311
0.000443656
0
0
0.000443656
0.000887311
0
0
0
0.0106477
0
0
0.000443656
0.000443656
0
0
0.000443656
0.000887311
0
0.000443656
0.000443656
0
0
0.00133097
0.000887311
0.000443656
0.000887311
0.00133097
0.000443656
0.000443656
0.0039929
0.000443656
0
0
0.00133097
0.000443656
0.00133097
0.00266193
0.000443656
0
0.00221828
0.000887311
0.000887311
0.00177462
0.000443656
0.00177462
0.00266193
0.00177462
0.00177462
0.00266193
0.000887311
0.0173026