0
0.00126263
0.00378788
0.00505051
0.00429293
0.00328283
0.00555556
0.00429293
0.00353535
0.00732323
0.0040404
0.00479798
0.00378788
0.00378788
0.00606061
0.00530303
0.00454545
0.00353535
0.0030303
0.0040404
0.00227273
0.0040404
0.00227273
0.00151515
0.00227273
0.00126263
0.00176768
0.00126263
0.00126263
0.000757576
0.00227273
0.00126263
0.0010101
0.0020202
0.000505051
0.00126263
0.00151515
0.0010101
0.00126263
0.000757576
0.0010101
0.000505051
0.0020202
0.0502525
0
0
0
0.0010101
0.0010101
0.000505051
0
0.000757576
0.000252525
0.0010101
0
0.000252525
0.000505051
0.000505051
0
0.000505051
0.000505051
0.000252525
0
0
0.000252525
0
0.000505051
0.000252525
0.000505051
0
0.000252525
0.000252525
0.000252525
0.000252525
0
0
0.000505051
0.000252525
0.000505051
0
0.000252525
0.000252525
0.000505051
0.000252525
0
0.0010101
0
0
0.000505051
0
0.000252525
0
0
0.000757576
0.000252525
0
0.000757576
0.000252525
0
0.00151515
0.000505051
0
0
0.000252525
0
0.000252525
0.000505051
0.000505051
0
0.000505051
0.000252525
0.000252525
0.000252525
0.00151515
0.0010101
0.0010101
0.000757576
0.000757576
0.000252525
0.00126263
0.000505051
0.000252525
0.000757576
0.000757576
0.0020202
0.0010101
0.000757576
0.000252525
0.0128788
0.0010101
0.000757576
0.00126263
0.000505051
0.0010101
0.00126263
0.00126263
0.00126263
0.000252525
0.0020202
0.0020202
0.00126263
0.00151515
0.00277778
0.0020202
0.00126263
0.00328283
0.0030303
0.00227273
0.0030303
0.00505051
0.00176768
0.00479798
0.00681818
0.00580808
0.00757576
0.00984848
0.0136364
0.0159091
0.0315657
0.0979798
0.0984849
0.0959596
0.064899
0.0176768
0.00732323
0.00530303
0.00479798
0.0020202
0.0020202
0.000252525
0.055303
0
0.00176768
0.00277778
0.0040404
0.0121212
0.0103535
0.00656566
0.00176768
0.00782828
0.00126263
0.00555556
0.010101
0.00227273
0.0108586
0.0010101
0.00252525
0.00252525
0.00454545
0.0030303
0.0010101
0.00833333
0.000505051
0.000757576
0.00252525
0.000757576
0.00176768
0.00176768
0.00176768
0
0.00176768
0.000505051
0.00126263
0.000757576
0.0010101
0.000757576
0.0020202
0.0010101
0.0010101
0.000505051
0.000505051
0.000252525
0
0.00959596
0
0
0.00176768
0.000252525
0.000252525
0.000757576
0.0010101
0.000252525
0.00176768
0.000505051
0.000505051
0.0010101
0.000252525
0.00176768
0.00151515
0.000505051
0.00126263
0.000505051
0
0
0.00227273
0.000505051
0.000757576
0.0010101
0.0010101
0.000505051
0.0010101
0.000757576
0.0010101
0.00176768
0.00176768
0.00126263
0.00126263
0.00151515
0.00227273
0.00252525
0.00151515
0.00176768
0.00227273
0.00126263
0.00126263
0.0247475