0
0.000775194
0.000775194
0.00155039
0.00465116
0.00387597
0.00310078
0
0.00465116
0.00852713
0.00155039
0.00387597
0.00852713
0.00465116
0.00620155
0.00542636
0.00155039
0.00620155
0.00852713
0.00465116
0.00542636
0.00775194
0.00232558
0.00542636
0.00232558
0.00542636
0.00387597
0.00775194
0.00620155
0.00620155
0.00542636
0.00852713
0.00775194
0.00620155
0.0100775
0.00620155
0.00620155
0.00232558
0.00775194
0.00542636
0.00852713
0.00542636
0
0.0224806
0.00852713
0.00387597
0.00465116
0.00542636
0.00232558
0.00697674
0.00387597
0.00387597
0.00542636
0.00852713
0.00387597
0.00232558
0.00155039
0.00620155
0.00387597
0.00232558
0.00310078
0.00155039
0.00387597
0
0.00775194
0.000775194
0.000775194
0.000775194
0.00310078
0.000775194
0.00155039
0.00232558
0.00155039
0
0.00232558
0
0
0.00155039
0.00310078
0
0
0.000775194
0.000775194
0
0
0.00620155
0
0
0.000775194
0.000775194
0.00155039
0
0.000775194
0
0.000775194
0
0.00155039
0
0.000775194
0.00542636
0.000775194
0
0
0.000775194
0
0
0.00232558
0
0
0.00155039
0.000775194
0.000775194
0
0.00232558
0.00155039
0.000775194
0.000775194
0.00387597
0.000775194
0.00310078
0.000775194
0.000775194
0
0
0
0.000775194
0
0
0.00542636
0
0.00232558
0.00155039
0.000775194
0.000775194
0.000775194
0
0.00387597
0.000775194
0
0.000775194
0.00155039
0.000775194
0.000775194
0.00310078
0.00155039
0.00310078
0.00542636
0.00465116
0.00465116
0.0147287
0.00697674
0.00852713
0.0139535
0.0209302
0.0875969
0.172093
0.0286822
0.0100775
0.00852713
0.00697674
0.00697674
0.0162791
0.0131783
0.0100775
0.00697674
0.00620155
0.00465116
0.00465116
0.00310078
0.00155039
0.00697674
0.000775194
0.00387597
0.00310078
0.00310078
0.00310078
0
0.000775194
0.00232558
0.00155039
0.000775194
0.00232558
0.000775194
0.000775194
0
0.00232558
0.00310078
0.000775194
0
0.000775194
0.00310078
0.00155039
0.000775194
0
0
0
0.000775194
0
0.000775194
0
0
0.000775194
0.000775194
0.000775194
0.000775194
0.000775194
0.00155039
0.000775194
0.000775194
0
0
0
0
0.00232558
0
0
0
0.00232558
0
0
0.00465116
0.000775194
0.00310078
0.00155039
0.000775194
0
0.00310078
0
0.000775194
0.000775194
0.000775194
0.00232558
0.00155039
0.00155039
0.00620155
0
0.00232558
0.000775194
0.00387597
0.00232558
0.00232558
0.00155039
0.000775194
0.000775194
0
0.000775194
0
0.00155039
0.00155039
0.000775194
0
0.00155039
0.000775194
0.00232558
0
0.0116279