0
0
0.00119048
0
0
0
0.00119048
0
0.00119048
0.00119048
0
0.00119048
0
0.00119048
0
0
0
0
0.00119048
0
0
0
0
0
0.00119048
0
0
0
0
0
0
0.00119048
0
0
0
0
0
0
0.00238095
0.00119048
0.00119048
0
0
0.00238095
0
0
0
0.00119048
0
0.00119048
0
0
0
0
0
0
0
0
0
0
0.00119048
0
0
0
0
0
0
0
0
0
0
0
0.00119048
0
0
0
0
0
0
0
0
0
0
0
0
0
0
0
0
0
0
0
0
0
0
0
0.00119048
0
0
0
0
0
0
0
0
0
0
0
0
0
0
0
0
0
0
0
0.00119048
0
0
0
0
0
0
0
0
0
0
0
0.00238095
0
0
0
0
0
0
0
0
0
0
0
0.00238095
0
0
0
0
0.00119048
0.00238095
0.00119048
0.00238095
0.00357143
0.0047619
0.00952381
0.0166667
0.00833333
0.027381
0.0369048
0.0595238
0.077381
0.117857
0.129762
0.0726191
0.0809524
0.0619048
0.0369048
0.0202381
0.0154762
0.0166667
0.00238095
0.0154762
0
0.0214286
0.00119048
0.00833333
0.00595238
0.00714286
0.0047619
0.00238095
0.00119048
0.00238095
0.0047619
0.00119048
0.00238095
0.00238095
0.00119048
0.00357143
0.00238095
0.00119048
0.00357143
0.00119048
0.00119048
0.00119048
0.00119048
0
0.00119048
0.00238095
0
0.00119048
0
0.00238095
0
0
0.00119048
0.00238095
0.00119048
0
0.0047619
0.00119048
0.00119048
0.00119048
0.00119048
0.00119048
0
0
0
0
0
0.00238095
0
0
0.00119048
0.00119048
0.00119048
0.00357143
0.00238095
0
0.00119048
0
0.00238095
0.00119048
0
0.00119048
0
0.00119048
0.00119048
0.00119048
0.00238095
0
0
0
0.00238095
0.00119048
0.00119048
0
0
0
0
0.00238095
0
0.00119048
0
0
0
0.00119048
0
0.00119048
0.00952381