0
0.000366569
0.0047654
0.00256598
0.00293255
0.00293255
0.00293255
0.00219941
0.0047654
0.00769795
0.0047654
0.00659824
0.0047654
0.00623167
0.00953079
0.00183284
0.00329912
0.0058651
0.00293255
0.00256598
0.00219941
0.0131965
0.00293255
0.00219941
0.0047654
0.00183284
0.0047654
0.00219941
0.0106305
0.00623167
0.00879765
0.00549853
0.00769795
0.00513197
0.00696481
0.00733138
0.00953079
0.00696481
0.00806452
0.00329912
0.0047654
0.00293255
0
0.0333578
0.00219941
0.00366569
0.00513197
0.00513197
0.00146628
0.00293255
0.00439883
0.0047654
0.00256598
0.00256598
0.00219941
0.00366569
0.00219941
0.00403226
0.00219941
0.00183284
0.0047654
0.00219941
0.00366569
0.000366569
0.00329912
0.00183284
0.00183284
0.00146628
0.00146628
0.00109971
0.000733138
0.00329912
0.000366569
0.00256598
0.00109971
0.000733138
0.00146628
0.000366569
0.00146628
0
0.00256598
0.000733138
0
0.000366569
0
0.00513197
0
0.000366569
0.000366569
0.00109971
0
0.000366569
0.000733138
0
0.000366569
0.000733138
0.00109971
0.000733138
0
0.00256598
0.000733138
0
0.000733138
0.000733138
0.000366569
0.000733138
0.00293255
0
0.000733138
0
0.000733138
0.000733138
0.000733138
0.00146628
0.000366569
0.000366569
0
0.00109971
0.000366569
0.000366569
0.00109971
0
0.000366569
0
0.000366569
0
0
0
0.00843109
0
0.00109971
0
0
0.000366569
0.000733138
0.000366569
0.000733138
0.000366569
0.00183284
0.000733138
0.000366569
0
0.00256598
0.00109971
0
0.00256598
0.00183284
0.00403226
0.00366569
0.00696481
0.00329912
0.00843109
0.0102639
0.0172287
0.0436217
0.179619
0.115836
0.0179619
0.00696481
0.00806452
0.00806452
0.00733138
0.00843109
0.0047654
0.00329912
0.00366569
0.0047654
0.00183284
0.00183284
0.00293255
0.0190616
0.00146628
0.00293255
0.00183284
0.00219941
0.00183284
0.00183284
0.00183284
0.000733138
0.00219941
0.000366569
0.00109971
0.00109971
0.00146628
0.00293255
0.000733138
0
0.00109971
0.000733138
0.000733138
0.00183284
0.00183284
0.000733138
0.000733138
0.000733138
0.000366569
0.00109971
0.000733138
0.000733138
0.000733138
0.000366569
0.00146628
0.00109971
0
0
0.00109971
0
0.000366569
0.000733138
0.00109971
0.000733138
0
0
0.00733138
0
0.000366569
0.000366569
0.000733138
0
0.00109971
0.000733138
0.00146628
0.000733138
0.00109971
0.000366569
0.00219941
0.00219941
0.00109971
0.00109971
0.00109971
0.00183284
0.00109971
0
0.000733138
0.00256598
0.000366569
0.00146628
0.000366569
0.00109971
0.00146628
0.00183284
0.00146628
0.00109971
0.00219941
0.00219941
0.00219941
0.00109971
0.00293255
0.00183284
0.00439883
0.00109971
0.00146628
0.00183284
0.00109971
0.000366569
0.0230938