0
0
0.000869565
0.00130435
0.00173913
0.00304348
0.00478261
0.00695652
0.00173913
0.00782609
0.00217391
0.00782609
0.00434783
0.0026087
0.0104348
0.0026087
0.00304348
0.00217391
0.00391304
0.00173913
0.00347826
0.0121739
0.000869565
0.0026087
0.0026087
0.00130435
0.00347826
0.0026087
0.00391304
0.000434783
0.000869565
0.000869565
0.0026087
0.0026087
0.00130435
0.00130435
0
0
0.000869565
0
0.000434783
0.000434783
0
0.00826087
0
0
0
0.000434783
0
0.000434783
0.000434783
0.000434783
0.000434783
0
0
0.000434783
0
0.000434783
0
0
0.000434783
0
0
0
0.000869565
0
0.000434783
0
0
0
0
0.00130435
0
0
0.000434783
0
0
0.000434783
0
0
0
0
0
0
0
0.00173913
0
0
0
0
0
0
0
0
0
0
0.000434783
0
0
0
0
0.000434783
0
0
0
0
0.000869565
0
0
0
0
0.000434783
0
0.000434783
0
0
0
0.000434783
0.000434783
0.000434783
0
0.000434783
0
0
0.000869565
0
0
0
0.00434783
0
0
0
0.000434783
0
0.000434783
0
0.000869565
0.000434783
0.00130435
0
0
0
0.000869565
0.000434783
0
0.0026087
0.00130435
0.00130435
0.00130435
0.0073913
0.00304348
0.00478261
0.0026087
0.00217391
0.00521739
0.00391304
0.00826087
0.0073913
0.0169565
0.0256522
0.0134783
0.0226087
0.0434783
0.0508696
0.0578261
0.0673913
0.0165217
0.0773913
0.00782609
0
0.12913
0.000434783
0.000434783
0.00826087
0.00652174
0.00782609
0.00608696
0.00695652
0.00173913
0.00956522
0.000869565
0.00782609
0.00695652
0.00130435
0.01
0.000869565
0.0026087
0.00652174
0.00478261
0.0026087
0
0.0108696
0
0
0.00130435
0.000869565
0.0026087
0
0.00826087
0
0.00130435
0
0.00391304
0
0.00347826
0.00173913
0.000869565
0.000869565
0.000434783
0
0
0
0
0.023913
0
0
0
0.000869565
0.000434783
0.000869565
0.00173913
0.0026087
0.000869565
0.00173913
0
0.000869565
0
0.00826087
0
0.000434783
0.0026087
0.00130435
0.000434783
0
0.0130435
0
0
0.000434783
0.00217391
0.00130435
0
0.00913044
0.000434783
0.00173913
0.00521739
0
0
0.00521739
0.00695652
0.00391304
0.00130435
0.00130435
0
0.000434783
0
0.046087