0.000186012
0.00130208
0.00241815
0.00427827
0.00669643
0.00390625
0.00576637
0.00334821
0.00390625
0.00818452
0.00372024
0.00688244
0.00874256
0.0102307
0.00985863
0.00558036
0.00688244
0.00613839
0.00390625
0.00483631
0.00241815
0.00520833
0.0014881
0.00186012
0.00223214
0.000744048
0.00167411
0.00167411
0.0031622
0.00186012
0.00130208
0.000558036
0.00260417
0.0014881
0.00223214
0.00111607
0.00186012
0.00167411
0.000744048
0.000744048
0.00130208
0.000372024
0.000372024
0.0228795
0.000186012
0.000372024
0.000372024
0.000186012
0
0
0.000558036
0.00093006
0.000186012
0.000372024
0.000372024
0.000372024
0.000186012
0.000372024
0
0.000186012
0.000372024
0
0
0
0.000744048
0
0
0
0
0
0
0.000372024
0
0.000186012
0.000186012
0
0
0.000372024
0.000186012
0.000186012
0
0
0
0
0
0.00130208
0
0
0.000372024
0
0
0.000372024
0
0.000186012
0.000186012
0
0.000372024
0.000372024
0.000186012
0
0.000186012
0.000186012
0
0.000186012
0.000186012
0.000186012
0.00111607
0.000186012
0
0.000186012
0.000186012
0
0
0
0.000186012
0.000186012
0
0
0.000372024
0
0.000558036
0.000186012
0.000186012
0.000558036
0.000186012
0.000558036
0.000558036
0.000372024
0.00892857
0.00130208
0.0014881
0.00093006
0.000558036
0
0.00111607
0.000558036
0.0014881
0.000744048
0.000744048
0.00093006
0.000744048
0.00130208
0.00130208
0.0014881
0.000558036
0.00186012
0.00167411
0.00204613
0.00241815
0.0046503
0.00241815
0.00260417
0.00334821
0.00353423
0.00353423
0.00706845
0.00837054
0.00706845
0.0184152
0.0554315
0.0695685
0.139323
0.0762649
0.0373884
0.0165551
0.00669643
0.00651042
0.00390625
0.00334821
0.000744048
0.0537574
0.0014881
0.000558036
0.00279018
0.00409226
0.00948661
0.00985863
0.00483631
0.00130208
0.00799851
0.000186012
0.0122768
0.00595238
0.00297619
0.0195313
0.000558036
0.00502232
0.00186012
0.00427827
0.00223214
0.000558036
0.0215774
0.000186012
0.000372024
0.00297619
0.00093006
0.00130208
0.00111607
0.00669643
0.000558036
0.00111607
0.00130208
0.00186012
0.000744048
0.00186012
0.00167411
0.0014881
0.000186012
0.00093006
0.000558036
0
0
0
0.014881
0
0.000186012
0.000372024
0.000372024
0.000186012
0.00130208
0.00186012
0.000744048
0.00093006
0.00204613
0.000558036
0.00130208
0
0.00353423
0.00093006
0
0.00279018
0.000558036
0.000744048
0
0.00688244
0.000744048
0.000372024
0.00204613
0.00186012
0.00167411
0.000558036
0.00372024
0
0.00111607
0.00409226
0.000744048
0.000744048
0.0031622
0.00204613
0.00204613
0.00223214
0.00186012
0.00130208
0.00204613
0.00130208
0.0327381