0
0
0
0
0.00174825
0
0
0
0
0
0
0.00174825
0
0
0.00174825
0
0
0
0
0
0.0034965
0
0
0
0
0
0
0
0
0.00174825
0
0
0
0.00174825
0
0
0
0
0
0
0
0
0
0
0
0
0
0
0
0
0
0
0
0
0
0
0
0
0
0
0
0
0
0
0
0
0
0
0
0
0
0
0
0
0
0
0
0
0
0
0
0
0
0
0
0
0
0
0
0
0
0
0
0
0
0
0
0
0
0
0
0
0
0
0
0
0
0
0
0
0
0
0
0
0
0
0
0
0
0
0
0
0
0
0
0
0
0
0
0
0
0
0
0
0
0
0
0
0
0
0
0
0.00174825
0
0
0
0
0
0
0
0
0
0
0.00174825
0
0
0
0.00174825
0
0
0
0
0
0
0
0
0
0.00174825
0.00524476
0
0.00699301
0
0.00524476
0
0.0034965
0.00174825
0.0122378
0.0104895
0.0034965
0.0157343
0.013986
0.0262238
0.0122378
0.0244755
0.0332168
0.0506993
0.0297203
0.027972
0.0314685
0.0402098
0.0367133
0.034965
0.027972
0.0157343
0.0122378
0.013986
0.027972
0.0174825
0.0122378
0.0104895
0.0227273
0.0104895
0.00699301
0.00874126
0.0122378
0.0227273
0.00524476
0.00874126
0.0122378
0.0104895
0.0244755
0
0
0.0367133
0
0.0192308
0.0122378
0.00699301
0.013986
0.0174825
0.00524476
0.013986
0.00699301
0.0034965
0.00524476
0.0104895
0.00874126
0.0122378
0.00174825
0.0034965
0.00524476
0.0034965
0.00524476
0.00174825
0.00524476
0.00524476
0
0.0034965
0.00174825
0.0034965
0
0.00174825
0.00174825
0.00524476
0.00174825
0.00524476
0.00174825
0.00524476
0.00174825
0.00524476
0.00524476
0.00874126
0.00699301
0.00174825
0
0.00524476