0
0.00111235
0.00222469
0.00333704
0
0.00222469
0.00222469
0.00222469
0.00444939
0.00778643
0.00778643
0.00222469
0.00333704
0.00333704
0.00778643
0.00556174
0.00778643
0.00333704
0.00667408
0.00889878
0.00778643
0.0111235
0.00556174
0.0122358
0.00778643
0.00556174
0.00889878
0.00889878
0.0122358
0.00444939
0.0111235
0.00667408
0.00667408
0.00444939
0.00444939
0.0100111
0.00556174
0.00444939
0.00556174
0.00444939
0.00222469
0.00111235
0
0.0367075
0.00222469
0
0.00111235
0
0
0.00111235
0.00111235
0.00111235
0
0
0
0
0
0.00333704
0.00111235
0
0.00111235
0
0
0
0
0
0.00111235
0
0
0
0
0.00111235
0
0
0.00222469
0
0
0.00111235
0
0
0
0
0
0
0
0
0
0
0
0
0
0.00111235
0
0
0
0
0
0.00111235
0
0.00111235
0
0.00111235
0
0
0.00111235
0
0.00111235
0
0
0.00111235
0.00111235
0
0.00111235
0.00111235
0
0
0
0
0
0.00111235
0
0.00111235
0
0.00111235
0.00222469
0
0
0
0.00556174
0.00111235
0.00111235
0.00111235
0.00222469
0.00222469
0.00222469
0.00556174
0.00111235
0.00444939
0.00556174
0.00111235
0.00222469
0.00222469
0.00222469
0.00333704
0
0.00333704
0.00333704
0.00667408
0.00444939
0.0166852
0.0100111
0.0189099
0.0233593
0.0322581
0.0533927
0.0634038
0.105673
0.054505
0.0400445
0.025584
0.0100111
0.0111235
0.0133482
0.0111235
0.00111235
0.00889878
0.00556174
0.00667408
0.00111235
0
0.028921
0
0
0.00222469
0.00333704
0.00333704
0.00222469
0.00111235
0
0.00556174
0
0.00111235
0.00111235
0.00222469
0.00222469
0
0.00333704
0
0
0.00111235
0
0.00111235
0
0
0.00111235
0.00111235
0.00111235
0.00333704
0.00111235
0
0.00111235
0
0
0
0.00111235
0
0
0
0
0
0
0
0
0.00222469
0
0
0
0
0
0.00111235
0.00111235
0
0
0.00111235
0
0
0
0
0
0
0
0
0
0.00111235
0.00111235
0.00111235
0
0
0
0
0
0.00111235
0
0
0
0
0
0
0
0.00222469
0.00111235
0.00111235
0
0.00111235
0.00111235
0.0355951