0
0.000512033
0.000256016
0.000256016
0.000256016
0.000768049
0.000768049
0.000768049
0.000512033
0.00204813
0.000256016
0.00179211
0.000256016
0.000512033
0.000768049
0.000768049
0.0015361
0.000256016
0.000768049
0.000256016
0.000512033
0.00128008
0
0.000512033
0.000256016
0.00102407
0.00204813
0.00256016
0.00102407
0.000768049
0.00128008
0.000768049
0.000768049
0.00179211
0.0015361
0.0015361
0.000768049
0.00102407
0.000768049
0.00102407
0.000256016
0.000768049
0
0.00819252
0.000256016
0.000256016
0.000256016
0.00128008
0.00102407
0.00128008
0.00102407
0.00102407
0.000512033
0.00204813
0.000512033
0.00230415
0.000256016
0.00179211
0.00179211
0.000512033
0.000768049
0.000768049
0.000256016
0
0.00409626
0.000512033
0.000512033
0.00102407
0.000512033
0
0
0.00128008
0.000256016
0.000512033
0.00179211
0
0
0.0015361
0
0.000512033
0.000256016
0
0
0.000256016
0
0.00512033
0
0
0
0.000256016
0
0.000256016
0.000512033
0
0.000768049
0
0.000256016
0
0
0.00102407
0.000256016
0.000256016
0.000256016
0.000256016
0.000256016
0
0.00204813
0
0
0.000256016
0.000256016
0.000768049
0.000512033
0.00102407
0
0.000768049
0
0.00128008
0.000256016
0.00128008
0.000256016
0.00102407
0.000256016
0.00102407
0.000512033
0.000512033
0.000768049
0
0.015105
0
0.000256016
0.000512033
0.000512033
0.000768049
0.000768049
0.000768049
0.00256016
0.000512033
0.00384025
0.000256016
0.00179211
0.00128008
0.00563236
0.00281618
0.00128008
0.00640041
0.00563236
0.00870456
0.00460829
0.0232975
0.0128008
0.0209933
0.0212494
0.0412186
0.0576037
0.0770609
0.103175
0.104967
0.0770609
0.0670763
0.0199693
0.0135689
0.0186892
0.0140809
0.00972862
0.00486431
0.00384025
0.00281618
0.000768049
0
0.0542755
0
0.000256016
0.000768049
0.00128008
0.0015361
0.0015361
0.00102407
0.000512033
0.00409626
0.000512033
0.00486431
0.000256016
0.000256016
0.00460829
0
0.00102407
0.00230415
0.000768049
0
0.000256016
0.00819252
0
0
0.000256016
0.000512033
0.00102407
0.000256016
0.00384025
0.000256016
0.000256016
0.000512033
0.00102407
0
0.000256016
0.000256016
0
0
0.000256016
0
0
0
0
0.0102407
0
0
0.000768049
0
0.000512033
0.000512033
0.000256016
0.000256016
0.000256016
0.000512033
0
0.000512033
0
0.00128008
0.000256016
0
0.000256016
0.000768049
0.000256016
0
0.00435228
0.000256016
0.000256016
0.00102407
0.000768049
0
0.000768049
0.000768049
0.000512033
0.000512033
0.000768049
0.000256016
0.000256016
0.00102407
0.00128008
0.000768049
0.000512033
0.000768049
0.000512033
0.000256016
0.000256016
0.0145929