0
0
0
0
0.00115207
0.00230415
0.00576037
0.00576037
0.00230415
0.00576037
0
0.00115207
0.00115207
0.00230415
0.00115207
0
0.00115207
0.00230415
0
0.00115207
0
0
0
0
0
0
0
0
0
0
0
0
0
0
0
0
0
0
0
0
0
0
0
0
0
0
0
0
0
0
0
0
0
0
0
0
0
0
0
0
0
0
0
0
0
0
0
0
0
0
0
0
0
0
0
0
0
0
0
0
0
0
0
0
0
0
0
0
0
0
0
0
0
0
0
0
0
0
0
0
0
0
0
0
0
0
0
0
0
0
0
0
0
0
0
0
0
0
0
0
0
0
0
0
0
0
0
0
0
0
0
0
0
0.00115207
0.00115207
0
0
0
0.00115207
0
0
0
0
0
0
0
0
0
0
0.00115207
0
0.00115207
0
0
0
0
0.00115207
0
0.00230415
0.00230415
0
0
0.00115207
0.00460829
0.00576037
0.00691244
0
0
0
0
0.0852535
0
0
0
0.00115207
0.0437788
0.0737327
0.0357143
0
0.0230415
0
0.0449309
0.0414747
0
0.0368664
0
0.00115207
0.0126728
0.0195853
0.00115207
0
0.0276498
0
0
0.00691244
0
0.0195853
0.00115207
0.00921659
0
0.00230415
0
0.014977
0
0.0115207
0.00576037
0.00115207
0
0
0
0
0
0
0.0368664
0
0
0
0.00115207
0
0.00115207
0.00345622
0.0172811
0
0.0138249
0
0.00115207
0
0.014977
0
0
0.0115207
0.00115207
0
0
0.0495392
0
0.00115207
0.0138249
0.0172811
0.00115207
0
0.0334101
0.00115207
0.0115207
0.0264977
0
0.00806452
0.016129
0.014977
0.0138249
0.00921659
0.00460829
0
0
0.00115207
0.0898618