0.000909091
0.015
0.00545455
0.00727273
0.00545455
0.00545455
0.00454545
0.00772727
0.0109091
0.00909091
0.005
0.00590909
0.00454545
0.00409091
0.00363636
0.00363636
0.00136364
0.00227273
0.00318182
0.000909091
0.00227273
0.00272727
0.00272727
0.00363636
0.00363636
0.00318182
0.00181818
0.00272727
0.00227273
0.00181818
0.00181818
0.00181818
0.000909091
0.00136364
0.000454545
0.00136364
0.000454545
0.00136364
0.00181818
0
0.000909091
0.000909091
0
0.0113636
0
0.000909091
0
0.000454545
0
0
0
0
0
0.000454545
0.000454545
0
0
0
0.000454545
0
0
0
0
0
0
0
0
0
0
0
0
0
0
0
0.000454545
0
0
0.000454545
0
0
0
0
0
0
0
0
0
0
0
0.000454545
0
0
0
0
0.000909091
0
0.000454545
0.000454545
0
0
0
0
0
0.000454545
0
0
0
0.000454545
0
0
0
0
0
0
0
0
0
0.000454545
0
0
0
0.00136364
0
0
0
0
0.000909091
0
0.025
0.000909091
0.000454545
0.000909091
0.00136364
0.000909091
0.00272727
0.000454545
0.000909091
0.000909091
0.00136364
0.000454545
0.00181818
0.00272727
0.00136364
0.00363636
0.005
0.00272727
0.00318182
0.00272727
0.00318182
0.00318182
0.00772727
0.0122727
0.0109091
0.0168182
0.0286364
0.227273
0.148636
0.0227273
0.0109091
0.00454545
0.00636364
0.00727273
0.00727273
0.00545455
0.00409091
0.00227273
0.00136364
0.00227273
0.000909091
0.00227273
0.00409091
0.00181818
0.00272727
0.00272727
0.00227273
0.005
0.000909091
0.00181818
0.000909091
0.00181818
0.000909091
0.000454545
0.00181818
0.000909091
0.00227273
0.000454545
0.00136364
0.000909091
0
0.000909091
0.000454545
0.000909091
0
0.00136364
0.000454545
0.000454545
0.000909091
0.000454545
0.00136364
0
0.000454545
0.000454545
0.000454545
0.000454545
0
0
0.00136364
0.000454545
0.000909091
0
0
0
0
0.0140909
0
0.000454545
0.000454545
0
0
0
0
0.00318182
0.00136364
0.00136364
0.000454545
0.00136364
0.00227273
0.00272727
0.00136364
0.000454545
0.000909091
0.000454545
0.000909091
0.000909091
0.00318182
0
0
0.000454545
0.00136364
0.000909091
0
0.000454545
0.00181818
0.00363636
0.00181818
0.000909091
0.000454545
0.00227273
0.00272727
0.00272727
0.0109091
0.0122727
0.00272727
0.00727273
0.00136364
0.101818