0.00529101
0.0220977
0.0136944
0.00840336
0.0108932
0.00840336
0.0102708
0.00809213
0.010582
0.0161843
0.00902583
0.00778089
0.00809213
0.00715842
0.00715842
0.00497977
0.00591348
0.0043573
0.0043573
0.00342359
0.00186741
0.00217865
0.00311236
0.00280112
0.00155618
0.00186741
0.00124494
0.00155618
0.00217865
0.000933707
0.00186741
0.00124494
0.000622471
0.00217865
0.00155618
0.000311236
0.00124494
0.00124494
0.000933707
0.000311236
0.000933707
0.00186741
0.000933707
0.015873
0.000622471
0.000311236
0
0.000311236
0
0
0
0.000311236
0
0
0.000311236
0.000622471
0
0.000311236
0.000311236
0
0.000622471
0.000311236
0
0
0.000622471
0
0
0
0
0
0
0.000311236
0
0
0
0
0
0.000311236
0
0
0
0
0
0
0
0.000311236
0
0
0
0
0
0.000311236
0
0.000311236
0.000311236
0
0
0.000622471
0
0
0
0
0
0
0.000311236
0.000311236
0.000311236
0
0
0
0
0
0
0
0
0
0.000311236
0.000311236
0.000311236
0.000311236
0.000311236
0.000311236
0
0
0
0.000311236
0
0
0.0208528
0.000933707
0.000622471
0.00124494
0.00124494
0.00124494
0.000622471
0
0.000933707
0.000622471
0.000311236
0.00155618
0.00124494
0.00155618
0.00186741
0.00155618
0.00186741
0.00248988
0.00186741
0.000933707
0.00280112
0.00684718
0.00809213
0.00591348
0.00995954
0.0155618
0.0236539
0.219732
0.158419
0.015873
0.00311236
0.00840336
0.00466853
0.00560224
0.00746965
0.00497977
0.00497977
0.000933707
0.00155618
0.000311236
0.00155618
0.00155618
0.00311236
0.000622471
0.00155618
0.00186741
0.00155618
0.00186741
0.00217865
0.00186741
0.00155618
0.00155618
0.000622471
0.00155618
0.00124494
0.000622471
0.000622471
0.000311236
0.000622471
0.000311236
0.000933707
0
0
0.000311236
0.00186741
0.000311236
0.000622471
0
0.000311236
0.000933707
0.000622471
0
0.000933707
0.000311236
0.000622471
0.000311236
0.000311236
0.000622471
0.000311236
0.000311236
0.000622471
0.000311236
0.00124494
0.000311236
0
0.0115157
0.000311236
0.000311236
0.000622471
0
0.00186741
0.00155618
0.000311236
0.00124494
0.000622471
0.000311236
0.00155618
0.00124494
0
0.000933707
0.000311236
0.000622471
0.00124494
0.00124494
0.000933707
0.000311236
0.000933707
0.000622471
0.000622471
0.000311236
0.00124494
0.000311236
0.000622471
0.000622471
0.00124494
0.00155618
0.000622471
0.000622471
0.000622471
0.00124494
0.000933707
0.00248988
0.000933707
0.00248988
0.00311236
0.00186741
0.00373483
0.117958