0
0.0005
0.002
0.003
0.003
0.0025
0.0115
0.004
0.0085
0.019
0.011
0.012
0.016
0.024
0.0175
0.0155
0.011
0.0125
0.0085
0.0075
0.0095
0.01
0.009
0.0055
0.007
0.0045
0.0045
0.006
0.004
0.001
0.002
0.003
0.0015
0.0025
0.002
0.0015
0.001
0.002
0.0005
0.0015
0.0035
0.0015
0.0015
0.0225
0
0
0
0
0
0
0
0
0
0
0
0
0
0.0005
0
0
0
0
0
0.0005
0
0
0
0
0
0
0
0
0
0
0.0005
0
0
0
0
0
0
0
0
0
0
0.0005
0
0
0
0
0
0
0
0
0
0
0
0
0
0
0
0.0005
0
0.0005
0
0
0
0
0
0
0
0
0
0
0
0
0
0
0
0
0
0
0.0005
0
0
0
0
0
0.003
0
0.0015
0
0.0005
0
0
0.0005
0.001
0.001
0.0005
0.0005
0.0005
0.001
0.003
0.0045
0.0015
0.003
0.0015
0.0005
0.0035
0.0025
0.004
0.0085
0.0115
0.0175
0.019
0.0445
0.112
0.075
0.029
0.021
0.015
0.0115
0.008
0.01
0.0045
0.0015
0.005
0.004
0.0065
0.002
0.007
0.003
0.0025
0.004
0.002
0.0045
0.004
0.0025
0.0025
0.0045
0.001
0.003
0.003
0.0015
0.003
0.002
0.004
0.006
0.002
0.0035
0.002
0.003
0.003
0.003
0.0035
0.002
0.004
0.0015
0.0035
0.002
0.001
0.0015
0.002
0.0025
0.003
0.0005
0.001
0.001
0.0015
0.0015
0.0015
0
0
0.0095
0.0005
0.0005
0.0005
0.001
0.003
0.0005
0.002
0.002
0.0015
0.001
0.0015
0.0015
0.0025
0.0015
0.003
0.002
0.004
0.002
0.0015
0.001
0.0035
0.0025
0.0025
0.0035
0.003
0.0035
0.0055
0.0085
0.003
0.0025
0.006
0.004
0.0035
0.0035
0.0045
0.002
0.0045
0.0025
0.0015
0.0015
0.003
0.0325