0
0.0059453
0.00237812
0.00237812
0.00475624
0.00356718
0.00356718
0.00356718
0.00118906
0.00118906
0.00356718
0.00713436
0.00951249
0.00475624
0.00118906
0
0.00118906
0.00118906
0.00118906
0
0
0
0.00118906
0
0
0.00118906
0.00237812
0.00118906
0.00118906
0
0.00356718
0
0
0
0.00118906
0
0.00118906
0
0.00118906
0.00237812
0
0
0
0.039239
0
0.00118906
0
0
0
0
0
0
0
0
0
0
0
0.00118906
0
0
0
0
0
0
0
0.00118906
0
0
0
0
0
0.00118906
0
0
0
0
0
0
0
0
0
0
0
0
0
0.00118906
0
0
0
0
0
0
0
0
0
0
0
0
0.00118906
0
0
0
0
0
0
0
0
0
0
0.00118906
0
0
0.00118906
0
0
0
0
0
0
0
0.00118906
0
0
0.00118906
0
0
0
0
0.0142687
0
0
0.00118906
0
0
0
0.00237812
0.00118906
0
0.00118906
0
0.00237812
0.00118906
0
0.00237812
0.00118906
0
0.00356718
0
0.00475624
0.00118906
0.0059453
0.0059453
0.00951249
0.019025
0.0166468
0.0332937
0.0701546
0.173603
0.117717
0.0332937
0.0273484
0.0166468
0.0154578
0.020214
0.0118906
0.0059453
0.0118906
0.00118906
0.00356718
0.0130797
0.0142687
0.00475624
0.00118906
0.0059453
0.00356718
0.00475624
0
0.00475624
0.00118906
0.00356718
0.00237812
0.00475624
0.00118906
0.00237812
0
0.00118906
0.00118906
0.00237812
0
0
0
0.00118906
0
0
0.00118906
0
0.00118906
0.00237812
0
0.00118906
0.00356718
0.00118906
0.00237812
0.00237812
0
0
0.00237812
0
0.00237812
0.00356718
0.00118906
0
0
0.00356718
0.00118906
0.00118906
0.00118906
0
0
0
0.00118906
0.00118906
0.00118906
0
0.00237812
0.00237812
0.00237812
0.00237812
0
0
0
0.00356718
0
0
0.00237812
0
0
0
0.00118906
0.00237812
0
0.00118906
0
0.00118906
0.00237812
0.00118906
0.00118906
0.00118906
0.00118906
0.00118906
0
0.00118906
0.00118906
0.00237812
0.00237812
0.0915577