0
0.00137363
0.00503663
0.00778388
0.00869963
0.00595238
0.00915751
0.00824176
0.00915751
0.0164835
0.0123626
0.0178571
0.0169414
0.0247253
0.0160256
0.0137363
0.0137363
0.0132784
0.0114469
0.00686813
0.00778388
0.00824176
0.00320513
0.00412088
0.00320513
0.000915751
0.00274725
0.003663
0.00274725
0.00274725
0.000457875
0.00228938
0.00228938
0.003663
0.000915751
0.00228938
0.00137363
0.00137363
0.0018315
0.0018315
0.000457875
0.0018315
0
0.0206044
0
0
0
0
0.000457875
0
0
0.000457875
0
0
0.000457875
0
0
0
0
0
0
0.000915751
0.000457875
0
0
0
0
0
0
0.000457875
0
0
0
0
0
0
0
0
0
0
0
0
0
0
0
0.000915751
0
0
0
0
0
0
0.000457875
0
0
0
0.000457875
0
0
0
0
0
0
0
0.000457875
0
0.000457875
0
0
0
0
0
0
0
0
0
0
0
0
0
0
0
0
0
0
0
0
0
0
0
0
0
0
0
0
0
0.000457875
0
0
0
0
0
0
0
0
0.000915751
0
0.000457875
0
0.000915751
0.00137363
0
0.0018315
0.00503663
0.0123626
0.0270147
0.0906593
0.118132
0.0508242
0.0201465
0.0141941
0.0155678
0.0105311
0.0114469
0.00915751
0.010989
0.00869963
0.00686813
0.00457875
0.00641026
0.0105311
0.003663
0.00457875
0.00549451
0.00228938
0.00228938
0.00274725
0.00320513
0.0018315
0.00503663
0.00503663
0.00274725
0.00274725
0.00457875
0.0018315
0.0018315
0.00274725
0.00137363
0.00228938
0.00274725
0.00137363
0.00228938
0.00320513
0.000457875
0.00274725
0.00137363
0.0018315
0.000457875
0.000915751
0.00137363
0.00274725
0.00137363
0.00137363
0.000915751
0.00228938
0.00320513
0.00274725
0.000915751
0.00228938
0.00137363
0.000915751
0.000457875
0
0.00869963
0.000457875
0.000457875
0.00228938
0.000915751
0.000915751
0.000457875
0.00137363
0.0018315
0.000915751
0.00137363
0.00320513
0.0018315
0.0018315
0.000457875
0.00137363
0.0018315
0.00320513
0.00274725
0.00137363
0.0018315
0.00412088
0.00137363
0.00228938
0.003663
0.00274725
0.00274725
0.00549451
0.003663
0.003663
0.00641026
0.00274725
0.00274725
0.00228938
0.00274725
0.00824176
0.0018315
0.00641026
0.00686813
0.00503663
0.00412088
0.00228938
0.0389194