0
0.00148148
0.00592593
0.00592593
0.00444444
0
0.0177778
0.0103704
0.00296296
0.00740741
0.00296296
0.00296296
0.00444444
0.00592593
0.00296296
0.00296296
0.00148148
0.00148148
0
0.00296296
0
0.00444444
0
0
0.00148148
0.00296296
0
0.00148148
0
0.00148148
0
0.00296296
0
0.00296296
0.00296296
0
0
0
0
0
0
0
0
0
0
0
0
0
0
0
0
0
0.00148148
0.00148148
0
0.00148148
0
0
0
0
0
0
0
0
0
0
0
0
0
0
0
0.00148148
0
0
0
0
0
0
0
0
0
0
0
0
0
0.00148148
0
0
0
0
0
0
0.00148148
0
0
0
0
0
0
0
0
0
0
0
0
0
0.00148148
0
0
0
0
0
0
0
0
0
0
0
0
0
0
0
0
0
0
0
0
0
0.0266667
0
0
0
0.00148148
0.00148148
0
0
0.00148148
0
0.00148148
0
0.00148148
0
0.00444444
0.00444444
0.00296296
0.00592593
0.00444444
0.00592593
0.00444444
0.00592593
0.0237037
0.0148148
0.0207407
0.0251852
0.0548148
0.179259
0.0844444
0.0162963
0.0133333
0.0133333
0.0192593
0.0148148
0.0133333
0.0162963
0.0118519
0.0162963
0.00740741
0.00444444
0.00444444
0.00592593
0.00444444
0.00296296
0.00148148
0
0
0.00444444
0
0.00444444
0.00444444
0.00148148
0.00148148
0.00296296
0
0
0
0.00444444
0.00296296
0
0.00148148
0.00148148
0.00148148
0.00148148
0.00148148
0.00148148
0
0
0
0
0
0
0
0
0
0.00148148
0.00148148
0.00148148
0
0.00296296
0
0
0
0
0
0.037037
0
0
0
0
0
0
0
0.00148148
0
0
0
0.00296296
0.00148148
0.00148148
0.00148148
0.00148148
0.00148148
0.00148148
0.00296296
0.00148148
0
0
0
0
0.00592593
0.00148148
0.00148148
0
0.00592593
0.00296296
0.00148148
0
0.00296296
0.00888889
0.00296296
0.00296296
0.00296296
0.00148148
0.00296296
0.00592593
0.00296296
0.0918519