0
0.00328731
0.00723208
0.00591716
0.00657462
0.00591716
0.00328731
0.00723208
0.00591716
0.00394477
0.0052597
0.00920447
0.00854701
0.0124918
0.0216963
0.0236686
0.0105194
0.00657462
0.00262985
0.0052597
0.00460224
0.00460224
0.00394477
0.00197239
0.00131492
0.00460224
0.00394477
0.00197239
0
0.00131492
0.000657462
0.00131492
0
0
0.000657462
0.00131492
0
0.00131492
0
0.000657462
0
0
0
0.0124918
0
0
0
0
0.000657462
0
0
0
0
0
0
0.000657462
0
0.00131492
0
0
0
0.00131492
0
0
0
0
0.000657462
0
0
0
0
0
0
0
0
0
0
0
0
0
0
0
0
0
0
0
0
0
0
0
0
0
0
0
0
0
0
0
0
0
0
0
0
0
0
0
0
0
0
0.000657462
0
0
0
0.000657462
0
0.000657462
0
0
0
0
0
0
0
0
0.000657462
0.000657462
0
0
0.00262985
0
0.000657462
0
0
0
0
0
0.000657462
0.000657462
0.000657462
0.00131492
0.00197239
0.00131492
0.00328731
0.00328731
0.00262985
0.00328731
0.00197239
0.00197239
0.00394477
0.00197239
0.00986193
0.00788955
0.0111769
0.0105194
0.0157791
0.0223537
0.0407627
0.143327
0.117028
0.0295858
0.00854701
0.00920447
0.00854701
0.00460224
0.0052597
0.00394477
0.00262985
0.00328731
0.00854701
0.00328731
0.00986193
0.00131492
0.0144642
0.00460224
0.00262985
0.00328731
0.00657462
0.00394477
0.00262985
0.00591716
0.00394477
0.00197239
0.00262985
0.00460224
0.0052597
0.00262985
0.00460224
0.00262985
0.00262985
0.0052597
0.00394477
0.00197239
0.00131492
0.000657462
0.000657462
0.000657462
0.00262985
0.000657462
0.00197239
0.000657462
0.00131492
0.00197239
0.00131492
0.00131492
0.000657462
0
0.00328731
0.000657462
0.00394477
0.00394477
0.000657462
0.00197239
0
0.00328731
0.00131492
0.00197239
0.00197239
0.00197239
0.00328731
0.00131492
0.00460224
0.00328731
0.000657462
0.00262985
0.00262985
0.00197239
0.00131492
0.0052597
0.00197239
0.000657462
0.00262985
0.00131492
0.000657462
0.00262985
0.00262985
0.00197239
0.00328731
0.00262985
0.00460224
0.00197239
0.0052597
0.00591716
0.00591716
0.00328731
0.0052597
0.00328731
0.00460224
0.00394477
0.00657462
0.0052597
0.00394477
0.00262985
0.00657462
0.0052597
0.00460224
0.0276134