0
0.000377074
0.00301659
0.0294118
0.0392157
0.0211161
0.0124434
0.020362
0.0173454
0.0226244
0.0071644
0.0158371
0.00754148
0.00678733
0.00829563
0.00452489
0.00490196
0.00452489
0.00263952
0.0015083
0.000754148
0.0015083
0.000377074
0.0015083
0.00113122
0.000377074
0.000377074
0
0.000377074
0
0.000377074
0.000377074
0.000377074
0
0
0
0.000377074
0
0
0
0
0
0
0.000377074
0
0
0
0
0
0
0
0.000377074
0
0
0
0
0
0
0
0
0
0
0
0
0
0
0
0
0
0
0
0
0
0
0
0
0
0
0
0
0
0
0
0
0
0
0
0
0
0
0
0
0
0
0
0
0
0
0
0
0
0
0
0
0
0
0.000377074
0
0
0
0
0
0
0
0
0.000377074
0
0
0
0
0
0
0
0
0
0
0
0
0.000754148
0
0
0
0
0
0
0
0
0
0
0
0
0
0.000377074
0
0
0
0.000377074
0
0
0
0
0
0
0.000377074
0
0
0.000377074
0
0
0.000377074
0
0
0.000377074
0
0
0
0
0
0
0
0.00678733
0
0
0
0
0.00188537
0.00188537
0.00263952
0
0.00754148
0.000377074
0.00754148
0.00754148
0.000754148
0.0135747
0.00113122
0.00980392
0.00829563
0.0143288
0.00452489
0
0.0411011
0
0
0.025641
0
0.0116893
0.010181
0.0320513
0
0.0286576
0
0.0131976
0.00113122
0.0237557
0.0248869
0.01546
0.00339367
0.000377074
0
0
0
0
0.0671192
0
0
0
0.000377074
0.00301659
0.0124434
0.00678733
0.00414781
0.00113122
0.010181
0
0.00829563
0
0.00942685
0.00414781
0
0.00490196
0.0105581
0.000377074
0
0.0124434
0.000377074
0.00603318
0.00754148
0.00603318
0.00641026
0.00226244
0.0071644
0.00603318
0.0120664
0.0116893
0.00113122
0.00527903
0.0109351
0.0071644
0.0086727
0.0169683
0.0226244
0.0120664
0.00113122
0
0.130845