0
0
0.00138504
0.00207756
0.0034626
0.000692521
0.00277008
0.0034626
0.0034626
0.00484765
0.00484765
0.00831025
0.00831025
0.0034626
0.00415512
0.00554017
0.00623269
0.00623269
0.00415512
0.00415512
0.00761773
0.00554017
0.00277008
0.00692521
0.00831025
0.00831025
0.0103878
0.00761773
0.00484765
0.00138504
0.00623269
0.0034626
0.00277008
0.00554017
0.00415512
0.0034626
0.00277008
0.0034626
0.0034626
0.0034626
0.0034626
0.00207756
0
0.0117729
0
0.00207756
0.000692521
0.00207756
0.00138504
0
0
0.00207756
0.00138504
0.00138504
0.00138504
0.000692521
0.00138504
0.00138504
0.000692521
0.000692521
0.00138504
0
0
0
0
0.000692521
0
0
0
0
0.000692521
0
0
0
0
0
0
0
0
0
0.000692521
0.000692521
0
0
0
0.00138504
0
0
0
0
0
0
0
0.000692521
0
0
0
0.000692521
0.00138504
0
0
0
0
0
0.000692521
0
0
0
0
0.000692521
0
0.000692521
0.000692521
0.00138504
0.000692521
0.00138504
0
0
0.000692521
0.00138504
0.00207756
0.000692521
0
0.000692521
0.000692521
0
0.000692521
0
0.0457064
0
0.000692521
0
0
0.000692521
0.000692521
0.000692521
0.00277008
0
0.00277008
0.000692521
0.00138504
0.000692521
0.0034626
0.0034626
0.00207756
0.00415512
0.00554017
0.00415512
0.00415512
0.00761773
0.0166205
0.0124654
0.0200831
0.0367036
0.0810249
0.220222
0.0394737
0.0145429
0.00692521
0.0117729
0.00831025
0.00623269
0.0034626
0.00277008
0.00484765
0.0034626
0.00277008
0.00277008
0.00484765
0.00415512
0.00138504
0.000692521
0.00138504
0.00138504
0.000692521
0.00207756
0
0.000692521
0
0.00138504
0
0.000692521
0
0
0.000692521
0
0.000692521
0
0
0.00138504
0.000692521
0
0
0
0
0.00207756
0
0
0
0
0
0.000692521
0
0
0
0.00138504
0
0.000692521
0
0
0
0.000692521
0
0.015928
0.000692521
0
0.000692521
0
0.000692521
0.000692521
0
0.000692521
0
0
0
0
0
0
0
0.000692521
0
0
0.00207756
0
0
0.000692521
0.000692521
0.000692521
0.00207756
0
0
0
0
0
0.00138504
0
0
0.000692521
0
0
0.00207756
0.00277008
0
0.000692521
0.00207756
0.113573