0
0
0
0
0
0.00105708
0.000528541
0
0
0.000528541
0
0.000528541
0
0
0.000528541
0
0
0
0
0
0
0.00211416
0
0
0
0
0
0
0
0
0
0
0
0
0
0.000528541
0
0
0
0
0
0
0
0.00158562
0
0
0
0
0
0
0
0
0
0
0
0
0
0
0
0
0
0
0
0
0.000528541
0
0
0
0
0
0
0
0
0
0.00158562
0
0
0
0
0
0
0
0
0
0
0.00105708
0
0
0
0
0
0
0
0
0
0
0.000528541
0
0
0.00158562
0
0
0.000528541
0
0
0
0.00105708
0
0
0.00105708
0
0.00105708
0
0.00158562
0
0
0
0.00105708
0
0.00158562
0.00211416
0.00105708
0
0.00105708
0
0
0
0
0.0221987
0
0
0.00211416
0.00264271
0.00369979
0.00528541
0.0121564
0.00687104
0.00687104
0.00951374
0.00634249
0.0158562
0.00475687
0.0163848
0.0216702
0.00581395
0.0221987
0.0248414
0.0206131
0.0190275
0.0422833
0.019556
0.0317125
0.0348837
0.0301268
0.0470402
0.0776956
0.167019
0.0919662
0.0391121
0.0190275
0.0147992
0.0110994
0.0137421
0.00845666
0.00845666
0.00475687
0.00634249
0.00634249
0.00528541
0
0.0232558
0
0
0.00211416
0.00528541
0.00264271
0.00158562
0.00211416
0.000528541
0.00158562
0.000528541
0.00158562
0.00211416
0.000528541
0.00211416
0.000528541
0.000528541
0
0.000528541
0
0
0.00317125
0
0
0
0
0.000528541
0
0.00211416
0
0.000528541
0
0
0
0
0.00105708
0.000528541
0
0
0
0
0
0
0.00158562
0
0
0
0
0.000528541
0
0
0.000528541
0
0
0
0
0
0
0
0
0.000528541
0
0
0
0.00105708
0
0
0
0
0
0
0
0
0
0
0
0
0
0
0.000528541
0
0
0
0
0
0.00634249