0
0
0
0
0
0
0
0
0
0.000976563
0
0
0
0
0
0
0
0
0.000976563
0.00195313
0
0.000976563
0
0
0
0
0
0
0
0
0
0
0
0
0
0
0
0.000976563
0
0
0
0
0
0.00390625
0
0
0
0
0
0
0
0
0
0
0
0
0
0
0
0
0
0
0
0
0.000976563
0
0
0
0.000976563
0
0
0
0
0
0
0
0
0
0
0
0
0
0
0
0
0
0
0
0
0
0
0
0
0
0.000976563
0
0.000976563
0
0
0.000976563
0
0
0.000976563
0
0
0
0
0
0
0
0
0
0
0.00292969
0
0
0
0.00292969
0
0.000976563
0.00195313
0.00195313
0
0.000976563
0
0
0
0
0.0244141
0
0
0
0.00390625
0.00488281
0.00195313
0.00488281
0.00878906
0.000976563
0.00976563
0.000976563
0.00683594
0.000976563
0.0107422
0.0126953
0.00488281
0.0214844
0.0224609
0.0214844
0.0166016
0.0449219
0.0380859
0.046875
0.0390625
0.0410156
0.0605469
0.0839844
0.131836
0.0810547
0.03125
0.0195313
0.0107422
0.0126953
0.0175781
0.015625
0.00488281
0.00878906
0.00292969
0.00292969
0.00292969
0
0.0283203
0
0.00390625
0.00390625
0.000976563
0.00292969
0.000976563
0.00488281
0.00195313
0.000976563
0.000976563
0.00195313
0.00585938
0.00390625
0.000976563
0.000976563
0.000976563
0.00195313
0.00195313
0.000976563
0
0.00585938
0
0
0
0
0
0
0.00292969
0
0
0
0
0
0.00195313
0
0
0
0
0
0
0
0
0.00390625
0
0
0
0
0
0
0
0
0
0
0
0
0
0.00195313
0
0
0
0
0
0
0.00195313
0
0
0
0.000976563
0
0
0.00195313
0
0
0.00195313
0
0
0.000976563
0
0
0.000976563
0
0
0
0
0.00195313