0
0.0014245
0.0014245
0.002849
0.0042735
0.0014245
0.0014245
0.0042735
0
0.002849
0.002849
0.0014245
0.00569801
0.00997151
0.011396
0.00854701
0.0156695
0.014245
0.00712251
0.00569801
0.011396
0.00997151
0.00569801
0.011396
0.0042735
0.0042735
0.011396
0.00569801
0.00569801
0.00569801
0.0042735
0.0042735
0.0042735
0.002849
0.0042735
0.0014245
0.0014245
0.002849
0
0.0014245
0.002849
0
0
0.017094
0.0014245
0
0.0014245
0.0014245
0
0
0
0
0
0.0014245
0.0014245
0.0014245
0
0
0
0
0
0
0.002849
0
0.0014245
0
0
0
0
0
0
0
0.0014245
0
0
0
0
0
0
0.0014245
0
0
0
0
0
0
0
0
0
0.0014245
0.0014245
0
0.0014245
0
0
0
0
0
0
0
0
0
0
0
0.0014245
0
0.0014245
0
0
0
0
0
0
0.002849
0
0.0014245
0.0014245
0.0014245
0
0.0014245
0
0
0.0014245
0
0
0
0
0
0.0441595
0
0.002849
0
0
0
0.0014245
0
0.0014245
0.0014245
0
0.0042735
0.0014245
0.00569801
0.0014245
0.0042735
0.0042735
0.002849
0.00569801
0.00569801
0.0128205
0.014245
0.014245
0.0327635
0.0242165
0.0555556
0.108262
0.0327635
0.019943
0.0128205
0.017094
0.02849
0.0156695
0.0014245
0.00569801
0.00569801
0.00854701
0.0042735
0.00997151
0.00854701
0.00712251
0
0.00569801
0
0
0
0.0014245
0.002849
0.0014245
0.0014245
0.002849
0.0014245
0.0014245
0.002849
0.002849
0
0.0042735
0
0.002849
0
0.002849
0.0014245
0
0.0014245
0.0014245
0.0014245
0
0.002849
0
0
0.002849
0
0
0
0
0
0
0
0.0014245
0
0.0014245
0
0.0014245
0
0
0.0156695
0
0
0.002849
0
0
0
0
0
0
0
0
0.0014245
0
0.0014245
0
0
0.0014245
0
0.0014245
0.0014245
0.0014245
0.0014245
0
0.0014245
0
0.0014245
0.00569801
0.0014245
0
0
0.002849
0
0.0014245
0
0.002849
0
0
0.002849
0.0014245
0
0
0.115385