0
0.000659196
0.00131839
0.00197759
0.000659196
0.00263678
0.00263678
0.00131839
0.000659196
0.00329598
0
0
0.00131839
0
0.00197759
0.00197759
0
0.00263678
0.000659196
0
0.000659196
0.00131839
0.000659196
0
0
0
0.00197759
0.00131839
0.00395517
0.000659196
0
0.00131839
0
0.00131839
0
0.00197759
0
0.000659196
0
0.000659196
0
0
0.000659196
0.00791035
0.00131839
0.000659196
0
0
0.000659196
0.000659196
0.00197759
0.00197759
0.000659196
0
0
0
0
0
0
0
0.000659196
0.000659196
0
0.000659196
0.000659196
0
0
0.000659196
0
0
0
0
0
0
0
0
0.000659196
0
0.000659196
0.000659196
0.000659196
0.000659196
0
0
0
0.000659196
0
0
0
0
0
0
0
0
0
0.000659196
0
0.000659196
0
0
0
0.000659196
0.000659196
0
0.000659196
0
0.00263678
0
0.000659196
0
0
0
0
0.00131839
0.00131839
0.000659196
0.000659196
0.000659196
0
0
0.00197759
0.000659196
0
0
0
0
0.000659196
0
0.00856955
0
0
0.00131839
0.000659196
0.000659196
0.00131839
0.00197759
0.00131839
0
0.00131839
0.000659196
0.00131839
0.000659196
0.00461437
0.00131839
0
0.00263678
0.00329598
0.00659196
0.00329598
0.00856955
0.00659196
0.00856955
0.0171391
0.0145023
0.0177983
0.0210943
0.0257086
0.0349374
0.0560316
0.0725115
0.0698748
0.0323006
0.0500989
0.0164799
0.0112063
0.0177983
0.00659196
0.00527357
0.00395517
0
0.103494
0
0.000659196
0.00461437
0.00395517
0.00527357
0.00593276
0.00395517
0.000659196
0.0151615
0
0.0217535
0.00395517
0.00197759
0.0184575
0
0
0.00461437
0.00131839
0.00131839
0
0.0177983
0.000659196
0.00131839
0.00329598
0.000659196
0.00131839
0.000659196
0.0158207
0
0.00263678
0
0.00395517
0.000659196
0.000659196
0.00131839
0.000659196
0.000659196
0.000659196
0
0
0.000659196
0
0.0171391
0.000659196
0
0
0.000659196
0.000659196
0
0.000659196
0.00131839
0.00263678
0.00329598
0.000659196
0.000659196
0
0.00461437
0.000659196
0.00131839
0.000659196
0
0.00197759
0.000659196
0.00988794
0.00131839
0
0.000659196
0.00131839
0.00131839
0.00197759
0.00527357
0.00197759
0.00263678
0.00329598
0
0.00131839
0.00527357
0.00461437
0.000659196
0.00263678
0
0.00263678
0.000659196
0
0.0468029