0
0.00110865
0.00110865
0.00110865
0.000554324
0.000554324
0.00277162
0.00277162
0.00166297
0.00110865
0.00110865
0.000554324
0.00221729
0.000554324
0.00221729
0.00221729
0.00388027
0.00332594
0.00332594
0.00221729
0.00443459
0.00609756
0.00166297
0.00720621
0.00332594
0.00498891
0.00388027
0.00554324
0.00554324
0.00609756
0.00277162
0.00443459
0.00388027
0.00498891
0.00443459
0.00388027
0.00554324
0.00388027
0.00332594
0.00554324
0.00443459
0.00554324
0.00498891
0.0814856
0.00277162
0.00443459
0.00332594
0.00665188
0.00388027
0.00498891
0.00498891
0.00443459
0.00443459
0.00388027
0.00609756
0.00609756
0.00110865
0.00332594
0.00498891
0.00388027
0.00665188
0.00332594
0.00388027
0.00221729
0.00277162
0.000554324
0.00388027
0.00443459
0.00221729
0.00443459
0.00221729
0.00277162
0.00332594
0.00166297
0.00277162
0
0.00166297
0.00110865
0.00277162
0
0.00110865
0.00166297
0.00166297
0.000554324
0
0.00609756
0
0.000554324
0.00110865
0.00110865
0.00166297
0.00166297
0.000554324
0.000554324
0.00166297
0.000554324
0.00332594
0.00332594
0.000554324
0.00498891
0.00166297
0.00443459
0.00277162
0.00332594
0.00110865
0.00221729
0.00498891
0.00110865
0.00277162
0.00388027
0.00166297
0.00498891
0.00166297
0.00221729
0.00110865
0.00443459
0.00166297
0.00277162
0.000554324
0.00166297
0.00277162
0.00166297
0.00110865
0.00166297
0.00110865
0
0
0.000554324
0.0144124
0.00110865
0.00110865
0.00221729
0.00277162
0.00277162
0.000554324
0.00277162
0.00332594
0.000554324
0.00332594
0.00221729
0.00221729
0.00221729
0.00443459
0.00443459
0.00277162
0.00776053
0.00665188
0.00609756
0.00498891
0.0160754
0.0094235
0.0149667
0.0166297
0.02051
0.0227273
0.0482262
0.0853659
0.0859202
0.0498891
0.0232816
0.0105322
0.00776053
0.00277162
0.00776053
0.00443459
0.00277162
0.00166297
0.00554324
0.00166297
0
0.00831486
0.000554324
0
0
0
0.00166297
0.00110865
0.00166297
0
0.000554324
0
0.000554324
0.000554324
0.000554324
0.000554324
0.000554324
0
0.000554324
0.000554324
0.00166297
0
0.000554324
0
0
0.000554324
0.000554324
0
0
0.00110865
0
0.000554324
0
0.000554324
0
0.000554324
0
0
0
0
0.000554324
0
0
0
0.00110865
0
0.000554324
0.00110865
0
0
0
0
0.000554324
0
0.000554324
0.000554324
0
0
0
0.000554324
0
0
0.00166297
0
0
0
0
0
0.000554324
0
0.00110865
0.000554324
0.000554324
0
0.00166297
0
0
0
0
0
0
0
0.000554324
0.000554324
0.000554324
0.000554324
0.00886918