0
0
0
0
0
0
0
0
0
0
0
0
0
0
0
0
0
0
0
0
0
0
0
0
0
0
0
0
0
0
0
0
0
0
0
0
0
0
0
0
0
0
0
0
0
0
0
0
0
0
0
0
0
0
0
0
0
0
0
0
0
0
0
0
0.00619835
0
0
0
0
0
0
0
0
0
0
0
0
0
0
0
0
0
0
0
0
0
0
0
0
0
0
0
0
0
0
0
0
0
0
0
0
0
0
0
0
0
0
0
0
0
0
0
0
0
0
0
0
0
0
0
0
0
0
0
0
0
0
0
0.00826446
0
0
0
0
0
0
0
0
0
0
0
0
0
0.00619835
0
0
0
0
0
0
0.0227273
0
0.0103306
0.00826446
0.0206612
0.0165289
0.0206612
0.0371901
0.0371901
0.035124
0.072314
0.0475207
0.0454545
0.123967
0.0867769
0.0330578
0.0495868
0.0227273
0.0165289
0.0144628
0
0.171488
0
0
0.00826446
0.00826446
0.00619835
0.00206612
0.00413223
0
0.00413223
0
0.018595
0
0
0.0165289
0.00206612
0
0.00206612
0
0
0
0.0103306
0
0
0
0
0
0
0.00206612
0
0
0
0
0
0
0
0
0
0
0
0
0
0
0
0
0
0
0
0
0
0
0
0
0
0
0
0
0
0
0
0
0
0
0
0
0
0
0
0
0
0
0
0
0
0
0
0
0
0
0
0
0
0
0
0
0.00206612