0
0
0
0
0
0
0
0
0
0
0
0.000496032
0
0
0.000496032
0
0
0
0
0
0
0.000496032
0
0
0
0
0.000496032
0
0
0
0
0
0
0
0
0
0
0
0
0
0
0
0
0.000496032
0
0
0
0
0
0
0
0
0
0
0
0
0
0
0
0
0
0
0
0
0
0
0
0
0
0
0
0
0
0
0
0
0
0
0
0
0
0
0
0
0
0
0
0
0
0
0
0
0
0
0
0
0
0
0
0
0
0
0
0
0
0
0
0
0
0
0
0
0
0
0
0
0
0
0
0
0
0
0
0
0
0
0
0
0.000992064
0
0
0
0
0
0
0.000496032
0
0
0.000496032
0
0
0
0.00198413
0.000496032
0
0.00297619
0.00248016
0.0014881
0.000496032
0.0213294
0.00545635
0.0128968
0.0114087
0.0277778
0.0223214
0.0357143
0.0540675
0.0580357
0.0897817
0.173115
0.0922619
0.046131
0.047619
0.0248016
0.0128968
0.00496032
0.00446429
0
0.00248016
0
0.12252
0
0
0
0
0.000496032
0
0
0
0.000496032
0
0.000496032
0
0
0.0138889
0
0
0.000992064
0
0
0
0.0337302
0
0
0.000496032
0
0.000496032
0
0.00595238
0
0
0
0
0
0.000496032
0
0
0
0
0
0
0
0
0.03125
0
0
0
0
0
0
0
0
0
0.000992064
0
0
0
0.000992064
0
0
0
0
0
0
0.00843254
0
0
0
0
0
0
0.00198413
0
0
0
0
0
0
0
0
0
0
0
0
0
0.0143849