0
0
0
0
0
0
0
0
0
0
0
0.00164474
0
0
0.00328947
0
0
0.00164474
0
0
0
0.00493421
0
0
0
0
0.000822368
0
0.000822368
0
0
0
0
0
0
0
0
0
0
0
0
0
0
0
0
0
0
0
0
0
0
0
0
0
0
0
0
0
0
0
0
0
0
0
0
0
0
0
0
0
0
0
0
0
0
0
0
0
0
0
0
0
0
0
0
0.000822368
0
0
0
0
0
0
0
0
0
0
0
0
0
0
0
0
0
0
0
0
0
0
0
0
0
0
0
0
0
0
0
0.000822368
0
0.000822368
0
0
0
0
0
0
0
0
0.00164474
0
0
0
0
0
0
0
0.000822368
0
0.000822368
0
0
0
0.00246711
0
0
0.000822368
0.00164474
0
0.00411184
0.00904605
0.0115132
0.0197368
0.015625
0.0345395
0.0386513
0.0279605
0.0476974
0.0583882
0.116776
0.161184
0.0773026
0.0419408
0.0386513
0.0164474
0.0115132
0.00904605
0.00575658
0
0.00657895
0
0.0904605
0
0.000822368
0.00164474
0
0
0
0.000822368
0
0.000822368
0
0.00246711
0.000822368
0
0.00411184
0
0
0.000822368
0
0
0
0.0238487
0
0
0
0
0
0
0.00246711
0
0
0
0.000822368
0
0
0
0
0
0
0
0
0
0
0.0320724
0
0
0
0
0
0
0.000822368
0.000822368
0
0.00164474
0
0
0
0.00493421
0
0
0
0
0
0
0.0106908
0
0
0
0
0
0
0.00411184
0
0
0.00164474
0
0.000822368
0.00164474
0
0
0
0
0
0
0
0.0345395