0
0
0
0
0
0
0
0
0
0
0
0
0
0
0
0
0
0
0
0
0
0
0
0
0
0
0
0
0
0
0
0
0
0
0
0
0
0
0
0
0
0
0
0
0
0
0
0
0
0
0
0
0
0
0
0
0
0
0
0
0
0
0
0
0
0
0
0
0
0
0
0
0
0
0
0
0
0
0
0
0
0
0
0
0
0
0
0
0
0
0
0
0
0
0
0
0
0
0
0
0
0
0
0
0
0
0
0
0
0
0
0
0
0
0
0
0
0
0
0
0
0
0
0
0
0
0
0
0
0
0
0
0
0
0
0
0
0
0
0
0
0
0.003125
0
0
0.003125
0.003125
0
0.00625
0.00625
0.00625
0.0125
0.01875
0.028125
0.021875
0.028125
0.028125
0.071875
0.090625
0.084375
0.071875
0.046875
0.075
0.04375
0.03125
0.025
0.025
0.015625
0.003125
0
0.034375
0
0.015625
0.0125
0.009375
0
0.00625
0.0125
0
0.015625
0
0.0125
0
0.003125
0.003125
0
0
0.003125
0
0
0
0.009375
0
0.00625
0
0
0.003125
0
0.003125
0
0.003125
0
0.00625
0.003125
0
0.003125
0
0
0.003125
0
0
0
0
0.003125
0
0
0
0
0
0.003125
0.003125
0
0
0
0
0.00625
0
0
0.003125
0
0
0.003125
0.003125
0
0
0
0.00625
0.00625
0.003125
0.003125
0.003125
0
0
0.015625
0.003125
0
0.003125
0
0.00625
0.003125
0
0
0
0
0
0.003125