0
0
0
0
0
0
0
0
0
0.000168691
0
0.000168691
0.000168691
0
0.000337382
0
0
0.000168691
0
0
0
0.00134953
0
0
0
0
0
0
0
0
0
0
0
0
0
0
0
0
0
0
0
0
0
0.00607287
0
0
0
0
0
0
0
0
0
0
0
0
0
0
0
0
0.000168691
0
0
0
0.000506073
0
0
0
0
0
0
0
0
0
0
0
0
0
0
0
0
0
0
0
0
0.00202429
0
0
0
0
0
0
0
0
0
0
0.000168691
0
0
0
0
0
0
0
0
0
0.000337382
0
0
0
0
0
0
0.000168691
0
0
0
0
0
0.000168691
0
0
0
0
0
0
0
0
0.0254723
0
0
0
0.000337382
0
0
0.000168691
0
0
0.00118084
0.000337382
0.000506073
0
0.00236167
0.000337382
0.000168691
0.00253036
0.00168691
0.00101215
0.000674764
0.0119771
0.00303644
0.00657895
0.00354251
0.00809717
0.0128205
0.00438596
0.0247976
0.00978408
0.0276653
0.0418354
0.0495951
0.0214238
0.0819838
0.215418
0.0253036
0.0205803
0.0425101
0.000337382
0
0
0.138495
0
0
0
0.00101215
0.00320513
0.00202429
0.00421727
0.000168691
0.00607287
0
0.00910931
0.00134953
0
0.0305331
0
0.000674764
0.00118084
0.00118084
0
0
0.0347503
0
0
0.00118084
0
0.000168691
0
0.0113023
0
0.000337382
0
0.00101215
0
0.000168691
0.000337382
0.000168691
0
0
0
0
0
0
0.0254723
0
0
0
0
0
0
0
0.000506073
0
0.00236167
0
0
0
0.00573549
0
0
0.00101215
0
0
0
0.00624157
0
0
0
0.00101215
0
0
0.00303644
0
0
0.00134953
0
0
0.000843455
0
0
0
0
0
0
0
0.0433536