0
0
0
0
0
0
0
0
0
0
0
0.00132275
0
0
0
0
0
0.0026455
0
0
0
0
0
0
0
0
0.00132275
0
0
0
0
0
0
0
0
0
0
0
0
0
0
0
0
0
0
0
0
0
0
0
0
0
0
0
0
0
0
0
0
0
0
0
0
0
0
0
0
0
0
0
0
0
0
0
0
0
0
0
0
0
0
0
0
0
0
0
0
0
0
0
0
0
0
0
0
0
0
0
0
0.00132275
0
0
0
0
0
0
0
0
0
0
0
0
0
0
0
0
0
0
0
0
0
0
0
0
0
0
0
0
0.00132275
0
0
0
0
0
0
0
0
0
0
0
0
0
0.00132275
0.00132275
0.00132275
0.0026455
0
0.00396825
0
0.00529101
0
0
0.00132275
0.00661376
0.00529101
0.0026455
0.0277778
0.0185185
0.0462963
0.0648148
0.00793651
0.0462963
0.161376
0.100529
0.037037
0.104497
0.111111
0.00793651
0.00132275
0
0.157407
0
0
0
0.00132275
0.00529101
0.00396825
0.00396825
0
0.00925926
0
0.010582
0.00396825
0
0.00529101
0
0
0
0
0
0
0.00661376
0
0
0
0
0
0
0.00132275
0
0
0
0.00132275
0
0
0.00132275
0
0
0
0
0
0
0
0.00529101
0
0
0
0
0
0
0
0
0
0
0
0
0
0
0
0
0
0
0
0
0
0
0
0.0026455
0
0.00132275
0
0.00132275
0
0
0
0
0
0
0.00132275
0
0
0
0
0
0
0.00132275