0
0
0
0
0
0
0
0
0
0
0
0
0
0
0
0
0
0
0
0
0
0.000832986
0
0
0
0
0
0
0.000416493
0
0
0
0
0
0.000416493
0
0
0
0
0
0
0
0
0.00291545
0
0
0
0
0
0
0
0
0
0
0
0
0
0
0
0
0
0
0
0
0.000416493
0
0
0
0
0
0
0
0
0
0
0
0
0
0
0
0
0
0
0
0
0.00333195
0
0
0
0
0
0
0
0
0
0
0
0
0
0
0
0
0
0
0
0
0
0
0
0
0
0
0
0
0
0
0
0
0
0
0
0
0
0
0
0
0
0
0.0174927
0
0
0
0
0
0
0
0
0
0
0
0
0
0.00333195
0
0
0.00166597
0.00124948
0.00166597
0
0.030404
0.00124948
0.00249896
0.00291545
0.00874636
0.0058309
0.00749688
0.0349854
0.0154102
0.0362349
0.0662224
0.0212411
0.0208247
0.132445
0.185756
0.0270721
0.0362349
0.0662224
0
0
0
0.16035
0
0
0
0
0.00124948
0.00249896
0.0062474
0
0.00291545
0
0.00374844
0.00166597
0
0.00749688
0
0
0
0.000416493
0
0
0.00832986
0
0
0
0
0.000416493
0
0.00208247
0
0
0
0
0
0.000832986
0
0
0
0
0
0
0
0
0.00749688
0
0
0
0
0
0
0
0.000416493
0
0
0
0
0
0.000416493
0
0
0
0
0
0
0.00208247
0
0
0
0
0
0
0.000416493
0
0
0
0
0
0
0
0
0
0
0
0
0
0.0553936