0
0
0
0
0
0
0
0
0
0
0
0
0
0
0
0
0
0
0
0
0
0
0
0
0
0
0
0
0
0
0
0
0
0
0
0
0
0
0
0
0
0
0
0
0
0
0
0
0
0
0
0
0
0
0
0
0
0
0
0
0
0
0
0
0
0
0
0
0
0
0
0
0
0
0
0
0
0
0
0
0
0
0
0
0
0.00125
0
0
0
0
0
0.00125
0
0
0
0
0
0.00125
0
0
0
0
0.00125
0
0
0
0
0
0
0
0
0
0
0
0
0
0
0.00125
0
0.0025
0.0025
0.00125
0
0
0
0
0
0
0.00125
0
0
0
0
0.0025
0
0.00125
0.0025
0
0.00375
0.00125
0
0.00125
0
0.0025
0.00375
0.00625
0.005
0.00125
0.01
0.01
0.00375
0.00625
0.01375
0.02
0.01625
0.02625
0.04625
0.04875
0.09
0.16875
0.105
0.04125
0.05125
0.03875
0.035
0.01375
0.01625
0.0075
0.0075
0
0.07125
0
0.0025
0.0075
0.005
0.0025
0.00125
0.01
0.0025
0.01
0.00375
0.005
0.00375
0.005
0.01125
0.00125
0.0025
0.0025
0
0.0025
0
0.005
0
0
0.00125
0
0.00375
0.00125
0
0
0.00125
0
0.00125
0
0
0
0
0.00125
0
0
0
0
0
0.0025
0
0
0
0
0
0
0
0
0
0.0025
0
0
0
0
0
0
0
0
0
0
0.00125
0
0
0
0
0
0
0.0025
0
0
0.00125
0
0
0
0
0
0
0
0
0
0
0.00375