0
0
0
0.000650054
0.000650054
0.000866739
0.00216685
0.00108342
0.00130011
0.0028169
0.00130011
0.00216685
0.00195016
0.00346696
0.0028169
0.00195016
0.00130011
0.000866739
0.00303359
0.00216685
0.00108342
0.0028169
0.000650054
0.00151679
0.00108342
0.000433369
0.00151679
0.00108342
0.000650054
0
0.00173348
0.000433369
0.00173348
0.000650054
0.00130011
0.00151679
0.00130011
0.00108342
0.000866739
0.000433369
0.000433369
0.000216685
0
0.00650054
0
0.000433369
0.000216685
0.000433369
0.000216685
0.000650054
0.000216685
0
0.000433369
0.000433369
0
0.000433369
0
0
0
0
0.000650054
0.000650054
0
0
0.000866739
0
0
0
0.000433369
0
0
0
0
0
0.000433369
0
0
0.000216685
0
0
0.000433369
0
0
0
0
0.000216685
0
0
0
0
0
0.000216685
0
0
0
0
0.000216685
0.000216685
0
0.000433369
0
0
0.000433369
0
0.000216685
0
0
0
0
0.000216685
0
0.000216685
0
0.000433369
0
0
0
0.000216685
0
0.000216685
0.000433369
0
0
0
0
0
0
0
0.00130011
0
0
0.000433369
0
0.000433369
0
0.000433369
0
0.000216685
0.000433369
0.000433369
0.000433369
0.000433369
0.000866739
0.00108342
0.00108342
0.00108342
0.00173348
0.0028169
0.00390032
0.00910076
0.0166847
0.0225352
0.0296858
0.0327194
0.0452871
0.0487541
0.0743229
0.24442
0.200867
0.0546045
0.0283857
0.0229686
0.0160347
0.00975081
0.0071506
0.00498375
0.00151679
0.000650054
0.000433369
0
0.00736728
0
0
0.000216685
0.00108342
0.00108342
0.00130011
0.000650054
0.000866739
0.000433369
0
0.00130011
0.000433369
0
0.00108342
0
0.000650054
0.00151679
0.000650054
0.000433369
0
0.00151679
0
0
0.000650054
0
0.000433369
0.000216685
0.000650054
0
0
0
0.000216685
0
0.000650054
0.000216685
0.000216685
0.000216685
0
0.000216685
0
0
0
0.00151679
0
0
0
0
0
0
0
0.000216685
0
0
0.000216685
0.000216685
0
0.000433369
0
0
0.000433369
0.000433369
0
0
0.00130011
0
0.000216685
0.000433369
0
0
0
0.000650054
0.000433369
0.000433369
0.000650054
0
0
0.000433369
0.000650054
0.000650054
0.000433369
0.000650054
0.000216685
0
0
0.00671723