0
0
0
0
0
0
0
0
0
0
0
0
0
0
0
0
0
0
0
0
0
0
0
0
0
0
0
0
0
0
0
0
0
0
0
0
0
0
0
0
0
0
0
0.000641026
0
0
0
0
0
0
0
0
0
0
0
0
0
0
0
0
0
0
0
0
0
0
0
0
0
0
0
0
0
0
0
0
0
0
0
0
0
0
0
0
0
0
0
0
0
0
0
0
0
0
0
0
0
0
0
0
0
0
0
0
0
0
0
0
0
0
0
0
0
0
0
0
0
0
0
0
0
0
0
0
0
0
0
0
0
0
0
0
0
0
0
0
0
0
0
0
0
0
0.000641026
0
0
0
0.00192308
0
0
0.00576923
0.00128205
0.00769231
0.00769231
0.0102564
0.0173077
0.00833333
0.0429487
0.025
0.0525641
0.0628205
0.00448718
0.0320513
0.195513
0.0698718
0.0384615
0.117308
0.115385
0.000641026
0
0
0.158974
0
0
0
0
0.00128205
0.000641026
0.00320513
0
0.00576923
0
0.00320513
0.00128205
0
0.00320513
0
0
0.00128205
0
0
0
0.000641026
0
0
0
0
0
0
0.000641026
0
0
0
0
0
0
0
0
0
0
0
0
0
0
0.000641026
0
0
0
0
0
0
0
0
0
0
0
0
0
0
0
0
0
0
0
0
0
0
0
0
0
0
0
0
0
0
0
0
0
0
0
0
0
0
0
0
0
0.000641026