0
0
0
0
0
0
0
0
0
0
0
0
0
0
0
0
0
0
0
0
0
0
0
0
0
0
0
0
0
0
0.00277008
0
0
0
0
0.00277008
0
0
0
0
0
0
0
0
0
0
0
0
0
0
0
0.00277008
0
0
0
0
0
0
0
0
0
0
0
0
0
0
0
0
0
0
0
0
0
0
0
0
0
0
0
0
0
0
0
0
0
0
0
0
0
0
0
0
0
0
0
0
0
0
0
0
0
0.00277008
0
0
0
0
0
0
0
0
0
0
0
0.00277008
0
0
0
0
0
0
0
0
0
0
0
0
0
0
0
0
0
0.00277008
0
0.00277008
0
0
0.00277008
0
0
0.00277008
0.00277008
0.00277008
0.00277008
0.00277008
0.0110803
0.00277008
0.00277008
0
0.00554017
0.0110803
0.0110803
0.0221607
0.0166205
0.0360111
0.066482
0.0470914
0.099723
0.0831025
0.149584
0.0692521
0.0609418
0.0443213
0.0360111
0.0249307
0.0110803
0.00554017
0
0.00277008
0
0
0.00554017
0
0
0.00554017
0.00277008
0
0
0
0.00554017
0.00277008
0
0.00277008
0.0110803
0.00554017
0.00277008
0.00554017
0.00554017
0.0110803
0.0110803
0.00277008
0.00554017
0.00277008
0
0
0
0.00277008
0
0
0.00277008
0
0
0
0.00554017
0
0.00554017
0.00277008
0
0.00554017
0
0
0
0
0
0.0110803
0
0
0
0.00277008
0
0
0
0
0.00277008
0
0
0.00277008
0
0
0.00277008
0
0
0
0
0
0.00277008
0
0
0
0.00277008
0
0
0
0
0.00277008
0
0
0
0
0
0
0
0
0
0
0
0