0
0
0
0
0
0
0
0
0
0
0
0
0
0
0
0
0
0
0
0
0
0
0
0
0
0
0
0
0
0
0
0
0
0
0
0
0
0
0
0
0
0
0
0.0029036
0
0
0
0
0.00058072
0
0
0
0
0.00058072
0
0
0
0
0
0
0
0
0
0
0.00058072
0
0
0
0
0
0
0
0
0
0
0
0
0
0
0
0
0
0
0
0
0.00116144
0
0
0
0
0
0
0
0
0
0
0
0
0
0
0
0
0
0
0
0
0.00058072
0
0
0
0
0
0
0
0
0
0
0
0
0
0.00058072
0
0
0
0
0
0
0
0.0342625
0
0
0
0
0
0
0
0.00058072
0
0
0
0
0
0.00232288
0
0
0
0.00058072
0.00058072
0
0.0168409
0.00116144
0.0058072
0.00522648
0.00987224
0.00522648
0.00232288
0.0296167
0.0168409
0.0267131
0.0551684
0.0180023
0.0168409
0.129501
0.16144
0.0203252
0.043554
0.0963995
0.00174216
0.00058072
0
0.180023
0
0
0
0.00058072
0.00232288
0.0029036
0.00522648
0
0.00464576
0
0.0029036
0.00116144
0
0.0127758
0
0
0.00058072
0
0
0
0.0191638
0
0
0
0
0
0
0.00116144
0
0
0
0
0
0
0
0
0
0
0
0
0
0
0.010453
0
0
0
0
0
0
0
0
0
0.00058072
0
0
0
0.00116144
0
0
0.00058072
0
0
0
0.00058072
0
0
0
0
0.00058072
0
0
0
0
0
0
0
0
0
0
0
0
0
0
0
0.0441347