0
0
0
0
0
0
0
0
0
0
0
0
0
0
0
0
0
0
0
0
0
0
0
0
0
0
0
0
0
0
0
0
0
0
0
0
0
0
0
0
0
0
0
0.00554017
0
0
0
0
0
0
0
0
0
0
0
0
0
0
0
0
0
0
0
0
0
0
0
0
0
0
0
0
0
0
0
0
0
0
0
0
0
0
0
0
0
0
0
0
0
0
0
0
0
0
0
0
0
0
0
0
0
0
0
0
0
0
0
0
0
0
0
0
0
0
0
0
0
0
0
0
0
0
0
0
0
0
0
0
0.00277008
0
0
0
0
0
0
0
0
0
0.00277008
0
0
0
0.00554017
0
0
0
0
0
0
0.00554017
0
0.00277008
0
0.00554017
0.0166205
0.0277008
0.0415512
0.0277008
0.0415512
0.0637119
0.0609418
0.113573
0.0914127
0.099723
0.0747922
0.0526316
0.0415512
0.033241
0.0277008
0
0.116343
0
0.00277008
0.00277008
0.00277008
0.00277008
0.00554017
0.00831025
0
0.00554017
0
0
0
0
0.00554017
0.00277008
0
0
0
0
0
0
0
0
0
0
0
0
0
0
0
0
0
0
0
0
0
0
0
0
0
0
0
0
0
0
0
0
0
0
0
0
0
0
0
0
0
0
0
0
0
0
0
0
0
0
0
0
0
0
0
0
0
0
0
0
0
0
0
0
0
0
0
0
0
0