0
0
0
0
0
0
0
0
0
0
0
0
0
0
0
0
0
0
0
0
0
0
0
0
0
0
0
0
0
0
0
0
0
0
0
0
0
0
0
0
0
0
0
0.00107527
0
0
0
0
0
0
0
0
0
0
0
0
0
0.00107527
0
0
0
0
0
0
0.00107527
0
0
0
0
0
0
0
0
0
0
0
0
0
0
0
0
0
0
0
0
0
0
0
0
0
0
0
0
0
0
0
0
0
0
0
0
0
0
0
0
0
0
0
0
0
0
0
0
0
0
0
0
0
0
0
0
0
0
0
0
0
0
0
0
0
0
0
0
0
0
0
0
0
0.00107527
0
0
0
0
0
0
0
0.00537634
0.00107527
0.00107527
0.0107527
0.00215054
0.00645161
0.00645161
0.00967742
0.0129032
0.0150538
0.0258065
0.0236559
0.0419355
0.0505376
0.011828
0.0419355
0.169892
0.103226
0.0333333
0.0892473
0.111828
0.00322581
0
0
0.149462
0
0
0.00107527
0.00107527
0.00645161
0.0107527
0.011828
0
0.00752688
0
0.00860215
0.00430108
0
0.00430108
0
0
0
0.00322581
0.00107527
0
0.00215054
0
0
0
0
0
0.00107527
0.00215054
0
0
0
0
0
0
0
0
0
0
0
0
0
0
0.00107527
0
0
0
0
0
0
0
0
0
0
0
0
0
0
0
0
0
0
0
0
0.00215054
0
0
0
0
0
0
0
0
0
0
0
0
0
0
0
0
0
0
0
0
0