0
0
0.00024975
0.000749251
0.000624376
0.0004995
0.000624376
0.000374625
0.000624376
0.000874126
0.000124875
0
0.000624376
0.000124875
0
0.00024975
0.00024975
0.0004995
0.000624376
0.000374625
0
0.000749251
0.000124875
0.00024975
0.000374625
0
0.000124875
0.000124875
0.00024975
0.00024975
0.00024975
0
0
0.000124875
0
0
0.000124875
0.000124875
0
0.000124875
0
0
0
0.00124875
0
0.000124875
0
0.000124875
0
0
0.0004995
0.000124875
0
0.00024975
0
0
0
0
0
0
0
0
0
0
0.00024975
0
0
0
0
0
0
0.000124875
0
0
0.000124875
0
0
0
0
0
0
0
0
0
0
0.000124875
0
0
0
0
0
0
0
0
0.00024975
0
0
0
0
0.00024975
0
0
0
0
0
0
0.000124875
0
0
0.000124875
0
0
0
0.000124875
0
0.000124875
0
0.000374625
0
0
0
0
0
0
0.000124875
0
0.000124875
0
0.00274725
0.000124875
0.00024975
0.000374625
0
0.000749251
0.000374625
0.00024975
0.000374625
0.000749251
0.0004995
0.000624376
0.000374625
0.000374625
0.00112388
0.00112388
0.000374625
0.000749251
0.001998
0.00287213
0.0014985
0.00749251
0.00674326
0.00886613
0.0128621
0.014985
0.0172328
0.0201049
0.0288462
0.0188561
0.0274725
0.0303447
0.0176074
0.0711788
0.0781718
0.216409
0.0335914
0.0505744
0.00899101
0.00924076
0.000749251
0
0.124376
0
0
0.000374625
0.00624376
0.00487013
0.00112388
0.00162338
0.000624376
0.00312188
0
0.00724276
0.000874126
0.000999001
0.0340909
0.00024975
0.000374625
0.00162338
0
0.0004995
0
0.0455794
0
0.000124875
0.000624376
0
0.00024975
0
0.00487013
0
0.000124875
0.000124875
0.000874126
0
0
0.000374625
0.000124875
0.000124875
0.000124875
0
0
0
0
0.011988
0
0
0
0.000124875
0
0.000124875
0.000374625
0.000124875
0.000124875
0.0004995
0
0
0
0.00499501
0
0
0.000124875
0.00024975
0.00024975
0
0.00499501
0
0.000374625
0
0.000624376
0.000374625
0.000124875
0.00374625
0.000124875
0.000374625
0.00262238
0.0004995
0.0004995
0.00212288
0.00024975
0.0004995
0
0.0004995
0.000124875
0.0004995
0.000124875
0.00786713