0
0.000793651
0.00238095
0
0
0
0.000793651
0.0015873
0
0
0
0
0
0
0.000793651
0.0015873
0.00238095
0.000793651
0
0
0
0
0
0
0
0
0
0.000793651
0.000793651
0
0
0.000793651
0
0
0
0
0
0
0
0.000793651
0
0
0
0.000793651
0
0
0
0
0
0
0
0
0
0
0.000793651
0
0
0
0
0.000793651
0.000793651
0
0
0.0015873
0.000793651
0.000793651
0.000793651
0
0
0
0.000793651
0
0
0
0
0
0
0
0
0
0
0
0.000793651
0
0
0
0
0.000793651
0.000793651
0
0
0
0
0
0
0
0
0
0
0
0
0
0.000793651
0
0.000793651
0
0
0
0
0
0.000793651
0.000793651
0
0
0.000793651
0
0
0.000793651
0
0
0
0.000793651
0.000793651
0
0
0
0
0
0.0246032
0.0015873
0.000793651
0.000793651
0.000793651
0
0.000793651
0
0.000793651
0.0015873
0.0015873
0.00238095
0.0015873
0.0047619
0.00396825
0.00396825
0.00396825
0.00396825
0.00238095
0.00634921
0.00634921
0.0126984
0.0142857
0.0150794
0.0222222
0.0261905
0.0325397
0.0420635
0.0404762
0.0674603
0.198413
0.201587
0.0690476
0.0325397
0.0238095
0.0111111
0.0103175
0.00634921
0.00555556
0.00555556
0.0031746
0
0.0111111
0.000793651
0.0031746
0.00238095
0
0
0
0.0015873
0.000793651
0.0015873
0.0015873
0.000793651
0.00238095
0.0015873
0.000793651
0.0015873
0
0.0015873
0.0015873
0
0.00238095
0.000793651
0.000793651
0.000793651
0
0
0.000793651
0
0
0
0
0
0
0
0
0
0
0
0
0
0.000793651
0
0
0.000793651
0
0
0
0
0.000793651
0.000793651
0
0.000793651
0
0
0
0
0
0
0
0
0
0
0
0.0015873
0.000793651
0
0.000793651
0.000793651
0.000793651
0
0
0
0
0
0.000793651
0
0.000793651
0
0
0
0
0
0.000793651
0.000793651
0
0.0047619