0
0
0
0
0
0
0
0
0
0
0
0
0
0
0
0
0
0
0
0
0
0
0
0
0
0
0
0
0
0
0
0
0
0
0
0
0
0
0
0
0
0
0
0
0
0
0
0
0
0
0
0
0
0
0
0
0
0
0
0
0
0
0
0
0
0
0
0
0
0
0
0
0
0
0
0
0
0
0
0
0
0
0
0
0
0
0
0
0
0
0
0
0
0
0
0
0
0
0
0
0
0
0
0
0
0
0
0
0
0
0
0
0
0
0
0
0
0
0
0
0
0
0
0
0
0
0
0
0
0
0
0
0
0
0
0
0
0
0
0
0
0
0
0.00094697
0
0.00094697
0.00094697
0
0
0
0.00094697
0.00284091
0
0.00378788
0.00284091
0.00378788
0.00852273
0.0217803
0.0284091
0.0492424
0.0359848
0.0568182
0.162879
0.105114
0.199811
0.0568182
0.0606061
0.0416667
0.0170455
0
0.0625
0.00094697
0
0.00662879
0.00378788
0.0104167
0.00094697
0.00284091
0.00378788
0.00189394
0.00094697
0.00094697
0.00094697
0
0
0.00094697
0
0
0.00094697
0.00094697
0
0.00094697
0
0
0
0
0.00189394
0.00094697
0.00094697
0
0.00189394
0
0.00094697
0.00094697
0.00094697
0.00094697
0
0.00189394
0
0.00094697
0
0
0
0.00378788
0
0
0
0.00094697
0
0
0.00094697
0
0
0
0
0
0
0.00094697
0
0.00189394
0
0
0.00094697
0
0.00094697
0.00094697
0.00094697
0.00094697
0.00189394
0.00094697
0
0.00189394
0
0.00189394
0.00284091
0
0.00189394
0
0
0
0
0.00094697
0
0
0
0