0
0
0
0
0
0
0
0
0
0
0
0
0
0
0
0
0
0
0
0
0
0.0015625
0
0
0
0
0
0
0
0
0
0
0
0
0
0
0
0
0
0
0
0
0
0.00390625
0
0
0
0
0
0
0
0
0
0
0
0
0
0
0
0
0
0
0
0
0
0
0
0
0
0
0
0
0
0
0
0
0
0
0
0
0
0
0
0
0
0
0
0
0
0
0
0
0
0
0
0
0
0
0
0
0
0
0
0
0
0
0
0
0
0
0
0
0
0
0
0
0
0
0
0
0
0
0
0
0
0
0
0
0.00390625
0
0
0
0
0
0
0
0.0015625
0
0
0
0.0015625
0
0.00078125
0.00078125
0.00078125
0.0015625
0.00234375
0.00625
0.0101562
0.00859375
0.0148437
0.0132813
0.01875
0.0351563
0.0304688
0.0429688
0.0414063
0.0375
0.0976563
0.148438
0.116406
0.0609375
0.0351563
0.028125
0.0140625
0.0109375
0.0117188
0.0109375
0.00234375
0
0.0429688
0
0.00078125
0.0046875
0.00078125
0.003125
0.00234375
0.0015625
0.00234375
0.0078125
0.0015625
0.00546875
0.00234375
0.003125
0.00546875
0.00078125
0
0.00546875
0.00234375
0.0015625
0
0.0109375
0
0
0
0
0.0046875
0.00390625
0.00390625
0
0.00546875
0
0.0015625
0
0.003125
0.0015625
0
0.00078125
0.00078125
0
0
0
0
0.0164062
0
0
0
0
0
0.0015625
0.0015625
0.0015625
0
0.00078125
0
0
0
0.00234375
0.00078125
0
0.0015625
0.0015625
0
0
0.009375
0
0.00078125
0.0015625
0.0015625
0
0
0
0
0.00078125
0
0
0
0.00078125
0
0
0
0
0.00078125
0
0
0.0101562