0
0.00842697
0.00178754
0.000766088
0.000766088
0.000638407
0.000383044
0.000510725
0.000127681
0
0.000127681
0.000510725
0.000127681
0
0.000510725
0.000127681
0
0
0
0
0
0.000638407
0.000127681
0
0
0
0
0.000127681
0.000255363
0
0.000127681
0
0.000127681
0
0
0
0
0.000127681
0
0
0
0
0
0.0034474
0
0.000127681
0
0
0
0
0
0
0.000127681
0.000127681
0.000127681
0.000127681
0.000127681
0.000127681
0.000510725
0
0.000638407
0.000638407
0.000638407
0.000383044
0.00165986
0.000383044
0.000893769
0.00127681
0.000383044
0.000383044
0.000255363
0.00114913
0.000383044
0.000510725
0.000255363
0
0.000127681
0.000127681
0
0
0.000383044
0
0
0
0
0.00140449
0
0
0
0.000127681
0.000127681
0
0.000127681
0
0.000255363
0
0
0
0
0.000383044
0
0
0.000127681
0
0
0.000127681
0.000638407
0
0.000127681
0
0
0.000127681
0
0
0
0
0
0.000510725
0
0
0.000255363
0
0
0.000127681
0
0
0
0
0.00510725
0.000383044
0.000127681
0.000127681
0.000383044
0.000255363
0.00127681
0.00153218
0.00165986
0.000510725
0.0020429
0.00165986
0.00459653
0.00383044
0.00855465
0.00829928
0.00766088
0.011236
0.00944842
0.0164709
0.014428
0.0284729
0.0303882
0.0402196
0.0444331
0.0372829
0.0273238
0.0255363
0.022855
0.0308989
0.16573
0.211185
0.0291113
0.0127681
0.0177477
0.0141726
0.00919305
0.00574566
0.00663943
0.00242594
0.000893769
0.0020429
0.0301328
0.000255363
0.000255363
0
0.000893769
0.000510725
0.000383044
0.000383044
0.000255363
0.000255363
0
0.00165986
0
0.000255363
0.00229826
0.000127681
0.000127681
0.000255363
0.000255363
0
0
0.00242594
0.000127681
0
0.000255363
0
0.000255363
0.000383044
0.000383044
0
0.000127681
0
0
0
0
0.000255363
0
0.000127681
0
0.000127681
0
0
0
0.00395812
0
0
0
0.000127681
0.000127681
0
0.000255363
0.000127681
0.000127681
0.000255363
0
0
0
0.000510725
0.000383044
0
0.000127681
0.000383044
0
0
0.00102145
0.000255363
0.000127681
0
0
0
0.000127681
0.000766088
0.000127681
0.000510725
0
0.000127681
0.000383044
0.000510725
0.000127681
0.000255363
0.000383044
0.000766088
0.00153218
0.00229826
0.00919305
0.0315373