0
0
0
0
0
0
0
0
0
0
0
0
0
0
0
0
0
0
0
0
0
0
0
0
0
0
0
0
0
0
0
0
0
0
0
0
0
0
0
0
0
0
0
0.00197628
0
0
0
0
0
0
0
0
0
0
0
0
0
0
0
0
0
0
0
0
0
0
0
0
0
0.00197628
0
0
0
0
0
0
0
0
0
0
0
0
0
0
0
0
0
0
0
0
0
0
0
0
0
0
0
0
0
0
0
0
0
0
0
0
0
0
0
0.00197628
0
0
0
0
0
0.00197628
0
0
0
0
0
0
0
0
0
0
0
0
0.00197628
0
0
0
0
0.00592885
0
0.00592885
0.00988142
0.00395257
0.00395257
0.00395257
0
0.00197628
0.00988142
0.0158103
0.00988142
0.0177866
0.0118577
0.00790514
0.0158103
0.0316206
0.0217391
0.0454545
0.0335968
0.0375494
0.0573123
0.0849802
0.104743
0.120553
0.130435
0.0592885
0.0316206
0.00988142
0.0177866
0.0118577
0.00790514
0.00395257
0.00988142
0.00395257
0.00790514
0
0.00988142
0
0
0
0.00197628
0.00197628
0
0
0
0
0
0.00395257
0
0
0
0
0
0
0
0
0
0.00197628
0
0
0
0
0
0
0.00395257
0
0
0
0
0
0
0
0
0
0
0
0
0
0
0.00592885
0
0
0
0
0
0
0
0
0
0
0
0
0
0.00395257
0
0
0
0
0
0
0
0
0
0
0
0
0
0
0
0
0
0
0
0
0
0
0
0
0
0
0
0