0
0
0
0
0
0
0
0
0.000316256
0
0
0
0
0
0
0
0
0
0
0
0
0.000316256
0
0.000316256
0.000632511
0.000316256
0
0
0.000316256
0
0
0.000316256
0
0
0
0
0
0
0
0.000316256
0
0
0
0.00126502
0
0
0
0
0.000316256
0
0
0
0
0
0
0.000316256
0.000316256
0
0
0
0
0
0
0
0
0.000316256
0
0
0
0
0
0
0
0
0.000316256
0
0
0
0
0
0
0
0
0
0
0
0
0
0
0
0
0
0
0
0
0.000316256
0
0
0
0.000316256
0
0
0
0
0.000316256
0
0.000632511
0
0
0
0
0
0
0.000948767
0
0
0
0.000316256
0
0.000316256
0
0.000316256
0
0
0
0
0.000316256
0
0.0158128
0.000316256
0.000632511
0.000316256
0.000316256
0.00158128
0.00253004
0.000632511
0.000948767
0.00158128
0.00158128
0.00221379
0.00253004
0.00253004
0.00411132
0.00506009
0.00379507
0.00822264
0.0104364
0.00917141
0.00948767
0.0180266
0.0145478
0.0211891
0.0243517
0.030993
0.0328906
0.0243517
0.0319418
0.0199241
0.0414295
0.231815
0.186591
0.0230867
0.0117015
0.00980392
0.0101202
0.0110689
0.00759013
0.00664137
0.0028463
0.00379507
0.00980392
0.0028463
0.00474383
0.0028463
0.00221379
0.00189753
0.00221379
0.00316256
0.00189753
0.00253004
0.00253004
0.00253004
0.00158128
0.000948767
0.000632511
0.000632511
0.00189753
0
0.000948767
0.000948767
0.00126502
0.00221379
0.000948767
0.000632511
0.000316256
0.000632511
0.00126502
0.000632511
0.000948767
0.000316256
0.000316256
0.000316256
0
0.000316256
0.000316256
0.000632511
0.000948767
0
0
0
0.000316256
0
0
0.00126502
0
0.000316256
0
0
0.000316256
0
0
0.000316256
0
0
0
0.000316256
0.000316256
0.000316256
0.000316256
0
0.000316256
0.000632511
0
0
0
0.000632511
0
0
0
0.000316256
0.000316256
0
0
0.000316256
0.000316256
0.000316256
0.000316256
0
0.000316256
0.000316256
0
0.000316256
0
0.000316256
0
0.0746363