0
0
0
0
0
0
0
0
0
0
0
0
0
0
0
0
0
0
0
0
0
0.00396825
0
0
0.00132275
0
0
0
0.00661376
0
0.00132275
0
0.0026455
0
0.00132275
0
0
0
0
0
0
0
0
0.0132275
0
0
0
0
0.00132275
0
0.00132275
0.0026455
0
0
0
0
0
0.00132275
0.00132275
0
0
0
0
0
0.00132275
0
0
0
0
0
0
0
0
0
0
0
0
0
0
0
0
0
0
0
0
0.00132275
0
0
0
0
0
0
0
0
0
0
0
0
0
0
0
0
0
0
0
0
0
0
0
0.00132275
0
0
0
0
0
0
0
0.00132275
0
0
0.00132275
0
0
0
0
0
0
0
0.0026455
0
0
0
0
0.00132275
0
0
0
0.00132275
0.00132275
0
0
0
0.0026455
0.00396825
0.00132275
0.00793651
0.0026455
0
0.00132275
0.015873
0.0145503
0.00925926
0.015873
0.0304233
0.0357143
0.047619
0.0621693
0.136243
0.154762
0.0568783
0.0462963
0.0357143
0.0277778
0.0224868
0.00925926
0.00793651
0.00132275
0.00132275
0.00132275
0.00132275
0.0449735
0
0.0026455
0.00132275
0.00132275
0.00132275
0.00661376
0.00396825
0
0
0
0.010582
0
0
0.00529101
0
0.00132275
0.00529101
0
0
0
0.0238095
0
0
0
0
0.00132275
0
0.010582
0
0
0
0
0
0
0
0
0
0
0
0
0
0
0.0198413
0
0
0
0
0
0
0.00132275
0.00132275
0
0.00661376
0
0
0
0.00661376
0
0
0.00132275
0
0
0
0.0119048
0
0
0
0
0
0
0.00132275
0
0
0
0
0
0.00132275
0.00132275
0
0
0
0.0026455
0
0
0.0185185