0
0
0
0
0
0
0
0
0
0
0
0
0
0
0
0
0
0
0
0
0
0
0
0
0
0
0
0
0
0
0
0
0
0
0
0
0
0
0
0
0
0
0
0.00189394
0
0
0
0
0
0
0
0
0
0
0
0
0
0
0
0
0
0
0
0
0
0
0
0
0
0
0
0
0
0
0
0
0
0
0
0
0
0
0
0
0
0.00189394
0
0
0
0
0
0
0
0
0
0
0
0
0
0
0
0
0
0
0
0
0
0
0
0
0
0
0
0
0
0
0
0
0
0
0
0
0
0
0
0
0
0
0
0
0
0
0
0
0
0
0
0
0
0
0
0
0
0.00189394
0
0
0.00189394
0
0
0.0113636
0.0151515
0.0189394
0.00568182
0.0132576
0.0170455
0.0189394
0.0587121
0.032197
0.0719697
0.0814394
0.0909091
0.0625
0.0757576
0.0473485
0.030303
0.032197
0.0094697
0.0151515
0.00189394
0
0.151515
0
0
0.00568182
0.00378788
0
0.00189394
0.00378788
0
0.00378788
0
0.0094697
0.00189394
0
0.0208333
0
0
0.00189394
0
0
0
0.0170455
0
0
0
0
0
0
0.00189394
0
0.00189394
0
0.00189394
0
0
0
0
0
0
0
0
0
0
0.0189394
0
0
0
0
0
0
0
0
0
0
0
0
0
0
0
0
0.00568182
0
0
0
0.00757576
0
0
0
0
0
0
0
0
0
0.00189394
0
0
0
0
0.00189394
0
0
0
0
0
0.0189394