0
0
0
0
0
0
0
0
0
0
0
0
0
0
0.00284091
0
0
0
0
0
0
0
0
0
0
0
0
0
0
0
0
0
0
0
0
0
0
0
0
0
0
0
0
0.00094697
0
0
0
0
0
0
0
0
0
0
0
0
0
0
0
0
0
0
0
0
0
0
0
0
0
0
0
0
0
0
0
0
0
0
0
0
0
0
0
0
0
0
0
0
0
0
0
0
0
0
0
0
0
0
0
0.00094697
0
0
0
0
0
0
0
0
0
0
0
0
0
0
0
0
0
0
0
0
0
0
0
0
0
0
0
0
0.00757576
0
0
0
0
0
0.00094697
0.00094697
0
0
0.00568182
0
0.00094697
0
0.00568182
0
0.00094697
0.00284091
0.00094697
0
0.00284091
0.0284091
0.00568182
0.0094697
0.0198864
0.0246212
0.0189394
0.030303
0.0501894
0.0568182
0.0814394
0.163826
0.0994318
0.0511364
0.0568182
0.0198864
0.0104167
0.00852273
0.0142045
0.00094697
0.00284091
0
0.0975379
0
0
0
0.00189394
0.00189394
0.00094697
0.00284091
0
0.00189394
0
0.0104167
0
0.00094697
0.0113636
0
0
0.00189394
0.00094697
0.00094697
0
0.0094697
0
0.00094697
0
0
0
0
0.00757576
0
0
0
0.00189394
0
0
0
0
0
0
0
0
0
0
0.0113636
0
0
0
0
0
0
0
0.00094697
0
0
0
0
0
0.00284091
0
0
0
0
0
0
0.0123106
0
0
0
0.00189394
0
0
0.00473485
0
0
0.00284091
0
0
0.00094697
0
0
0
0
0
0
0
0.0208333