0
0
0
0
0
0
0
0
0
0
0
0
0
0
0
0
0
0
0
0
0
0
0
0
0
0
0
0
0
0
0
0
0
0
0
0
0
0
0
0
0
0
0
0.00184332
0
0
0
0
0
0
0
0
0
0
0
0
0
0
0
0
0
0
0
0
0
0
0
0
0
0
0
0
0
0
0
0
0
0
0
0
0
0
0
0
0
0
0
0
0
0
0
0
0
0
0
0
0
0
0
0
0
0
0
0
0
0
0.000921659
0
0
0
0
0
0
0.000921659
0
0
0
0
0
0
0
0
0
0
0
0
0
0
0.00552995
0
0
0
0
0
0
0
0.000921659
0
0.00276498
0
0
0
0.00276498
0
0
0.000921659
0.00184332
0
0
0.00921659
0.000921659
0.00645161
0.00737327
0.0239631
0.00921659
0.0184332
0.040553
0.0313364
0.037788
0.0930876
0.0728111
0.123502
0.107834
0.0728111
0.0322581
0.0193548
0.0202765
0.0193548
0.00276498
0
0.125346
0
0
0.00460829
0.000921659
0.000921659
0.00368664
0.000921659
0
0.00460829
0
0.0156682
0
0
0.0488479
0
0
0
0
0
0
0.00645161
0
0
0
0
0.00184332
0
0.00737327
0
0
0
0.000921659
0
0
0
0
0
0
0
0
0
0
0.00737327
0
0
0
0
0
0
0.000921659
0
0
0
0
0
0
0
0
0
0
0
0
0
0.00184332
0
0
0
0
0
0
0
0
0
0
0
0
0
0
0
0
0
0
0
0
0