0
0
0
0
0
0
0
0
0
0
0
0
0
0
0
0
0
0
0
0
0
0
0
0
0
0
0
0
0
0
0
0
0
0
0
0
0
0
0
0
0
0
0
0
0
0
0
0
0
0
0
0
0
0
0
0
0
0
0
0
0
0
0
0
0
0
0
0
0
0
0
0
0
0
0
0
0
0
0
0
0
0
0
0
0
0
0
0
0
0
0
0
0
0
0
0
0
0
0
0
0
0
0
0
0
0
0
0
0
0
0
0
0
0
0
0
0
0
0
0
0
0
0
0
0
0
0
0
0.00167224
0
0
0
0
0
0
0
0
0
0.00167224
0
0
0
0.00334448
0
0
0.00167224
0.00334448
0
0.00334448
0.00668896
0.00334448
0.00668896
0.0200669
0.0183946
0.0183946
0.0234114
0.083612
0.100334
0.167224
0.17893
0.0819398
0.0434783
0.041806
0.0501672
0.0267559
0.0200669
0.0117057
0.0100334
0.00501672
0
0.0501672
0.00167224
0
0
0.00334448
0.00167224
0
0
0
0.00167224
0
0
0.00167224
0
0.00167224
0
0
0
0
0
0
0
0
0
0
0
0
0
0
0
0
0
0
0
0
0
0
0
0
0
0
0
0
0.00167224
0
0
0
0
0
0
0
0
0
0
0
0
0
0
0
0
0
0
0.00167224
0
0
0
0
0
0.00167224
0
0
0
0
0
0
0
0
0
0
0
0
0
0
0
0
0