0
0
0
0
0
0
0
0
0
0
0
0
0
0
0
0
0
0
0
0
0
0
0
0
0
0
0
0
0
0
0
0
0
0
0
0
0
0
0
0
0
0
0
0.0014245
0
0
0
0
0
0
0
0
0
0
0
0
0
0
0
0
0
0
0
0
0
0
0
0
0
0
0
0
0
0
0
0
0
0
0
0
0
0
0
0
0
0.002849
0
0
0
0
0
0
0
0
0
0
0
0
0
0
0
0
0
0
0
0
0
0
0
0
0
0
0
0
0
0
0
0
0
0
0
0
0
0
0
0
0
0
0.00569801
0
0
0
0
0
0
0
0
0
0
0
0
0
0
0
0
0.0014245
0
0.0014245
0
0.00712251
0.0014245
0.00569801
0.00569801
0.00997151
0.019943
0.017094
0.0441595
0.0299145
0.0655271
0.132479
0.0854701
0.0811966
0.0826211
0.048433
0.02849
0.014245
0.0156695
0.0042735
0.0042735
0
0.179487
0
0
0
0
0
0
0
0
0.002849
0
0.002849
0
0
0.022792
0
0
0.0014245
0
0
0
0.0356125
0
0
0
0
0
0
0.002849
0
0
0
0
0
0
0
0
0
0
0
0
0
0
0.017094
0
0
0
0
0
0
0
0
0
0.0014245
0
0
0
0
0
0
0
0
0
0
0.00569801
0
0
0
0
0
0
0.002849
0
0
0
0
0
0
0
0
0
0
0
0
0
0.00854701