0
0
0
0
0
0
0
0
0
0
0
0
0
0
0
0
0
0
0
0
0
0
0
0
0
0
0
0
0
0
0
0
0
0
0
0
0
0
0
0
0
0
0
0.00367647
0
0
0
0
0
0
0
0
0
0
0
0
0
0
0
0
0
0
0
0
0
0
0
0
0
0
0
0
0
0
0
0
0
0
0
0
0
0
0
0
0
0
0
0
0
0
0
0
0
0
0
0
0
0
0
0
0
0
0
0
0
0
0
0
0
0
0
0
0
0
0
0
0
0
0
0
0
0
0
0
0
0
0
0
0
0
0
0
0
0
0
0
0
0
0
0
0
0
0
0
0
0
0.00367647
0
0
0
0
0.00735294
0
0.00367647
0.0183824
0.0110294
0.0220588
0.0330882
0.0477941
0.0625
0.0625
0.0992647
0.113971
0.0882353
0.0257353
0.0625
0.0514706
0.00735294
0.0147059
0
0.0845588
0
0
0
0.0110294
0.00367647
0.00367647
0.00735294
0
0.0110294
0
0.0220588
0
0
0.0588235
0.00367647
0
0.00735294
0
0
0
0.0110294
0
0
0
0
0
0
0.0110294
0
0
0
0
0
0
0
0
0
0
0
0
0
0
0.00735294
0
0
0
0
0
0
0
0
0
0
0
0
0
0.00367647
0
0
0
0
0
0
0.0110294
0
0
0
0
0
0
0
0
0
0
0
0
0
0
0
0
0
0
0
0
0.00367647