0
0
0
0
0
0
0
0
0
0.000712251
0
0
0
0
0.0014245
0
0
0
0
0
0
0.000712251
0
0
0
0
0
0
0
0
0
0
0
0
0
0
0
0
0
0
0
0
0
0.000712251
0
0
0
0
0
0
0
0.000712251
0
0
0
0
0
0.000712251
0
0
0
0
0
0
0.00213675
0
0
0
0
0
0
0.0014245
0
0
0
0
0
0
0
0
0
0
0
0
0
0.000712251
0
0
0
0
0
0
0
0
0
0
0
0
0
0
0
0
0
0
0
0
0
0
0
0
0
0
0
0
0
0
0
0
0
0
0
0
0
0
0
0
0
0
0.00213675
0
0
0
0
0
0
0
0
0
0
0
0.0014245
0
0.000712251
0.000712251
0.000712251
0.002849
0.002849
0.00213675
0.0014245
0.011396
0.00569801
0.00925926
0.0163818
0.02849
0.0156695
0.0320513
0.0356125
0.0619658
0.160256
0.191595
0.0541311
0.0320513
0.042735
0.0270655
0.0156695
0.0121083
0.00783476
0.000712251
0.00569801
0
0.11396
0
0.000712251
0.0014245
0.0014245
0.0014245
0.000712251
0.00213675
0
0.0014245
0
0.0042735
0
0
0.022792
0.0014245
0
0.000712251
0.000712251
0
0
0.00712251
0
0
0
0
0.000712251
0.000712251
0.0106838
0
0
0
0.00213675
0
0
0
0
0
0
0
0
0
0
0.00925926
0
0
0
0
0
0
0.0014245
0
0
0.0014245
0
0.000712251
0
0.0042735
0.000712251
0
0.002849
0.000712251
0
0
0.00213675
0
0.000712251
0
0.000712251
0
0
0.0014245
0
0.000712251
0
0
0
0
0.000712251
0
0
0.000712251
0
0
0
0.00641026