0
0
0.00277778
0
0
0
0.00277778
0
0
0
0
0.00277778
0
0
0.00277778
0
0
0
0
0
0
0
0
0
0
0
0
0.00277778
0
0
0
0
0
0
0
0
0
0
0
0
0
0
0
0
0
0
0
0
0
0
0
0
0
0
0
0
0
0
0
0
0
0
0
0
0
0
0
0
0
0
0
0
0
0
0
0
0
0
0
0
0
0
0
0
0
0
0
0
0
0
0
0
0
0
0
0
0
0
0
0
0
0
0
0
0
0
0
0
0
0
0
0
0
0
0
0
0
0
0
0
0
0
0
0
0
0
0
0
0.00277778
0
0
0
0
0
0
0.00277778
0
0
0.00555556
0
0.00277778
0.00277778
0
0
0
0.00277778
0.00833333
0
0.00277778
0.0361111
0.0166667
0.0222222
0.0222222
0.0388889
0.0444444
0.0555556
0.0944444
0.113889
0.0694444
0.0444444
0.0666667
0.0444444
0.0333333
0.0444444
0.0305556
0.025
0.0138889
0.0138889
0.0111111
0
0.0305556
0
0.00277778
0.00555556
0.00277778
0
0
0.00277778
0
0.0138889
0
0.00277778
0.00277778
0.00277778
0.00277778
0
0.00277778
0.00277778
0
0.00277778
0
0.00277778
0
0.00277778
0
0
0
0
0.00277778
0.00277778
0
0
0
0
0
0
0
0
0.00277778
0
0.00555556
0
0
0.00555556
0
0
0
0
0
0
0
0
0.00277778
0
0
0
0
0
0
0
0.00277778
0
0
0
0
0
0
0
0
0
0
0
0
0
0
0
0
0.00277778
0
0
0.00277778
0
0
0
0
0