0
0
0
0
0.0012285
0
0
0
0.000614251
0.000614251
0.000614251
0
0
0
0
0.000614251
0
0
0.0012285
0.000614251
0.000614251
0.000614251
0.000614251
0.000614251
0
0.000614251
0.00184275
0
0.000614251
0
0
0
0
0.000614251
0.000614251
0
0
0.000614251
0.000614251
0.000614251
0.000614251
0
0
0.00184275
0
0
0
0.0012285
0
0.000614251
0.000614251
0.000614251
0
0
0
0
0.000614251
0.0012285
0.000614251
0
0.000614251
0
0
0
0.000614251
0
0
0
0
0
0
0
0
0
0
0
0
0
0
0
0
0
0
0
0
0.0012285
0
0
0
0.000614251
0
0
0
0
0
0
0.000614251
0
0
0
0
0
0
0
0
0
0
0
0
0
0
0
0
0
0
0
0
0.000614251
0
0
0
0.0012285
0
0
0
0.000614251
0.000614251
0
0.00982801
0
0.000614251
0
0
0
0
0
0
0
0
0.00184275
0.000614251
0.002457
0.002457
0.0012285
0
0.00429975
0.00798526
0.002457
0.0128993
0.0165848
0.0159705
0.0165848
0.022113
0.027027
0.0374693
0.0282555
0.0374693
0.031941
0.0552826
0.152948
0.239558
0.0350123
0.02457
0.0214988
0.0110565
0.0104423
0.00798526
0.00798526
0.00614251
0.004914
0.022113
0.00184275
0.00429975
0.004914
0.00429975
0.00184275
0.00552826
0.00184275
0.0036855
0.00307125
0.00429975
0.00429975
0.00184275
0.002457
0.004914
0.000614251
0.0012285
0.000614251
0
0
0.0012285
0.004914
0.0012285
0.000614251
0.000614251
0.000614251
0.0012285
0.000614251
0.00184275
0
0.000614251
0.0012285
0.002457
0
0
0
0
0.00184275
0.0012285
0
0.000614251
0.000614251
0
0.0012285
0
0
0.000614251
0
0
0
0
0
0
0
0.000614251
0
0
0.00184275
0
0
0
0
0
0
0
0
0.00184275
0.000614251
0
0
0
0.000614251
0
0.0012285
0
0
0
0.000614251
0
0
0.000614251
0.000614251
0
0
0
0.00798526