0
0
0.000239464
0
0
0.000239464
0.000239464
0.000239464
0
0
0
0.000239464
0.000239464
0
0
0
0.000478927
0.000718391
0
0
0
0.000239464
0
0
0
0
0
0.000239464
0
0
0.000478927
0
0.000478927
0
0.000239464
0
0
0.000478927
0
0
0
0
0
0.00191571
0
0.000239464
0
0
0.000239464
0.000239464
0
0.000478927
0
0
0.000239464
0.000239464
0
0.000239464
0
0.000239464
0.000718391
0
0.000239464
0
0.000478927
0
0.000239464
0.000239464
0.000239464
0
0
0
0
0
0
0
0
0
0
0
0
0.000239464
0
0
0
0.000478927
0
0
0
0
0
0
0
0
0.000239464
0
0
0.000239464
0
0
0
0.000478927
0.000239464
0
0
0
0
0
0
0.000239464
0
0
0
0.000239464
0.000239464
0
0.000239464
0.000239464
0.000239464
0.000478927
0.000478927
0
0.000478927
0
0.000239464
0.000239464
0.000239464
0
0.0153257
0.000478927
0.000478927
0.000239464
0.000718391
0
0.000239464
0.00239464
0.00167625
0.00239464
0.00383142
0.00143678
0.00215517
0.00119732
0.00383142
0.00215517
0.00287356
0.00359195
0.0052682
0.00670498
0.00550766
0.0110153
0.0124521
0.0153257
0.0208333
0.0280172
0.0296935
0.0205939
0.0308908
0.0280172
0.045977
0.208573
0.176006
0.0316092
0.0229885
0.0160441
0.0186782
0.0167625
0.00670498
0.00598659
0.00407088
0.00239464
0.0220307
0.00287356
0.00215517
0.00311303
0.00215517
0.00287356
0.0026341
0.0026341
0.000478927
0.00143678
0.000957854
0.00119732
0.000239464
0.00191571
0.00287356
0.000718391
0.000478927
0.000957854
0.000478927
0.000478927
0
0.00143678
0.000239464
0.000239464
0
0.000478927
0.000718391
0.000239464
0.000239464
0.000239464
0.000718391
0.000239464
0.000239464
0.000478927
0.000239464
0.000478927
0.000239464
0
0
0.000239464
0.000239464
0
0
0.00143678
0
0
0
0.000239464
0
0
0
0
0
0
0.000239464
0
0.000239464
0.000478927
0
0.000239464
0
0.000239464
0.000239464
0
0.000239464
0
0
0
0.000718391
0
0
0
0
0.000239464
0.000718391
0
0.000718391
0.000239464
0.000239464
0
0.000478927
0
0.000239464
0
0
0.101533