0
0
0
0
0
0
0
0
0
0
0
0
0
0
0
0
0
0
0
0
0
0
0
0
0
0
0
0
0.00148148
0
0
0
0
0
0
0
0
0
0
0
0
0
0
0
0
0
0
0
0
0
0
0
0
0
0
0
0
0
0
0
0
0
0
0
0
0
0
0
0
0
0
0
0
0
0
0
0
0
0
0
0
0
0
0
0
0
0
0
0
0
0
0
0
0
0
0
0
0
0
0
0
0
0
0
0
0
0
0
0
0
0
0.00148148
0
0
0
0
0
0
0
0
0
0
0
0
0
0
0
0
0.00148148
0
0
0
0.00148148
0
0
0
0
0
0
0
0
0
0.00296296
0
0.00296296
0.00148148
0.00296296
0.00740741
0.00296296
0.0133333
0.00444444
0.00740741
0.0192593
0.0251852
0.0251852
0.042963
0.0740741
0.0933333
0.198519
0.146667
0.082963
0.0207407
0.0414815
0.0192593
0.0266667
0.0148148
0.0162963
0.00592593
0.00148148
0.00148148
0.0637037
0
0.00148148
0.00148148
0
0.00148148
0
0
0
0.00148148
0.00296296
0
0.00148148
0
0.00148148
0
0
0
0.00148148
0
0
0
0
0
0
0.00148148
0
0
0
0
0
0
0
0
0.00148148
0.00148148
0
0
0
0
0
0
0
0.00148148
0
0
0
0
0.00148148
0
0
0
0
0
0
0
0
0
0
0
0
0
0
0.00148148
0
0.00148148
0
0.00148148
0.00148148
0
0
0
0
0
0
0
0
0
0
0
0
0
0
0
0
0.00148148