0
0
0
0
0
0
0
0.00148148
0
0.00148148
0
0.00148148
0.00148148
0
0.00296296
0
0
0
0
0
0
0.00296296
0
0.00148148
0
0.00148148
0
0.00148148
0.00444444
0
0
0.00148148
0
0
0
0
0
0.00148148
0
0
0
0.00148148
0
0.00296296
0
0
0
0
0
0
0
0
0
0
0
0
0
0
0
0
0.00148148
0
0
0
0
0
0.00148148
0.00148148
0.00148148
0
0
0
0
0
0
0
0
0
0.00148148
0
0
0
0
0
0
0
0
0
0
0
0
0
0
0
0
0
0
0
0
0
0
0
0
0
0
0
0
0
0
0
0
0.00148148
0.00148148
0.00148148
0
0
0
0.00148148
0
0
0
0
0
0
0
0
0
0
0.00296296
0
0
0
0.00444444
0
0
0.00296296
0
0.00148148
0.00888889
0.00592593
0.00148148
0.0103704
0.0103704
0.0177778
0.00740741
0.0103704
0.0133333
0.0148148
0.00740741
0.0266667
0.0177778
0.0251852
0.0192593
0.0340741
0.0385185
0.0385185
0.0637037
0.0948148
0.128889
0.0755556
0.0340741
0.0177778
0.0207407
0.0177778
0.00592593
0.0118519
0.0118519
0.00444444
0
0
0.0548148
0
0
0.00148148
0.00296296
0.00148148
0.00148148
0
0.00444444
0.00888889
0
0.0103704
0
0
0.00888889
0
0
0.00444444
0
0.00148148
0
0.0118519
0
0
0
0
0
0
0.00592593
0
0.00148148
0
0.00296296
0
0
0
0
0
0.00148148
0
0.00148148
0
0
0.0103704
0
0
0
0
0.00148148
0
0
0
0
0.00148148
0
0
0
0.00296296
0.00148148
0
0
0
0
0
0
0
0
0
0
0
0
0
0
0
0.00148148
0
0
0
0
0
0
0.00148148
0
0
0
0.00444444