0
0
0
0
0
0
0
0
0
0
0
0.000356379
0
0
0
0.000356379
0
0
0
0
0.000356379
0.00142552
0
0.000356379
0
0
0
0
0.000356379
0
0
0
0.000356379
0
0.000356379
0
0
0
0
0.000356379
0
0
0
0
0
0
0
0
0
0
0
0
0
0
0
0
0
0.000712758
0
0
0
0
0
0
0.000356379
0
0
0
0
0
0
0
0
0
0
0
0
0
0
0
0
0
0
0
0
0
0
0
0
0
0
0
0
0
0
0
0
0
0
0
0
0
0
0
0
0
0.000356379
0
0
0
0
0
0.000356379
0
0
0
0
0
0
0
0
0
0
0
0
0
0
0
0
0
0
0
0
0
0.000712758
0.000356379
0.00106914
0.000356379
0.00142552
0
0.00142552
0
0.00498931
0.00285103
0.000712758
0.0017819
0.0017819
0.00285103
0
0.0128297
0.00427655
0.0114041
0.0203136
0.0263721
0.0253029
0.0274412
0.0466857
0.0356379
0.064861
0.147897
0.122238
0.0645046
0.0320741
0.0224519
0.0167498
0.0110478
0.0067712
0.00997862
0.00356379
0
0.110121
0
0.000712758
0.00249465
0.00106914
0.00106914
0.00106914
0.00784034
0.000356379
0.00962224
0.000712758
0.00712758
0.00392017
0.00106914
0.0203136
0
0
0.00890948
0.00285103
0.00106914
0
0.0253029
0
0.000356379
0.00106914
0
0.00748396
0
0.00392017
0
0
0.000356379
0.00392017
0
0.0017819
0
0
0
0.000356379
0.000712758
0
0
0
0.0138988
0
0
0
0.000712758
0
0.000356379
0
0.000712758
0
0.000712758
0
0
0
0.0017819
0
0
0.000712758
0
0
0
0.00392017
0.000356379
0.000356379
0
0.000356379
0.000356379
0
0.00106914
0.000712758
0
0.000356379
0
0.000356379
0.000356379
0.000356379
0.00106914
0.000712758
0.000356379
0.000356379
0
0.000356379
0.00534569