0
0
0
0.00222222
0.00333333
0.00222222
0.00111111
0
0
0.00444444
0
0
0.00111111
0.00222222
0.00222222
0.00111111
0.00111111
0.00333333
0.00333333
0.00111111
0.00111111
0.00333333
0.00111111
0.00333333
0.00333333
0
0.00444444
0
0.00111111
0
0.00333333
0.00111111
0.00111111
0.00222222
0.00555556
0.00111111
0.00333333
0.00111111
0.00333333
0.00111111
0
0
0
0.00888889
0.00111111
0.00222222
0.00222222
0.00111111
0
0.00222222
0.00111111
0.00333333
0.00222222
0.00222222
0.00444444
0.00222222
0
0.00444444
0.00444444
0.00222222
0.00444444
0.00333333
0.00111111
0.00222222
0.00111111
0.00333333
0.00111111
0.00222222
0.00222222
0.00444444
0
0.00333333
0.00111111
0.00111111
0.00111111
0.00111111
0.00222222
0
0.00333333
0.00111111
0.00111111
0.00222222
0
0
0
0.00222222
0
0
0.00222222
0
0.00111111
0.00111111
0.00111111
0.00111111
0.00222222
0.00111111
0.00333333
0.00333333
0.00111111
0
0
0.00111111
0.00111111
0.00222222
0
0
0.00333333
0
0.00111111
0.00111111
0.00111111
0
0
0
0
0.00222222
0
0
0.00111111
0
0.00111111
0
0
0.00111111
0
0.00111111
0
0
0.06
0.0133333
0.0133333
0.0155556
0.0166667
0.0133333
0.0155556
0.0433333
0.0433333
0.0633333
0.0744444
0.0844444
0.136667
0.0422222
0.00444444
0
0.00222222
0.00333333
0.00222222
0
0.00111111
0.00222222
0
0
0.00333333
0.00333333
0.00111111
0
0.00222222
0
0
0
0.00222222
0.00111111
0.00111111
0
0.00111111
0
0.00111111
0
0
0
0.00666667
0
0
0
0
0.00111111
0
0
0
0.00111111
0
0
0.00111111
0
0
0.00111111
0.00111111
0
0
0
0
0.00222222
0
0
0
0
0
0
0
0
0
0
0
0
0
0
0
0
0
0
0
0
0
0.0122222
0
0
0
0
0.00111111
0
0
0.00111111
0
0
0
0.00111111
0
0.00111111
0
0
0
0
0
0
0
0
0
0.00111111
0.00111111
0
0
0.00111111
0.00111111
0
0
0
0
0
0
0.00222222
0
0
0
0.00111111
0
0.0977778